,x1,x2,x3,x4,x5,x6,x7,x8,x9,x10,y
0,1.8,1.4444444444444444,0.68,1.0,1.3333333333333333,1.3,0.5,1.875,0.3,0.5,1.5
1,1.4444444444444444,0.68,1.0,1.3333333333333333,1.3,0.5,1.875,0.3,0.5,1.5,1.0
2,0.68,1.0,1.3333333333333333,1.3,0.5,1.875,0.3,0.5,1.5,1.0,0.25
3,1.0,1.3333333333333333,1.3,0.5,1.875,0.3,0.5,1.5,1.0,0.25,1.25
4,1.3333333333333333,1.3,0.5,1.875,0.3,0.5,1.5,1.0,0.25,1.25,1.0
5,1.3,0.5,1.875,0.3,0.5,1.5,1.0,0.25,1.25,1.0,1.0
6,0.5,1.875,0.3,0.5,1.5,1.0,0.25,1.25,1.0,1.0,0.0
7,1.875,0.3,0.5,1.5,1.0,0.25,1.25,1.0,1.0,0.0,2.5
8,0.3,0.5,1.5,1.0,0.25,1.25,1.0,1.0,0.0,2.5,0.0
9,0.5,1.5,1.0,0.25,1.25,1.0,1.0,0.0,2.5,0.0,0.6666666666666666
10,1.5,1.0,0.25,1.25,1.0,1.0,0.0,2.5,0.0,0.6666666666666666,0.6
11,1.5833333333333333,1.4634146341463414,0.9,2.3333333333333335,1.3636363636363635,1.0,2.5,0.7777777777777778,0.6666666666666666,0.0,0.5454545454545454
12,1.4634146341463414,0.9,2.3333333333333335,1.3636363636363635,1.0,2.5,0.7777777777777778,0.6666666666666666,0.0,0.5454545454545454,1.5333333333333334
13,0.9,2.3333333333333335,1.3636363636363635,1.0,2.5,0.7777777777777778,0.6666666666666666,0.0,0.5454545454545454,1.5333333333333334,2.5
14,2.3333333333333335,1.3636363636363635,1.0,2.5,0.7777777777777778,0.6666666666666666,0.0,0.5454545454545454,1.5333333333333334,2.5,0.4375
15,1.3636363636363635,1.0,2.5,0.7777777777777778,0.6666666666666666,0.0,0.5454545454545454,1.5333333333333334,2.5,0.4375,0.0
16,1.0,2.5,0.7777777777777778,0.6666666666666666,0.0,0.5454545454545454,1.5333333333333334,2.5,0.4375,0.0,1.2105263157894737
17,2.5,0.7777777777777778,0.6666666666666666,0.0,0.5454545454545454,1.5333333333333334,2.5,0.4375,0.0,1.2105263157894737,1.380952380952381
18,0.7777777777777778,0.6666666666666666,0.0,0.5454545454545454,1.5333333333333334,2.5,0.4375,0.0,1.2105263157894737,1.380952380952381,1.0
19,0.6666666666666666,0.0,0.5454545454545454,1.5333333333333334,2.5,0.4375,0.0,1.2105263157894737,1.380952380952381,1.0,1.4166666666666667
20,0.0,0.5454545454545454,1.5333333333333334,2.5,0.4375,0.0,1.2105263157894737,1.380952380952381,1.0,1.4166666666666667,1.5263157894736843
21,1.0,0.5263157894736842,0.7142857142857143,0.0,0.8571428571428571,0.9347826086956522,1.2380952380952381,0.5,0.0,0.0,1.3461538461538463
22,0.5263157894736842,0.7142857142857143,0.0,0.8571428571428571,0.9347826086956522,1.2380952380952381,0.5,0.0,0.0,1.3461538461538463,1.2777777777777777
23,0.7142857142857143,0.0,0.8571428571428571,0.9347826086956522,1.2380952380952381,0.5,0.0,0.0,1.3461538461538463,1.2777777777777777,1.0909090909090908
24,0.0,0.8571428571428571,0.9347826086956522,1.2380952380952381,0.5,0.0,0.0,1.3461538461538463,1.2777777777777777,1.0909090909090908,0.3333333333333333
25,0.8571428571428571,0.9347826086956522,1.2380952380952381,0.5,0.0,0.0,1.3461538461538463,1.2777777777777777,1.0909090909090908,0.3333333333333333,1.3333333333333333
26,0.9347826086956522,1.2380952380952381,0.5,0.0,0.0,1.3461538461538463,1.2777777777777777,1.0909090909090908,0.3333333333333333,1.3333333333333333,1.0
27,1.2380952380952381,0.5,0.0,0.0,1.3461538461538463,1.2777777777777777,1.0909090909090908,0.3333333333333333,1.3333333333333333,1.0,0.0
28,0.5,0.0,0.0,1.3461538461538463,1.2777777777777777,1.0909090909090908,0.3333333333333333,1.3333333333333333,1.0,0.0,0.8333333333333334
29,0.0,0.0,1.3461538461538463,1.2777777777777777,1.0909090909090908,0.3333333333333333,1.3333333333333333,1.0,0.0,0.8333333333333334,1.1
30,0.0,1.3461538461538463,1.2777777777777777,1.0909090909090908,0.3333333333333333,1.3333333333333333,1.0,0.0,0.8333333333333334,1.1,0.8
31,1.3461538461538463,1.2777777777777777,1.0909090909090908,0.3333333333333333,1.3333333333333333,1.0,0.0,0.8333333333333334,1.1,0.8,2.0
32,1.0,0.0,0.0,1.0,1.1428571428571428,0.0,0.0,1.5,0.0,0.0,1.0416666666666667
33,0.0,0.0,1.0,1.1428571428571428,0.0,0.0,1.5,0.0,0.0,1.0416666666666667,1.0
34,0.0,1.0,1.1428571428571428,0.0,0.0,1.5,0.0,0.0,1.0416666666666667,1.0,0.0
35,1.0,1.1428571428571428,0.0,0.0,1.5,0.0,0.0,1.0416666666666667,1.0,0.0,0.5
36,1.1428571428571428,0.0,0.0,1.5,0.0,0.0,1.0416666666666667,1.0,0.0,0.5,1.5
37,0.0,0.0,1.5,0.0,0.0,1.0416666666666667,1.0,0.0,0.5,1.5,1.5714285714285714
38,0.0,1.5,0.0,0.0,1.0416666666666667,1.0,0.0,0.5,1.5,1.5714285714285714,1.0
39,1.5,0.0,0.0,1.0416666666666667,1.0,0.0,0.5,1.5,1.5714285714285714,1.0,1.4285714285714286
40,0.0,0.0,1.0416666666666667,1.0,0.0,0.5,1.5,1.5714285714285714,1.0,1.4285714285714286,1.0
41,0.0,1.0416666666666667,1.0,0.0,0.5,1.5,1.5714285714285714,1.0,1.4285714285714286,1.0,1.0
42,2.142857142857143,0.6,0.5,1.6666666666666667,1.5357142857142858,1.0,0.5,0.0,1.75,2.076923076923077,2.0
43,0.6,0.5,1.6666666666666667,1.5357142857142858,1.0,0.5,0.0,1.75,2.076923076923077,2.0,0.8125
44,0.5,1.6666666666666667,1.5357142857142858,1.0,0.5,0.0,1.75,2.076923076923077,2.0,0.8125,0.6666666666666666
45,0.0,1.40625,1.5,0.5555555555555556,0.0,1.875,0.0,1.4230769230769231,1.3333333333333333,1.125,1.3666666666666667
46,1.40625,1.5,0.5555555555555556,0.0,1.875,0.0,1.4230769230769231,1.3333333333333333,1.125,1.3666666666666667,1.930232558139535
47,0.0,1.0,0.0,0.0,0.8,1.2,1.0,0.5,2.0,0.5,1.0
48,1.0,0.0,0.0,0.8,1.2,1.0,0.5,2.0,0.5,1.0,0.0
49,0.0,0.0,0.8,1.2,1.0,0.5,2.0,0.5,1.0,0.0,0.4
50,0.0,0.8,1.2,1.0,0.5,2.0,0.5,1.0,0.0,0.4,0.0
51,0.0,0.0,0.0,2.4,1.0714285714285714,0.0,0.1,0.5,0.5,0.0,0.16666666666666666
52,0.0,0.0,2.4,1.0714285714285714,0.0,0.1,0.5,0.5,0.0,0.16666666666666666,0.0
53,2.0,1.8888888888888888,0.0,1.0,2.0,1.3636363636363635,0.0,0.0,0.625,0.0,1.0
54,1.8888888888888888,0.0,1.0,2.0,1.3636363636363635,0.0,0.0,0.625,0.0,1.0,0.5
55,0.0,1.0,2.0,1.3636363636363635,0.0,0.0,0.625,0.0,1.0,0.5,-0.0
56,1.0,2.0,1.3636363636363635,0.0,0.0,0.625,0.0,1.0,0.5,-0.0,0.7142857142857143
57,2.0,1.3636363636363635,0.0,0.0,0.625,0.0,1.0,0.5,-0.0,0.7142857142857143,1.0
58,1.3636363636363635,0.0,0.0,0.625,0.0,1.0,0.5,-0.0,0.7142857142857143,1.0,1.0
59,0.0,0.0,0.625,0.0,1.0,0.5,-0.0,0.7142857142857143,1.0,1.0,1.5714285714285714
60,0.0,0.625,0.0,1.0,0.5,-0.0,0.7142857142857143,1.0,1.0,1.5714285714285714,1.0
61,1.1111111111111112,2.391304347826087,0.2,0.38461538461538464,1.7142857142857142,1.911764705882353,1.5675675675675675,1.5357142857142858,1.3846153846153846,0.9375,1.2857142857142858
62,2.391304347826087,0.2,0.38461538461538464,1.7142857142857142,1.911764705882353,1.5675675675675675,1.5357142857142858,1.3846153846153846,0.9375,1.2857142857142858,1.7142857142857142
63,0.2,0.38461538461538464,1.7142857142857142,1.911764705882353,1.5675675675675675,1.5357142857142858,1.3846153846153846,0.9375,1.2857142857142858,1.7142857142857142,0.0
64,0.38461538461538464,1.7142857142857142,1.911764705882353,1.5675675675675675,1.5357142857142858,1.3846153846153846,0.9375,1.2857142857142858,1.7142857142857142,0.0,1.4285714285714286
65,1.7142857142857142,1.911764705882353,1.5675675675675675,1.5357142857142858,1.3846153846153846,0.9375,1.2857142857142858,1.7142857142857142,0.0,1.4285714285714286,0.7692307692307693
66,1.911764705882353,1.5675675675675675,1.5357142857142858,1.3846153846153846,0.9375,1.2857142857142858,1.7142857142857142,0.0,1.4285714285714286,0.7692307692307693,0.0
67,1.5675675675675675,1.5357142857142858,1.3846153846153846,0.9375,1.2857142857142858,1.7142857142857142,0.0,1.4285714285714286,0.7692307692307693,0.0,1.0930232558139534
68,1.5357142857142858,1.3846153846153846,0.9375,1.2857142857142858,1.7142857142857142,0.0,1.4285714285714286,0.7692307692307693,0.0,1.0930232558139534,1.0666666666666667
69,1.3846153846153846,0.9375,1.2857142857142858,1.7142857142857142,0.0,1.4285714285714286,0.7692307692307693,0.0,1.0930232558139534,1.0666666666666667,2.25
70,0.9375,1.2857142857142858,1.7142857142857142,0.0,1.4285714285714286,0.7692307692307693,0.0,1.0930232558139534,1.0666666666666667,2.25,1.5483870967741935
71,1.2857142857142858,1.7142857142857142,0.0,1.4285714285714286,0.7692307692307693,0.0,1.0930232558139534,1.0666666666666667,2.25,1.5483870967741935,0.16666666666666666
72,1.7142857142857142,0.0,1.4285714285714286,0.7692307692307693,0.0,1.0930232558139534,1.0666666666666667,2.25,1.5483870967741935,0.16666666666666666,1.5
73,0.0,1.4285714285714286,0.7692307692307693,0.0,1.0930232558139534,1.0666666666666667,2.25,1.5483870967741935,0.16666666666666666,1.5,1.7058823529411764
74,1.4285714285714286,0.7692307692307693,0.0,1.0930232558139534,1.0666666666666667,2.25,1.5483870967741935,0.16666666666666666,1.5,1.7058823529411764,0.5555555555555556
75,0.7692307692307693,0.0,1.0930232558139534,1.0666666666666667,2.25,1.5483870967741935,0.16666666666666666,1.5,1.7058823529411764,0.5555555555555556,1.263157894736842
76,0.0,1.0930232558139534,1.0666666666666667,2.25,1.5483870967741935,0.16666666666666666,1.5,1.7058823529411764,0.5555555555555556,1.263157894736842,0.3333333333333333
77,0.0,0.6666666666666666,1.5,1.0,0.0,0.0,0.3333333333333333,1.0,3.0,0.375,1.2857142857142858
78,0.6666666666666666,1.5,1.0,0.0,0.0,0.3333333333333333,1.0,3.0,0.375,1.2857142857142858,0.0
79,1.5,1.0,0.0,0.0,0.3333333333333333,1.0,3.0,0.375,1.2857142857142858,0.0,0.0
80,0.7727272727272727,0.0,0.0,1.3333333333333333,0.0,1.1714285714285715,1.6111111111111112,0.75,0.875,1.4,1.8
81,0.0,0.0,1.3333333333333333,0.0,1.1714285714285715,1.6111111111111112,0.75,0.875,1.4,1.8,1.2105263157894737
82,0.0,1.3333333333333333,0.0,1.1714285714285715,1.6111111111111112,0.75,0.875,1.4,1.8,1.2105263157894737,0.2
83,1.3333333333333333,0.0,1.1714285714285715,1.6111111111111112,0.75,0.875,1.4,1.8,1.2105263157894737,0.2,0.8947368421052632
84,0.0,1.1714285714285715,1.6111111111111112,0.75,0.875,1.4,1.8,1.2105263157894737,0.2,0.8947368421052632,0.7058823529411765
85,1.1714285714285715,1.6111111111111112,0.75,0.875,1.4,1.8,1.2105263157894737,0.2,0.8947368421052632,0.7058823529411765,0.9285714285714286
86,1.6111111111111112,0.75,0.875,1.4,1.8,1.2105263157894737,0.2,0.8947368421052632,0.7058823529411765,0.9285714285714286,1.25
87,0.75,0.875,1.4,1.8,1.2105263157894737,0.2,0.8947368421052632,0.7058823529411765,0.9285714285714286,1.25,0.0
88,0.875,1.4,1.8,1.2105263157894737,0.2,0.8947368421052632,0.7058823529411765,0.9285714285714286,1.25,0.0,0.2222222222222222
89,1.4,1.8,1.2105263157894737,0.2,0.8947368421052632,0.7058823529411765,0.9285714285714286,1.25,0.0,0.2222222222222222,0.9487179487179487
90,0.3333333333333333,0.8,1.05,1.5,1.5263157894736843,1.625,1.7333333333333334,1.1111111111111112,1.037037037037037,0.2,0.9615384615384616
91,0.8,1.05,1.5,1.5263157894736843,1.625,1.7333333333333334,1.1111111111111112,1.037037037037037,0.2,0.9615384615384616,1.5833333333333333
92,1.05,1.5,1.5263157894736843,1.625,1.7333333333333334,1.1111111111111112,1.037037037037037,0.2,0.9615384615384616,1.5833333333333333,0.0
93,1.5,1.5263157894736843,1.625,1.7333333333333334,1.1111111111111112,1.037037037037037,0.2,0.9615384615384616,1.5833333333333333,0.0,1.7333333333333334
94,1.5263157894736843,1.625,1.7333333333333334,1.1111111111111112,1.037037037037037,0.2,0.9615384615384616,1.5833333333333333,0.0,1.7333333333333334,0.0
95,1.625,1.7333333333333334,1.1111111111111112,1.037037037037037,0.2,0.9615384615384616,1.5833333333333333,0.0,1.7333333333333334,0.0,1.7142857142857142
96,0.5,3.0,0.3333333333333333,1.5,0.16666666666666666,2.0,0.0,1.6666666666666667,1.6428571428571428,1.0,0.0
97,1.0344827586206897,1.4285714285714286,0.5,1.7272727272727273,2.0,0.8888888888888888,0.75,0.8571428571428571,0.55,1.3461538461538463,1.3333333333333333
98,1.4285714285714286,0.5,1.7272727272727273,2.0,0.8888888888888888,0.75,0.8571428571428571,0.55,1.3461538461538463,1.3333333333333333,1.3333333333333333
99,0.5,1.7272727272727273,2.0,0.8888888888888888,0.75,0.8571428571428571,0.55,1.3461538461538463,1.3333333333333333,1.3333333333333333,1.2307692307692308
100,0.4,0.5,2.4,1.9090909090909092,1.1666666666666667,1.375,2.7142857142857144,0.4444444444444444,1.2941176470588236,1.0,1.5294117647058822
101,0.5,2.4,1.9090909090909092,1.1666666666666667,1.375,2.7142857142857144,0.4444444444444444,1.2941176470588236,1.0,1.5294117647058822,2.090909090909091
102,2.4,1.9090909090909092,1.1666666666666667,1.375,2.7142857142857144,0.4444444444444444,1.2941176470588236,1.0,1.5294117647058822,2.090909090909091,1.391304347826087
103,1.9090909090909092,1.1666666666666667,1.375,2.7142857142857144,0.4444444444444444,1.2941176470588236,1.0,1.5294117647058822,2.090909090909091,1.391304347826087,1.5185185185185186
104,1.1666666666666667,1.375,2.7142857142857144,0.4444444444444444,1.2941176470588236,1.0,1.5294117647058822,2.090909090909091,1.391304347826087,1.5185185185185186,3.5714285714285716
105,1.375,2.7142857142857144,0.4444444444444444,1.2941176470588236,1.0,1.5294117647058822,2.090909090909091,1.391304347826087,1.5185185185185186,3.5714285714285716,2.1
106,2.7142857142857144,0.4444444444444444,1.2941176470588236,1.0,1.5294117647058822,2.090909090909091,1.391304347826087,1.5185185185185186,3.5714285714285716,2.1,0.0
107,0.4444444444444444,1.2941176470588236,1.0,1.5294117647058822,2.090909090909091,1.391304347826087,1.5185185185185186,3.5714285714285716,2.1,0.0,1.5714285714285714
108,1.2941176470588236,1.0,1.5294117647058822,2.090909090909091,1.391304347826087,1.5185185185185186,3.5714285714285716,2.1,0.0,1.5714285714285714,1.0869565217391304
109,1.0,1.5294117647058822,2.090909090909091,1.391304347826087,1.5185185185185186,3.5714285714285716,2.1,0.0,1.5714285714285714,1.0869565217391304,1.8148148148148149
110,1.5294117647058822,2.090909090909091,1.391304347826087,1.5185185185185186,3.5714285714285716,2.1,0.0,1.5714285714285714,1.0869565217391304,1.8148148148148149,2.142857142857143
111,2.090909090909091,1.391304347826087,1.5185185185185186,3.5714285714285716,2.1,0.0,1.5714285714285714,1.0869565217391304,1.8148148148148149,2.142857142857143,2.111111111111111
112,1.391304347826087,1.5185185185185186,3.5714285714285716,2.1,0.0,1.5714285714285714,1.0869565217391304,1.8148148148148149,2.142857142857143,2.111111111111111,1.6875
113,1.5185185185185186,3.5714285714285716,2.1,0.0,1.5714285714285714,1.0869565217391304,1.8148148148148149,2.142857142857143,2.111111111111111,1.6875,1.8
114,1.1666666666666667,0.9047619047619048,0.7692307692307693,0.0,0.4444444444444444,1.2142857142857142,0.4090909090909091,0.0,0.3333333333333333,1.5862068965517242,0.2
115,0.9047619047619048,0.7692307692307693,0.0,0.4444444444444444,1.2142857142857142,0.4090909090909091,0.0,0.3333333333333333,1.5862068965517242,0.2,1.25
116,0.7692307692307693,0.0,0.4444444444444444,1.2142857142857142,0.4090909090909091,0.0,0.3333333333333333,1.5862068965517242,0.2,1.25,1.08
117,0.0,0.4444444444444444,1.2142857142857142,0.4090909090909091,0.0,0.3333333333333333,1.5862068965517242,0.2,1.25,1.08,0.7857142857142857
118,0.4444444444444444,1.2142857142857142,0.4090909090909091,0.0,0.3333333333333333,1.5862068965517242,0.2,1.25,1.08,0.7857142857142857,0.0
119,1.2142857142857142,0.4090909090909091,0.0,0.3333333333333333,1.5862068965517242,0.2,1.25,1.08,0.7857142857142857,0.0,1.1590909090909092
120,0.4090909090909091,0.0,0.3333333333333333,1.5862068965517242,0.2,1.25,1.08,0.7857142857142857,0.0,1.1590909090909092,1.9444444444444444
121,0.0,0.3333333333333333,1.5862068965517242,0.2,1.25,1.08,0.7857142857142857,0.0,1.1590909090909092,1.9444444444444444,0.9166666666666666
122,0.3333333333333333,1.5862068965517242,0.2,1.25,1.08,0.7857142857142857,0.0,1.1590909090909092,1.9444444444444444,0.9166666666666666,1.3846153846153846
123,1.5862068965517242,0.2,1.25,1.08,0.7857142857142857,0.0,1.1590909090909092,1.9444444444444444,0.9166666666666666,1.3846153846153846,0.9230769230769231
124,0.2,1.25,1.08,0.7857142857142857,0.0,1.1590909090909092,1.9444444444444444,0.9166666666666666,1.3846153846153846,0.9230769230769231,0.5
125,1.25,1.08,0.7857142857142857,0.0,1.1590909090909092,1.9444444444444444,0.9166666666666666,1.3846153846153846,0.9230769230769231,0.5,inf
126,1.08,0.7857142857142857,0.0,1.1590909090909092,1.9444444444444444,0.9166666666666666,1.3846153846153846,0.9230769230769231,0.5,inf,1.0357142857142858
127,0.7857142857142857,0.0,1.1590909090909092,1.9444444444444444,0.9166666666666666,1.3846153846153846,0.9230769230769231,0.5,inf,1.0357142857142858,0.25
128,0.0,1.1590909090909092,1.9444444444444444,0.9166666666666666,1.3846153846153846,0.9230769230769231,0.5,inf,1.0357142857142858,0.25,1.2083333333333333
129,1.1590909090909092,1.9444444444444444,0.9166666666666666,1.3846153846153846,0.9230769230769231,0.5,inf,1.0357142857142858,0.25,1.2083333333333333,0.3333333333333333
130,1.9444444444444444,0.9166666666666666,1.3846153846153846,0.9230769230769231,0.5,inf,1.0357142857142858,0.25,1.2083333333333333,0.3333333333333333,1.1
131,0.9166666666666666,1.3846153846153846,0.9230769230769231,0.5,inf,1.0357142857142858,0.25,1.2083333333333333,0.3333333333333333,1.1,1.2727272727272727
132,1.3846153846153846,0.9230769230769231,0.5,inf,1.0357142857142858,0.25,1.2083333333333333,0.3333333333333333,1.1,1.2727272727272727,1.1428571428571428
133,0.9230769230769231,0.5,inf,1.0357142857142858,0.25,1.2083333333333333,0.3333333333333333,1.1,1.2727272727272727,1.1428571428571428,0.5714285714285714
134,0.5,inf,1.0357142857142858,0.25,1.2083333333333333,0.3333333333333333,1.1,1.2727272727272727,1.1428571428571428,0.5714285714285714,1.6428571428571428
135,inf,1.0357142857142858,0.25,1.2083333333333333,0.3333333333333333,1.1,1.2727272727272727,1.1428571428571428,0.5714285714285714,1.6428571428571428,1.0714285714285714
136,1.0357142857142858,0.25,1.2083333333333333,0.3333333333333333,1.1,1.2727272727272727,1.1428571428571428,0.5714285714285714,1.6428571428571428,1.0714285714285714,1.4285714285714286
137,0.25,1.2083333333333333,0.3333333333333333,1.1,1.2727272727272727,1.1428571428571428,0.5714285714285714,1.6428571428571428,1.0714285714285714,1.4285714285714286,0.5
138,1.2083333333333333,0.3333333333333333,1.1,1.2727272727272727,1.1428571428571428,0.5714285714285714,1.6428571428571428,1.0714285714285714,1.4285714285714286,0.5,0.8947368421052632
139,0.3333333333333333,1.1,1.2727272727272727,1.1428571428571428,0.5714285714285714,1.6428571428571428,1.0714285714285714,1.4285714285714286,0.5,0.8947368421052632,1.4705882352941178
140,1.1,1.2727272727272727,1.1428571428571428,0.5714285714285714,1.6428571428571428,1.0714285714285714,1.4285714285714286,0.5,0.8947368421052632,1.4705882352941178,0.7777777777777778
141,1.2727272727272727,1.1428571428571428,0.5714285714285714,1.6428571428571428,1.0714285714285714,1.4285714285714286,0.5,0.8947368421052632,1.4705882352941178,0.7777777777777778,0.9310344827586207
142,1.1428571428571428,0.5714285714285714,1.6428571428571428,1.0714285714285714,1.4285714285714286,0.5,0.8947368421052632,1.4705882352941178,0.7777777777777778,0.9310344827586207,1.8541666666666667
143,0.6666666666666666,0.9545454545454546,1.0454545454545454,1.0,0.9333333333333333,1.7272727272727273,1.0,0.0,2.0,2.75,1.0
144,0.9545454545454546,1.0454545454545454,1.0,0.9333333333333333,1.7272727272727273,1.0,0.0,2.0,2.75,1.0,1.5
145,1.0454545454545454,1.0,0.9333333333333333,1.7272727272727273,1.0,0.0,2.0,2.75,1.0,1.5,1.0555555555555556
146,1.0,0.9333333333333333,1.7272727272727273,1.0,0.0,2.0,2.75,1.0,1.5,1.0555555555555556,0.6666666666666666
147,0.9333333333333333,1.7272727272727273,1.0,0.0,2.0,2.75,1.0,1.5,1.0555555555555556,0.6666666666666666,1.6
148,1.7272727272727273,1.0,0.0,2.0,2.75,1.0,1.5,1.0555555555555556,0.6666666666666666,1.6,1.5555555555555556
149,1.0,0.0,2.0,2.75,1.0,1.5,1.0555555555555556,0.6666666666666666,1.6,1.5555555555555556,0.9333333333333333
150,0.0,2.0,2.75,1.0,1.5,1.0555555555555556,0.6666666666666666,1.6,1.5555555555555556,0.9333333333333333,1.25
151,2.0,2.75,1.0,1.5,1.0555555555555556,0.6666666666666666,1.6,1.5555555555555556,0.9333333333333333,1.25,0.3076923076923077
152,2.75,1.0,1.5,1.0555555555555556,0.6666666666666666,1.6,1.5555555555555556,0.9333333333333333,1.25,0.3076923076923077,1.0
153,1.0,1.5,1.0555555555555556,0.6666666666666666,1.6,1.5555555555555556,0.9333333333333333,1.25,0.3076923076923077,1.0,2.5
154,1.5,1.0555555555555556,0.6666666666666666,1.6,1.5555555555555556,0.9333333333333333,1.25,0.3076923076923077,1.0,2.5,2.3333333333333335
155,0.0,2.5555555555555554,1.0,1.0,1.1111111111111112,0.2222222222222222,0.5,0.0,0.6666666666666666,1.9,2.6666666666666665
156,2.5555555555555554,1.0,1.0,1.1111111111111112,0.2222222222222222,0.5,0.0,0.6666666666666666,1.9,2.6666666666666665,3.25
157,1.0,1.0,1.1111111111111112,0.2222222222222222,0.5,0.0,0.6666666666666666,1.9,2.6666666666666665,3.25,1.0
158,1.0,1.1111111111111112,0.2222222222222222,0.5,0.0,0.6666666666666666,1.9,2.6666666666666665,3.25,1.0,0.0
159,1.1111111111111112,0.2222222222222222,0.5,0.0,0.6666666666666666,1.9,2.6666666666666665,3.25,1.0,0.0,1.3333333333333333
160,0.2222222222222222,0.5,0.0,0.6666666666666666,1.9,2.6666666666666665,3.25,1.0,0.0,1.3333333333333333,2.6666666666666665
161,0.5,0.0,0.6666666666666666,1.9,2.6666666666666665,3.25,1.0,0.0,1.3333333333333333,2.6666666666666665,1.0
162,0.0,0.6666666666666666,1.9,2.6666666666666665,3.25,1.0,0.0,1.3333333333333333,2.6666666666666665,1.0,1.3333333333333333
163,0.6666666666666666,1.9,2.6666666666666665,3.25,1.0,0.0,1.3333333333333333,2.6666666666666665,1.0,1.3333333333333333,1.2
164,1.9,2.6666666666666665,3.25,1.0,0.0,1.3333333333333333,2.6666666666666665,1.0,1.3333333333333333,1.2,0.0
165,1.5909090909090908,1.4615384615384615,0.3333333333333333,2.25,0.7,1.4285714285714286,0.3333333333333333,1.911764705882353,0.5,1.125,1.8571428571428572
166,1.4615384615384615,0.3333333333333333,2.25,0.7,1.4285714285714286,0.3333333333333333,1.911764705882353,0.5,1.125,1.8571428571428572,0.25
167,0.3333333333333333,2.25,0.7,1.4285714285714286,0.3333333333333333,1.911764705882353,0.5,1.125,1.8571428571428572,0.25,2.0
168,2.25,0.7,1.4285714285714286,0.3333333333333333,1.911764705882353,0.5,1.125,1.8571428571428572,0.25,2.0,0.0
169,0.7,1.4285714285714286,0.3333333333333333,1.911764705882353,0.5,1.125,1.8571428571428572,0.25,2.0,0.0,1.7777777777777777
170,1.4285714285714286,0.3333333333333333,1.911764705882353,0.5,1.125,1.8571428571428572,0.25,2.0,0.0,1.7777777777777777,1.5625
171,0.3333333333333333,1.911764705882353,0.5,1.125,1.8571428571428572,0.25,2.0,0.0,1.7777777777777777,1.5625,1.625
172,1.911764705882353,0.5,1.125,1.8571428571428572,0.25,2.0,0.0,1.7777777777777777,1.5625,1.625,0.8
173,0.5,1.125,1.8571428571428572,0.25,2.0,0.0,1.7777777777777777,1.5625,1.625,0.8,0.8461538461538461
174,1.125,1.8571428571428572,0.25,2.0,0.0,1.7777777777777777,1.5625,1.625,0.8,0.8461538461538461,0.5
175,1.8571428571428572,0.25,2.0,0.0,1.7777777777777777,1.5625,1.625,0.8,0.8461538461538461,0.5,0.0
176,0.25,2.0,0.0,1.7777777777777777,1.5625,1.625,0.8,0.8461538461538461,0.5,0.0,1.2777777777777777
177,2.0,0.0,1.7777777777777777,1.5625,1.625,0.8,0.8461538461538461,0.5,0.0,1.2777777777777777,2.357142857142857
178,0.0,1.7777777777777777,1.5625,1.625,0.8,0.8461538461538461,0.5,0.0,1.2777777777777777,2.357142857142857,3.125
179,1.7777777777777777,1.5625,1.625,0.8,0.8461538461538461,0.5,0.0,1.2777777777777777,2.357142857142857,3.125,1.1428571428571428
180,1.5625,1.625,0.8,0.8461538461538461,0.5,0.0,1.2777777777777777,2.357142857142857,3.125,1.1428571428571428,0.5
181,1.625,0.8,0.8461538461538461,0.5,0.0,1.2777777777777777,2.357142857142857,3.125,1.1428571428571428,0.5,0.0
182,0.8,0.8461538461538461,0.5,0.0,1.2777777777777777,2.357142857142857,3.125,1.1428571428571428,0.5,0.0,0.0
183,0.8461538461538461,0.5,0.0,1.2777777777777777,2.357142857142857,3.125,1.1428571428571428,0.5,0.0,0.0,1.0
184,0.5,0.0,1.2777777777777777,2.357142857142857,3.125,1.1428571428571428,0.5,0.0,0.0,1.0,2.111111111111111
185,0.0,1.2777777777777777,2.357142857142857,3.125,1.1428571428571428,0.5,0.0,0.0,1.0,2.111111111111111,1.9166666666666667
186,1.2777777777777777,2.357142857142857,3.125,1.1428571428571428,0.5,0.0,0.0,1.0,2.111111111111111,1.9166666666666667,0.5833333333333334
187,2.357142857142857,3.125,1.1428571428571428,0.5,0.0,0.0,1.0,2.111111111111111,1.9166666666666667,0.5833333333333334,2.25
188,3.125,1.1428571428571428,0.5,0.0,0.0,1.0,2.111111111111111,1.9166666666666667,0.5833333333333334,2.25,0.625
189,1.1428571428571428,0.5,0.0,0.0,1.0,2.111111111111111,1.9166666666666667,0.5833333333333334,2.25,0.625,1.3333333333333333
190,0.5,0.0,0.0,1.0,2.111111111111111,1.9166666666666667,0.5833333333333334,2.25,0.625,1.3333333333333333,1.5
191,0.0,0.0,1.0,2.111111111111111,1.9166666666666667,0.5833333333333334,2.25,0.625,1.3333333333333333,1.5,1.4838709677419355
192,0.0,1.0,2.111111111111111,1.9166666666666667,0.5833333333333334,2.25,0.625,1.3333333333333333,1.5,1.4838709677419355,1.3
193,1.0,2.111111111111111,1.9166666666666667,0.5833333333333334,2.25,0.625,1.3333333333333333,1.5,1.4838709677419355,1.3,1.6111111111111112
194,2.111111111111111,1.9166666666666667,0.5833333333333334,2.25,0.625,1.3333333333333333,1.5,1.4838709677419355,1.3,1.6111111111111112,1.2352941176470589
195,1.9166666666666667,0.5833333333333334,2.25,0.625,1.3333333333333333,1.5,1.4838709677419355,1.3,1.6111111111111112,1.2352941176470589,1.0
196,0.5833333333333334,2.25,0.625,1.3333333333333333,1.5,1.4838709677419355,1.3,1.6111111111111112,1.2352941176470589,1.0,0.0
197,2.25,0.625,1.3333333333333333,1.5,1.4838709677419355,1.3,1.6111111111111112,1.2352941176470589,1.0,0.0,1.3714285714285714
198,0.625,1.3333333333333333,1.5,1.4838709677419355,1.3,1.6111111111111112,1.2352941176470589,1.0,0.0,1.3714285714285714,1.2592592592592593
199,1.3333333333333333,1.5,1.4838709677419355,1.3,1.6111111111111112,1.2352941176470589,1.0,0.0,1.3714285714285714,1.2592592592592593,0.0
200,1.5,1.4838709677419355,1.3,1.6111111111111112,1.2352941176470589,1.0,0.0,1.3714285714285714,1.2592592592592593,0.0,1.631578947368421
201,1.4838709677419355,1.3,1.6111111111111112,1.2352941176470589,1.0,0.0,1.3714285714285714,1.2592592592592593,0.0,1.631578947368421,1.3529411764705883
202,1.3,1.6111111111111112,1.2352941176470589,1.0,0.0,1.3714285714285714,1.2592592592592593,0.0,1.631578947368421,1.3529411764705883,0.375
203,1.6111111111111112,1.2352941176470589,1.0,0.0,1.3714285714285714,1.2592592592592593,0.0,1.631578947368421,1.3529411764705883,0.375,1.6666666666666667
204,1.2352941176470589,1.0,0.0,1.3714285714285714,1.2592592592592593,0.0,1.631578947368421,1.3529411764705883,0.375,1.6666666666666667,1.2352941176470589
205,1.0,0.0,1.3714285714285714,1.2592592592592593,0.0,1.631578947368421,1.3529411764705883,0.375,1.6666666666666667,1.2352941176470589,1.875
206,0.0,1.3714285714285714,1.2592592592592593,0.0,1.631578947368421,1.3529411764705883,0.375,1.6666666666666667,1.2352941176470589,1.875,1.85
207,2.6666666666666665,0.5714285714285714,1.7777777777777777,0.0,1.375,3.25,0.5,0.5,0.0,2.888888888888889,1.2
208,0.5714285714285714,1.7777777777777777,0.0,1.375,3.25,0.5,0.5,0.0,2.888888888888889,1.2,0.8
209,1.7777777777777777,0.0,1.375,3.25,0.5,0.5,0.0,2.888888888888889,1.2,0.8,1.2307692307692308
210,0.0,1.375,3.25,0.5,0.5,0.0,2.888888888888889,1.2,0.8,1.2307692307692308,0.0
211,1.375,3.25,0.5,0.5,0.0,2.888888888888889,1.2,0.8,1.2307692307692308,0.0,1.625
212,3.25,0.5,0.5,0.0,2.888888888888889,1.2,0.8,1.2307692307692308,0.0,1.625,1.6206896551724137
213,0.5,0.5,0.0,2.888888888888889,1.2,0.8,1.2307692307692308,0.0,1.625,1.6206896551724137,1.0
214,0.5,0.0,2.888888888888889,1.2,0.8,1.2307692307692308,0.0,1.625,1.6206896551724137,1.0,0.625
215,0.0,2.888888888888889,1.2,0.8,1.2307692307692308,0.0,1.625,1.6206896551724137,1.0,0.625,0.7333333333333333
216,2.888888888888889,1.2,0.8,1.2307692307692308,0.0,1.625,1.6206896551724137,1.0,0.625,0.7333333333333333,0.5
217,1.2,0.8,1.2307692307692308,0.0,1.625,1.6206896551724137,1.0,0.625,0.7333333333333333,0.5,1.1111111111111112
218,0.8,1.2307692307692308,0.0,1.625,1.6206896551724137,1.0,0.625,0.7333333333333333,0.5,1.1111111111111112,0.2222222222222222
219,1.2307692307692308,0.0,1.625,1.6206896551724137,1.0,0.625,0.7333333333333333,0.5,1.1111111111111112,0.2222222222222222,1.0
220,0.0,1.625,1.6206896551724137,1.0,0.625,0.7333333333333333,0.5,1.1111111111111112,0.2222222222222222,1.0,0.8571428571428571
221,1.625,1.6206896551724137,1.0,0.625,0.7333333333333333,0.5,1.1111111111111112,0.2222222222222222,1.0,0.8571428571428571,1.2222222222222223
222,1.6206896551724137,1.0,0.625,0.7333333333333333,0.5,1.1111111111111112,0.2222222222222222,1.0,0.8571428571428571,1.2222222222222223,1.0
223,1.0,0.625,0.7333333333333333,0.5,1.1111111111111112,0.2222222222222222,1.0,0.8571428571428571,1.2222222222222223,1.0,1.3333333333333333
224,0.42857142857142855,0.5,1.0,0.625,1.0,1.0,0.5,0.0,0.4444444444444444,0.0,0.3333333333333333
225,0.5,1.0,0.625,1.0,1.0,0.5,0.0,0.4444444444444444,0.0,0.3333333333333333,0.3333333333333333
226,1.0,0.625,1.0,1.0,0.5,0.0,0.4444444444444444,0.0,0.3333333333333333,0.3333333333333333,1.0
227,0.625,1.0,1.0,0.5,0.0,0.4444444444444444,0.0,0.3333333333333333,0.3333333333333333,1.0,0.3333333333333333
228,1.0,1.0,0.5,0.0,0.4444444444444444,0.0,0.3333333333333333,0.3333333333333333,1.0,0.3333333333333333,-0.0
229,1.0,0.5,0.0,0.4444444444444444,0.0,0.3333333333333333,0.3333333333333333,1.0,0.3333333333333333,-0.0,0.38095238095238093
230,0.5,0.0,0.4444444444444444,0.0,0.3333333333333333,0.3333333333333333,1.0,0.3333333333333333,-0.0,0.38095238095238093,0.3333333333333333
231,0.0,0.0,0.2857142857142857,0.2,0.0,0.0,0.3333333333333333,0.5,0.6666666666666666,0.0,0.2857142857142857
232,0.0,0.2857142857142857,0.2,0.0,0.0,0.3333333333333333,0.5,0.6666666666666666,0.0,0.2857142857142857,0.0
233,0.2857142857142857,0.2,0.0,0.0,0.3333333333333333,0.5,0.6666666666666666,0.0,0.2857142857142857,0.0,1.2
234,0.2,0.0,0.0,0.3333333333333333,0.5,0.6666666666666666,0.0,0.2857142857142857,0.0,1.2,0.75
235,0.0,0.0,0.3333333333333333,0.5,0.6666666666666666,0.0,0.2857142857142857,0.0,1.2,0.75,0.25
236,0.0,0.3333333333333333,0.5,0.6666666666666666,0.0,0.2857142857142857,0.0,1.2,0.75,0.25,1.0
237,0.3333333333333333,0.5,0.6666666666666666,0.0,0.2857142857142857,0.0,1.2,0.75,0.25,1.0,0.6666666666666666
238,0.5,0.6666666666666666,0.0,0.2857142857142857,0.0,1.2,0.75,0.25,1.0,0.6666666666666666,0.0
239,0.6666666666666666,0.0,0.2857142857142857,0.0,1.2,0.75,0.25,1.0,0.6666666666666666,0.0,0.375
240,0.0,0.2857142857142857,0.0,1.2,0.75,0.25,1.0,0.6666666666666666,0.0,0.375,1.0
241,1.0833333333333333,1.88,1.4827586206896552,1.3529411764705883,1.5833333333333333,0.5,0.0,2.0,1.6363636363636365,1.3235294117647058,0.5714285714285714
242,1.88,1.4827586206896552,1.3529411764705883,1.5833333333333333,0.5,0.0,2.0,1.6363636363636365,1.3235294117647058,0.5714285714285714,0.6363636363636364
243,1.4827586206896552,1.3529411764705883,1.5833333333333333,0.5,0.0,2.0,1.6363636363636365,1.3235294117647058,0.5714285714285714,0.6363636363636364,1.6666666666666667
244,1.3529411764705883,1.5833333333333333,0.5,0.0,2.0,1.6363636363636365,1.3235294117647058,0.5714285714285714,0.6363636363636364,1.6666666666666667,2.3333333333333335
245,1.5833333333333333,0.5,0.0,2.0,1.6363636363636365,1.3235294117647058,0.5714285714285714,0.6363636363636364,1.6666666666666667,2.3333333333333335,1.52
246,0.5,0.0,2.0,1.6363636363636365,1.3235294117647058,0.5714285714285714,0.6363636363636364,1.6666666666666667,2.3333333333333335,1.52,1.5
247,0.0,2.0,1.6363636363636365,1.3235294117647058,0.5714285714285714,0.6363636363636364,1.6666666666666667,2.3333333333333335,1.52,1.5,1.064516129032258
248,2.0,1.6363636363636365,1.3235294117647058,0.5714285714285714,0.6363636363636364,1.6666666666666667,2.3333333333333335,1.52,1.5,1.064516129032258,1.0285714285714285
249,1.6363636363636365,1.3235294117647058,0.5714285714285714,0.6363636363636364,1.6666666666666667,2.3333333333333335,1.52,1.5,1.064516129032258,1.0285714285714285,1.037037037037037
250,1.3235294117647058,0.5714285714285714,0.6363636363636364,1.6666666666666667,2.3333333333333335,1.52,1.5,1.064516129032258,1.0285714285714285,1.037037037037037,1.9090909090909092
251,0.5714285714285714,0.6363636363636364,1.6666666666666667,2.3333333333333335,1.52,1.5,1.064516129032258,1.0285714285714285,1.037037037037037,1.9090909090909092,1.4090909090909092
252,0.6363636363636364,1.6666666666666667,2.3333333333333335,1.52,1.5,1.064516129032258,1.0285714285714285,1.037037037037037,1.9090909090909092,1.4090909090909092,0.5
253,1.6666666666666667,2.3333333333333335,1.52,1.5,1.064516129032258,1.0285714285714285,1.037037037037037,1.9090909090909092,1.4090909090909092,0.5,1.7708333333333333
254,2.3333333333333335,1.52,1.5,1.064516129032258,1.0285714285714285,1.037037037037037,1.9090909090909092,1.4090909090909092,0.5,1.7708333333333333,1.7941176470588236
255,1.52,1.5,1.064516129032258,1.0285714285714285,1.037037037037037,1.9090909090909092,1.4090909090909092,0.5,1.7708333333333333,1.7941176470588236,1.2857142857142858
256,1.5,1.064516129032258,1.0285714285714285,1.037037037037037,1.9090909090909092,1.4090909090909092,0.5,1.7708333333333333,1.7941176470588236,1.2857142857142858,1.0
257,1.064516129032258,1.0285714285714285,1.037037037037037,1.9090909090909092,1.4090909090909092,0.5,1.7708333333333333,1.7941176470588236,1.2857142857142858,1.0,1.1428571428571428
258,1.0285714285714285,1.037037037037037,1.9090909090909092,1.4090909090909092,0.5,1.7708333333333333,1.7941176470588236,1.2857142857142858,1.0,1.1428571428571428,1.48
259,1.037037037037037,1.9090909090909092,1.4090909090909092,0.5,1.7708333333333333,1.7941176470588236,1.2857142857142858,1.0,1.1428571428571428,1.48,1.2083333333333333
260,1.9090909090909092,1.4090909090909092,0.5,1.7708333333333333,1.7941176470588236,1.2857142857142858,1.0,1.1428571428571428,1.48,1.2083333333333333,1.25
261,1.4090909090909092,0.5,1.7708333333333333,1.7941176470588236,1.2857142857142858,1.0,1.1428571428571428,1.48,1.2083333333333333,1.25,0.9473684210526315
262,0.5,1.7708333333333333,1.7941176470588236,1.2857142857142858,1.0,1.1428571428571428,1.48,1.2083333333333333,1.25,0.9473684210526315,2.0317460317460316
263,1.7708333333333333,1.7941176470588236,1.2857142857142858,1.0,1.1428571428571428,1.48,1.2083333333333333,1.25,0.9473684210526315,2.0317460317460316,2.375
264,1.7941176470588236,1.2857142857142858,1.0,1.1428571428571428,1.48,1.2083333333333333,1.25,0.9473684210526315,2.0317460317460316,2.375,0.0
265,1.2857142857142858,1.0,1.1428571428571428,1.48,1.2083333333333333,1.25,0.9473684210526315,2.0317460317460316,2.375,0.0,1.0
266,1.0,1.1428571428571428,1.48,1.2083333333333333,1.25,0.9473684210526315,2.0317460317460316,2.375,0.0,1.0,1.6538461538461537
267,1.1428571428571428,1.48,1.2083333333333333,1.25,0.9473684210526315,2.0317460317460316,2.375,0.0,1.0,1.6538461538461537,0.0
268,1.48,1.2083333333333333,1.25,0.9473684210526315,2.0317460317460316,2.375,0.0,1.0,1.6538461538461537,0.0,0.8947368421052632
269,1.2083333333333333,1.25,0.9473684210526315,2.0317460317460316,2.375,0.0,1.0,1.6538461538461537,0.0,0.8947368421052632,1.4838709677419355
270,1.25,0.9473684210526315,2.0317460317460316,2.375,0.0,1.0,1.6538461538461537,0.0,0.8947368421052632,1.4838709677419355,2.235294117647059
271,0.9473684210526315,2.0317460317460316,2.375,0.0,1.0,1.6538461538461537,0.0,0.8947368421052632,1.4838709677419355,2.235294117647059,2.0
272,2.0317460317460316,2.375,0.0,1.0,1.6538461538461537,0.0,0.8947368421052632,1.4838709677419355,2.235294117647059,2.0,1.9285714285714286
273,2.375,0.0,1.0,1.6538461538461537,0.0,0.8947368421052632,1.4838709677419355,2.235294117647059,2.0,1.9285714285714286,0.4
274,0.0,1.0,1.6538461538461537,0.0,0.8947368421052632,1.4838709677419355,2.235294117647059,2.0,1.9285714285714286,0.4,1.725
275,1.0,1.6538461538461537,0.0,0.8947368421052632,1.4838709677419355,2.235294117647059,2.0,1.9285714285714286,0.4,1.725,2.255813953488372
276,1.6538461538461537,0.0,0.8947368421052632,1.4838709677419355,2.235294117647059,2.0,1.9285714285714286,0.4,1.725,2.255813953488372,2.1666666666666665
277,0.0,0.8947368421052632,1.4838709677419355,2.235294117647059,2.0,1.9285714285714286,0.4,1.725,2.255813953488372,2.1666666666666665,0.5555555555555556
278,0.8947368421052632,1.4838709677419355,2.235294117647059,2.0,1.9285714285714286,0.4,1.725,2.255813953488372,2.1666666666666665,0.5555555555555556,1.625
279,1.4838709677419355,2.235294117647059,2.0,1.9285714285714286,0.4,1.725,2.255813953488372,2.1666666666666665,0.5555555555555556,1.625,0.25
280,2.235294117647059,2.0,1.9285714285714286,0.4,1.725,2.255813953488372,2.1666666666666665,0.5555555555555556,1.625,0.25,0.4444444444444444
281,2.0,1.9285714285714286,0.4,1.725,2.255813953488372,2.1666666666666665,0.5555555555555556,1.625,0.25,0.4444444444444444,1.4285714285714286
282,1.9285714285714286,0.4,1.725,2.255813953488372,2.1666666666666665,0.5555555555555556,1.625,0.25,0.4444444444444444,1.4285714285714286,1.394736842105263
283,0.4,1.725,2.255813953488372,2.1666666666666665,0.5555555555555556,1.625,0.25,0.4444444444444444,1.4285714285714286,1.394736842105263,0.8181818181818182
284,1.725,2.255813953488372,2.1666666666666665,0.5555555555555556,1.625,0.25,0.4444444444444444,1.4285714285714286,1.394736842105263,0.8181818181818182,0.3333333333333333
285,2.255813953488372,2.1666666666666665,0.5555555555555556,1.625,0.25,0.4444444444444444,1.4285714285714286,1.394736842105263,0.8181818181818182,0.3333333333333333,1.4736842105263157
286,2.1666666666666665,0.5555555555555556,1.625,0.25,0.4444444444444444,1.4285714285714286,1.394736842105263,0.8181818181818182,0.3333333333333333,1.4736842105263157,1.59375
287,0.5555555555555556,1.625,0.25,0.4444444444444444,1.4285714285714286,1.394736842105263,0.8181818181818182,0.3333333333333333,1.4736842105263157,1.59375,0.0
288,1.625,0.25,0.4444444444444444,1.4285714285714286,1.394736842105263,0.8181818181818182,0.3333333333333333,1.4736842105263157,1.59375,0.0,1.5
289,0.25,0.4444444444444444,1.4285714285714286,1.394736842105263,0.8181818181818182,0.3333333333333333,1.4736842105263157,1.59375,0.0,1.5,1.3333333333333333
290,0.4444444444444444,1.4285714285714286,1.394736842105263,0.8181818181818182,0.3333333333333333,1.4736842105263157,1.59375,0.0,1.5,1.3333333333333333,1.6666666666666667
291,1.4285714285714286,1.394736842105263,0.8181818181818182,0.3333333333333333,1.4736842105263157,1.59375,0.0,1.5,1.3333333333333333,1.6666666666666667,2.888888888888889
292,1.394736842105263,0.8181818181818182,0.3333333333333333,1.4736842105263157,1.59375,0.0,1.5,1.3333333333333333,1.6666666666666667,2.888888888888889,1.9230769230769231
293,0.8181818181818182,0.3333333333333333,1.4736842105263157,1.59375,0.0,1.5,1.3333333333333333,1.6666666666666667,2.888888888888889,1.9230769230769231,0.7142857142857143
294,0.3333333333333333,1.4736842105263157,1.59375,0.0,1.5,1.3333333333333333,1.6666666666666667,2.888888888888889,1.9230769230769231,0.7142857142857143,1.2105263157894737
295,1.4736842105263157,1.59375,0.0,1.5,1.3333333333333333,1.6666666666666667,2.888888888888889,1.9230769230769231,0.7142857142857143,1.2105263157894737,0.8571428571428571
296,1.59375,0.0,1.5,1.3333333333333333,1.6666666666666667,2.888888888888889,1.9230769230769231,0.7142857142857143,1.2105263157894737,0.8571428571428571,1.0833333333333333
297,0.0,1.5,1.3333333333333333,1.6666666666666667,2.888888888888889,1.9230769230769231,0.7142857142857143,1.2105263157894737,0.8571428571428571,1.0833333333333333,1.0
298,1.5,1.3333333333333333,1.6666666666666667,2.888888888888889,1.9230769230769231,0.7142857142857143,1.2105263157894737,0.8571428571428571,1.0833333333333333,1.0,1.25
299,1.3333333333333333,1.6666666666666667,2.888888888888889,1.9230769230769231,0.7142857142857143,1.2105263157894737,0.8571428571428571,1.0833333333333333,1.0,1.25,1.1818181818181819
300,1.6666666666666667,2.888888888888889,1.9230769230769231,0.7142857142857143,1.2105263157894737,0.8571428571428571,1.0833333333333333,1.0,1.25,1.1818181818181819,1.457142857142857
301,2.888888888888889,1.9230769230769231,0.7142857142857143,1.2105263157894737,0.8571428571428571,1.0833333333333333,1.0,1.25,1.1818181818181819,1.457142857142857,1.0
302,1.9230769230769231,0.7142857142857143,1.2105263157894737,0.8571428571428571,1.0833333333333333,1.0,1.25,1.1818181818181819,1.457142857142857,1.0,0.5
303,0.7142857142857143,1.2105263157894737,0.8571428571428571,1.0833333333333333,1.0,1.25,1.1818181818181819,1.457142857142857,1.0,0.5,2.0
304,1.2105263157894737,0.8571428571428571,1.0833333333333333,1.0,1.25,1.1818181818181819,1.457142857142857,1.0,0.5,2.0,1.8333333333333333
305,0.8571428571428571,1.0833333333333333,1.0,1.25,1.1818181818181819,1.457142857142857,1.0,0.5,2.0,1.8333333333333333,1.4666666666666666
306,1.0833333333333333,1.0,1.25,1.1818181818181819,1.457142857142857,1.0,0.5,2.0,1.8333333333333333,1.4666666666666666,2.3333333333333335
307,1.0,1.25,1.1818181818181819,1.457142857142857,1.0,0.5,2.0,1.8333333333333333,1.4666666666666666,2.3333333333333335,1.1818181818181819
308,1.25,1.1818181818181819,1.457142857142857,1.0,0.5,2.0,1.8333333333333333,1.4666666666666666,2.3333333333333335,1.1818181818181819,1.7555555555555555
309,1.1818181818181819,1.457142857142857,1.0,0.5,2.0,1.8333333333333333,1.4666666666666666,2.3333333333333335,1.1818181818181819,1.7555555555555555,1.4615384615384615
310,1.457142857142857,1.0,0.5,2.0,1.8333333333333333,1.4666666666666666,2.3333333333333335,1.1818181818181819,1.7555555555555555,1.4615384615384615,1.25
311,1.0,0.5,2.0,1.8333333333333333,1.4666666666666666,2.3333333333333335,1.1818181818181819,1.7555555555555555,1.4615384615384615,1.25,0.6666666666666666
312,0.5,2.0,1.8333333333333333,1.4666666666666666,2.3333333333333335,1.1818181818181819,1.7555555555555555,1.4615384615384615,1.25,0.6666666666666666,1.6666666666666667
313,2.0,1.8333333333333333,1.4666666666666666,2.3333333333333335,1.1818181818181819,1.7555555555555555,1.4615384615384615,1.25,0.6666666666666666,1.6666666666666667,1.4545454545454546
314,1.8333333333333333,1.4666666666666666,2.3333333333333335,1.1818181818181819,1.7555555555555555,1.4615384615384615,1.25,0.6666666666666666,1.6666666666666667,1.4545454545454546,1.3548387096774193
315,1.4666666666666666,2.3333333333333335,1.1818181818181819,1.7555555555555555,1.4615384615384615,1.25,0.6666666666666666,1.6666666666666667,1.4545454545454546,1.3548387096774193,1.5
316,2.3333333333333335,1.1818181818181819,1.7555555555555555,1.4615384615384615,1.25,0.6666666666666666,1.6666666666666667,1.4545454545454546,1.3548387096774193,1.5,1.2307692307692308
317,1.1818181818181819,1.7555555555555555,1.4615384615384615,1.25,0.6666666666666666,1.6666666666666667,1.4545454545454546,1.3548387096774193,1.5,1.2307692307692308,2.3793103448275863
318,1.7555555555555555,1.4615384615384615,1.25,0.6666666666666666,1.6666666666666667,1.4545454545454546,1.3548387096774193,1.5,1.2307692307692308,2.3793103448275863,1.1764705882352942
319,1.4615384615384615,1.25,0.6666666666666666,1.6666666666666667,1.4545454545454546,1.3548387096774193,1.5,1.2307692307692308,2.3793103448275863,1.1764705882352942,2.1538461538461537
320,1.25,0.6666666666666666,1.6666666666666667,1.4545454545454546,1.3548387096774193,1.5,1.2307692307692308,2.3793103448275863,1.1764705882352942,2.1538461538461537,0.7
321,0.6666666666666666,1.6666666666666667,1.4545454545454546,1.3548387096774193,1.5,1.2307692307692308,2.3793103448275863,1.1764705882352942,2.1538461538461537,0.7,0.9375
322,1.6666666666666667,1.4545454545454546,1.3548387096774193,1.5,1.2307692307692308,2.3793103448275863,1.1764705882352942,2.1538461538461537,0.7,0.9375,1.2727272727272727
323,1.4545454545454546,1.3548387096774193,1.5,1.2307692307692308,2.3793103448275863,1.1764705882352942,2.1538461538461537,0.7,0.9375,1.2727272727272727,1.7
324,1.3548387096774193,1.5,1.2307692307692308,2.3793103448275863,1.1764705882352942,2.1538461538461537,0.7,0.9375,1.2727272727272727,1.7,3.25
325,1.5,1.2307692307692308,2.3793103448275863,1.1764705882352942,2.1538461538461537,0.7,0.9375,1.2727272727272727,1.7,3.25,1.48
326,1.2307692307692308,2.3793103448275863,1.1764705882352942,2.1538461538461537,0.7,0.9375,1.2727272727272727,1.7,3.25,1.48,0.875
327,2.3793103448275863,1.1764705882352942,2.1538461538461537,0.7,0.9375,1.2727272727272727,1.7,3.25,1.48,0.875,0.875
328,0.4444444444444444,0.25,1.1666666666666667,1.8888888888888888,0.5,0.5,1.8333333333333333,1.0,1.4,1.2307692307692308,0.6571428571428571
329,0.25,1.1666666666666667,1.8888888888888888,0.5,0.5,1.8333333333333333,1.0,1.4,1.2307692307692308,0.6571428571428571,2.3333333333333335
330,1.1666666666666667,1.8888888888888888,0.5,0.5,1.8333333333333333,1.0,1.4,1.2307692307692308,0.6571428571428571,2.3333333333333335,0.9444444444444444
331,1.8888888888888888,0.5,0.5,1.8333333333333333,1.0,1.4,1.2307692307692308,0.6571428571428571,2.3333333333333335,0.9444444444444444,1.8571428571428572
332,0.5,0.5,1.8333333333333333,1.0,1.4,1.2307692307692308,0.6571428571428571,2.3333333333333335,0.9444444444444444,1.8571428571428572,2.5
333,0.5,1.8333333333333333,1.0,1.4,1.2307692307692308,0.6571428571428571,2.3333333333333335,0.9444444444444444,1.8571428571428572,2.5,1.411764705882353
334,1.8333333333333333,1.0,1.4,1.2307692307692308,0.6571428571428571,2.3333333333333335,0.9444444444444444,1.8571428571428572,2.5,1.411764705882353,0.8
335,1.0,1.4,1.2307692307692308,0.6571428571428571,2.3333333333333335,0.9444444444444444,1.8571428571428572,2.5,1.411764705882353,0.8,1.0
336,1.4,1.2307692307692308,0.6571428571428571,2.3333333333333335,0.9444444444444444,1.8571428571428572,2.5,1.411764705882353,0.8,1.0,0.75
337,1.2307692307692308,0.6571428571428571,2.3333333333333335,0.9444444444444444,1.8571428571428572,2.5,1.411764705882353,0.8,1.0,0.75,2.111111111111111
338,0.6571428571428571,2.3333333333333335,0.9444444444444444,1.8571428571428572,2.5,1.411764705882353,0.8,1.0,0.75,2.111111111111111,2.857142857142857
339,2.3333333333333335,0.9444444444444444,1.8571428571428572,2.5,1.411764705882353,0.8,1.0,0.75,2.111111111111111,2.857142857142857,1.3333333333333333
340,0.9444444444444444,1.8571428571428572,2.5,1.411764705882353,0.8,1.0,0.75,2.111111111111111,2.857142857142857,1.3333333333333333,0.7368421052631579
341,1.8571428571428572,2.5,1.411764705882353,0.8,1.0,0.75,2.111111111111111,2.857142857142857,1.3333333333333333,0.7368421052631579,0.3333333333333333
342,2.5,1.411764705882353,0.8,1.0,0.75,2.111111111111111,2.857142857142857,1.3333333333333333,0.7368421052631579,0.3333333333333333,0.95
343,1.411764705882353,0.8,1.0,0.75,2.111111111111111,2.857142857142857,1.3333333333333333,0.7368421052631579,0.3333333333333333,0.95,1.6666666666666667
344,0.8,1.0,0.75,2.111111111111111,2.857142857142857,1.3333333333333333,0.7368421052631579,0.3333333333333333,0.95,1.6666666666666667,0.7058823529411765
345,1.0,0.75,2.111111111111111,2.857142857142857,1.3333333333333333,0.7368421052631579,0.3333333333333333,0.95,1.6666666666666667,0.7058823529411765,1.736842105263158
346,0.75,2.111111111111111,2.857142857142857,1.3333333333333333,0.7368421052631579,0.3333333333333333,0.95,1.6666666666666667,0.7058823529411765,1.736842105263158,0.8461538461538461
347,2.111111111111111,2.857142857142857,1.3333333333333333,0.7368421052631579,0.3333333333333333,0.95,1.6666666666666667,0.7058823529411765,1.736842105263158,0.8461538461538461,1.4375
348,2.857142857142857,1.3333333333333333,0.7368421052631579,0.3333333333333333,0.95,1.6666666666666667,0.7058823529411765,1.736842105263158,0.8461538461538461,1.4375,4.0
349,1.3333333333333333,0.7368421052631579,0.3333333333333333,0.95,1.6666666666666667,0.7058823529411765,1.736842105263158,0.8461538461538461,1.4375,4.0,1.9
350,0.7368421052631579,0.3333333333333333,0.95,1.6666666666666667,0.7058823529411765,1.736842105263158,0.8461538461538461,1.4375,4.0,1.9,1.75
351,0.3333333333333333,0.95,1.6666666666666667,0.7058823529411765,1.736842105263158,0.8461538461538461,1.4375,4.0,1.9,1.75,1.1111111111111112
352,0.95,1.6666666666666667,0.7058823529411765,1.736842105263158,0.8461538461538461,1.4375,4.0,1.9,1.75,1.1111111111111112,1.2
353,1.6666666666666667,0.7058823529411765,1.736842105263158,0.8461538461538461,1.4375,4.0,1.9,1.75,1.1111111111111112,1.2,1.105263157894737
354,0.7058823529411765,1.736842105263158,0.8461538461538461,1.4375,4.0,1.9,1.75,1.1111111111111112,1.2,1.105263157894737,0.42857142857142855
355,1.736842105263158,0.8461538461538461,1.4375,4.0,1.9,1.75,1.1111111111111112,1.2,1.105263157894737,0.42857142857142855,0.6
356,0.8461538461538461,1.4375,4.0,1.9,1.75,1.1111111111111112,1.2,1.105263157894737,0.42857142857142855,0.6,0.4
357,1.4375,4.0,1.9,1.75,1.1111111111111112,1.2,1.105263157894737,0.42857142857142855,0.6,0.4,0.9166666666666666
358,4.0,1.9,1.75,1.1111111111111112,1.2,1.105263157894737,0.42857142857142855,0.6,0.4,0.9166666666666666,1.1666666666666667
359,1.9,1.75,1.1111111111111112,1.2,1.105263157894737,0.42857142857142855,0.6,0.4,0.9166666666666666,1.1666666666666667,2.2142857142857144
360,1.75,1.1111111111111112,1.2,1.105263157894737,0.42857142857142855,0.6,0.4,0.9166666666666666,1.1666666666666667,2.2142857142857144,0.9444444444444444
361,1.1111111111111112,1.2,1.105263157894737,0.42857142857142855,0.6,0.4,0.9166666666666666,1.1666666666666667,2.2142857142857144,0.9444444444444444,0.9285714285714286
362,1.2,1.105263157894737,0.42857142857142855,0.6,0.4,0.9166666666666666,1.1666666666666667,2.2142857142857144,0.9444444444444444,0.9285714285714286,1.1
363,1.105263157894737,0.42857142857142855,0.6,0.4,0.9166666666666666,1.1666666666666667,2.2142857142857144,0.9444444444444444,0.9285714285714286,1.1,0.8409090909090909
364,0.42857142857142855,0.6,0.4,0.9166666666666666,1.1666666666666667,2.2142857142857144,0.9444444444444444,0.9285714285714286,1.1,0.8409090909090909,1.121212121212121
365,0.6,0.4,0.9166666666666666,1.1666666666666667,2.2142857142857144,0.9444444444444444,0.9285714285714286,1.1,0.8409090909090909,1.121212121212121,2.3333333333333335
366,0.4,0.9166666666666666,1.1666666666666667,2.2142857142857144,0.9444444444444444,0.9285714285714286,1.1,0.8409090909090909,1.121212121212121,2.3333333333333335,1.0
367,0.9166666666666666,1.1666666666666667,2.2142857142857144,0.9444444444444444,0.9285714285714286,1.1,0.8409090909090909,1.121212121212121,2.3333333333333335,1.0,1.2857142857142858
368,1.1666666666666667,2.2142857142857144,0.9444444444444444,0.9285714285714286,1.1,0.8409090909090909,1.121212121212121,2.3333333333333335,1.0,1.2857142857142858,1.7
369,2.2142857142857144,0.9444444444444444,0.9285714285714286,1.1,0.8409090909090909,1.121212121212121,2.3333333333333335,1.0,1.2857142857142858,1.7,0.75
370,0.9444444444444444,0.9285714285714286,1.1,0.8409090909090909,1.121212121212121,2.3333333333333335,1.0,1.2857142857142858,1.7,0.75,1.5714285714285714
371,0.9285714285714286,1.1,0.8409090909090909,1.121212121212121,2.3333333333333335,1.0,1.2857142857142858,1.7,0.75,1.5714285714285714,1.8235294117647058
372,1.1,0.8409090909090909,1.121212121212121,2.3333333333333335,1.0,1.2857142857142858,1.7,0.75,1.5714285714285714,1.8235294117647058,2.625
373,0.8409090909090909,1.121212121212121,2.3333333333333335,1.0,1.2857142857142858,1.7,0.75,1.5714285714285714,1.8235294117647058,2.625,6.0
374,1.121212121212121,2.3333333333333335,1.0,1.2857142857142858,1.7,0.75,1.5714285714285714,1.8235294117647058,2.625,6.0,2.75
375,2.3333333333333335,1.0,1.2857142857142858,1.7,0.75,1.5714285714285714,1.8235294117647058,2.625,6.0,2.75,2.25
376,1.0,1.2857142857142858,1.7,0.75,1.5714285714285714,1.8235294117647058,2.625,6.0,2.75,2.25,0.8333333333333334
377,1.2857142857142858,1.7,0.75,1.5714285714285714,1.8235294117647058,2.625,6.0,2.75,2.25,0.8333333333333334,0.8666666666666667
378,1.7,0.75,1.5714285714285714,1.8235294117647058,2.625,6.0,2.75,2.25,0.8333333333333334,0.8666666666666667,1.2272727272727273
379,0.75,1.5714285714285714,1.8235294117647058,2.625,6.0,2.75,2.25,0.8333333333333334,0.8666666666666667,1.2272727272727273,0.6666666666666666
380,1.5714285714285714,1.8235294117647058,2.625,6.0,2.75,2.25,0.8333333333333334,0.8666666666666667,1.2272727272727273,0.6666666666666666,0.6666666666666666
381,1.8235294117647058,2.625,6.0,2.75,2.25,0.8333333333333334,0.8666666666666667,1.2272727272727273,0.6666666666666666,0.6666666666666666,0.5
382,2.625,6.0,2.75,2.25,0.8333333333333334,0.8666666666666667,1.2272727272727273,0.6666666666666666,0.6666666666666666,0.5,1.3846153846153846
383,6.0,2.75,2.25,0.8333333333333334,0.8666666666666667,1.2272727272727273,0.6666666666666666,0.6666666666666666,0.5,1.3846153846153846,1.3846153846153846
384,2.75,2.25,0.8333333333333334,0.8666666666666667,1.2272727272727273,0.6666666666666666,0.6666666666666666,0.5,1.3846153846153846,1.3846153846153846,1.0
385,2.25,0.8333333333333334,0.8666666666666667,1.2272727272727273,0.6666666666666666,0.6666666666666666,0.5,1.3846153846153846,1.3846153846153846,1.0,1.1
386,0.8333333333333334,0.8666666666666667,1.2272727272727273,0.6666666666666666,0.6666666666666666,0.5,1.3846153846153846,1.3846153846153846,1.0,1.1,1.4
387,0.8666666666666667,1.2272727272727273,0.6666666666666666,0.6666666666666666,0.5,1.3846153846153846,1.3846153846153846,1.0,1.1,1.4,1.2666666666666666
388,1.2272727272727273,0.6666666666666666,0.6666666666666666,0.5,1.3846153846153846,1.3846153846153846,1.0,1.1,1.4,1.2666666666666666,1.0454545454545454
389,0.6666666666666666,0.6666666666666666,0.5,1.3846153846153846,1.3846153846153846,1.0,1.1,1.4,1.2666666666666666,1.0454545454545454,1.4615384615384615
390,0.6666666666666666,0.5,1.3846153846153846,1.3846153846153846,1.0,1.1,1.4,1.2666666666666666,1.0454545454545454,1.4615384615384615,1.3333333333333333
391,0.5,1.3846153846153846,1.3846153846153846,1.0,1.1,1.4,1.2666666666666666,1.0454545454545454,1.4615384615384615,1.3333333333333333,1.5833333333333333
392,1.3846153846153846,1.3846153846153846,1.0,1.1,1.4,1.2666666666666666,1.0454545454545454,1.4615384615384615,1.3333333333333333,1.5833333333333333,2.5714285714285716
393,1.3846153846153846,1.0,1.1,1.4,1.2666666666666666,1.0454545454545454,1.4615384615384615,1.3333333333333333,1.5833333333333333,2.5714285714285716,1.1666666666666667
394,1.0,1.1,1.4,1.2666666666666666,1.0454545454545454,1.4615384615384615,1.3333333333333333,1.5833333333333333,2.5714285714285716,1.1666666666666667,1.4285714285714286
395,1.1,1.4,1.2666666666666666,1.0454545454545454,1.4615384615384615,1.3333333333333333,1.5833333333333333,2.5714285714285716,1.1666666666666667,1.4285714285714286,1.4615384615384615
396,1.4,1.2666666666666666,1.0454545454545454,1.4615384615384615,1.3333333333333333,1.5833333333333333,2.5714285714285716,1.1666666666666667,1.4285714285714286,1.4615384615384615,0.8823529411764706
397,1.2666666666666666,1.0454545454545454,1.4615384615384615,1.3333333333333333,1.5833333333333333,2.5714285714285716,1.1666666666666667,1.4285714285714286,1.4615384615384615,0.8823529411764706,1.0
398,1.0454545454545454,1.4615384615384615,1.3333333333333333,1.5833333333333333,2.5714285714285716,1.1666666666666667,1.4285714285714286,1.4615384615384615,0.8823529411764706,1.0,1.2307692307692308
399,1.4615384615384615,1.3333333333333333,1.5833333333333333,2.5714285714285716,1.1666666666666667,1.4285714285714286,1.4615384615384615,0.8823529411764706,1.0,1.2307692307692308,0.0
400,1.3333333333333333,1.5833333333333333,2.5714285714285716,1.1666666666666667,1.4285714285714286,1.4615384615384615,0.8823529411764706,1.0,1.2307692307692308,0.0,1.15
401,1.5833333333333333,2.5714285714285716,1.1666666666666667,1.4285714285714286,1.4615384615384615,0.8823529411764706,1.0,1.2307692307692308,0.0,1.15,1.3125
402,2.5714285714285716,1.1666666666666667,1.4285714285714286,1.4615384615384615,0.8823529411764706,1.0,1.2307692307692308,0.0,1.15,1.3125,1.0909090909090908
403,1.1666666666666667,1.4285714285714286,1.4615384615384615,0.8823529411764706,1.0,1.2307692307692308,0.0,1.15,1.3125,1.0909090909090908,0.0
404,1.4285714285714286,1.4615384615384615,0.8823529411764706,1.0,1.2307692307692308,0.0,1.15,1.3125,1.0909090909090908,0.0,0.8571428571428571
405,1.4615384615384615,0.8823529411764706,1.0,1.2307692307692308,0.0,1.15,1.3125,1.0909090909090908,0.0,0.8571428571428571,1.8333333333333333
406,0.8823529411764706,1.0,1.2307692307692308,0.0,1.15,1.3125,1.0909090909090908,0.0,0.8571428571428571,1.8333333333333333,0.0
407,1.0,1.2307692307692308,0.0,1.15,1.3125,1.0909090909090908,0.0,0.8571428571428571,1.8333333333333333,0.0,2.0
408,1.2307692307692308,0.0,1.15,1.3125,1.0909090909090908,0.0,0.8571428571428571,1.8333333333333333,0.0,2.0,2.6666666666666665
409,0.0,1.15,1.3125,1.0909090909090908,0.0,0.8571428571428571,1.8333333333333333,0.0,2.0,2.6666666666666665,2.25
410,1.15,1.3125,1.0909090909090908,0.0,0.8571428571428571,1.8333333333333333,0.0,2.0,2.6666666666666665,2.25,2.5384615384615383
411,1.3125,1.0909090909090908,0.0,0.8571428571428571,1.8333333333333333,0.0,2.0,2.6666666666666665,2.25,2.5384615384615383,0.9285714285714286
412,1.0909090909090908,0.0,0.8571428571428571,1.8333333333333333,0.0,2.0,2.6666666666666665,2.25,2.5384615384615383,0.9285714285714286,1.25
413,0.0,0.8571428571428571,1.8333333333333333,0.0,2.0,2.6666666666666665,2.25,2.5384615384615383,0.9285714285714286,1.25,1.5333333333333334
414,0.8571428571428571,1.8333333333333333,0.0,2.0,2.6666666666666665,2.25,2.5384615384615383,0.9285714285714286,1.25,1.5333333333333334,1.3125
415,1.8333333333333333,0.0,2.0,2.6666666666666665,2.25,2.5384615384615383,0.9285714285714286,1.25,1.5333333333333334,1.3125,1.375
416,0.0,2.0,2.6666666666666665,2.25,2.5384615384615383,0.9285714285714286,1.25,1.5333333333333334,1.3125,1.375,2.5
417,2.0,2.6666666666666665,2.25,2.5384615384615383,0.9285714285714286,1.25,1.5333333333333334,1.3125,1.375,2.5,0.0
418,2.6666666666666665,2.25,2.5384615384615383,0.9285714285714286,1.25,1.5333333333333334,1.3125,1.375,2.5,0.0,0.8571428571428571
419,2.25,2.5384615384615383,0.9285714285714286,1.25,1.5333333333333334,1.3125,1.375,2.5,0.0,0.8571428571428571,1.6363636363636365
420,2.5384615384615383,0.9285714285714286,1.25,1.5333333333333334,1.3125,1.375,2.5,0.0,0.8571428571428571,1.6363636363636365,1.0
421,0.9285714285714286,1.25,1.5333333333333334,1.3125,1.375,2.5,0.0,0.8571428571428571,1.6363636363636365,1.0,0.5
422,1.25,1.5333333333333334,1.3125,1.375,2.5,0.0,0.8571428571428571,1.6363636363636365,1.0,0.5,1.4545454545454546
423,1.5333333333333334,1.3125,1.375,2.5,0.0,0.8571428571428571,1.6363636363636365,1.0,0.5,1.4545454545454546,2.75
424,1.3125,1.375,2.5,0.0,0.8571428571428571,1.6363636363636365,1.0,0.5,1.4545454545454546,2.75,1.4210526315789473
425,1.375,2.5,0.0,0.8571428571428571,1.6363636363636365,1.0,0.5,1.4545454545454546,2.75,1.4210526315789473,2.272727272727273
426,2.5,0.0,0.8571428571428571,1.6363636363636365,1.0,0.5,1.4545454545454546,2.75,1.4210526315789473,2.272727272727273,0.6
427,0.0,0.8571428571428571,1.6363636363636365,1.0,0.5,1.4545454545454546,2.75,1.4210526315789473,2.272727272727273,0.6,1.5
428,0.8571428571428571,1.6363636363636365,1.0,0.5,1.4545454545454546,2.75,1.4210526315789473,2.272727272727273,0.6,1.5,0.5
429,1.6363636363636365,1.0,0.5,1.4545454545454546,2.75,1.4210526315789473,2.272727272727273,0.6,1.5,0.5,1.6666666666666667
430,1.0,0.5,1.4545454545454546,2.75,1.4210526315789473,2.272727272727273,0.6,1.5,0.5,1.6666666666666667,1.375
431,0.5,1.4545454545454546,2.75,1.4210526315789473,2.272727272727273,0.6,1.5,0.5,1.6666666666666667,1.375,0.9230769230769231
432,1.4545454545454546,2.75,1.4210526315789473,2.272727272727273,0.6,1.5,0.5,1.6666666666666667,1.375,0.9230769230769231,1.0
433,2.75,1.4210526315789473,2.272727272727273,0.6,1.5,0.5,1.6666666666666667,1.375,0.9230769230769231,1.0,1.5
434,1.4210526315789473,2.272727272727273,0.6,1.5,0.5,1.6666666666666667,1.375,0.9230769230769231,1.0,1.5,0.6
435,2.272727272727273,0.6,1.5,0.5,1.6666666666666667,1.375,0.9230769230769231,1.0,1.5,0.6,0.5
436,0.6,1.5,0.5,1.6666666666666667,1.375,0.9230769230769231,1.0,1.5,0.6,0.5,0.5
437,1.5,0.5,1.6666666666666667,1.375,0.9230769230769231,1.0,1.5,0.6,0.5,0.5,1.0
438,0.5,1.6666666666666667,1.375,0.9230769230769231,1.0,1.5,0.6,0.5,0.5,1.0,2.0
439,1.6666666666666667,1.375,0.9230769230769231,1.0,1.5,0.6,0.5,0.5,1.0,2.0,1.4285714285714286
440,1.375,0.9230769230769231,1.0,1.5,0.6,0.5,0.5,1.0,2.0,1.4285714285714286,1.1666666666666667
441,0.9230769230769231,1.0,1.5,0.6,0.5,0.5,1.0,2.0,1.4285714285714286,1.1666666666666667,2.5
442,1.0,1.5,0.6,0.5,0.5,1.0,2.0,1.4285714285714286,1.1666666666666667,2.5,1.1666666666666667
443,1.5,0.6,0.5,0.5,1.0,2.0,1.4285714285714286,1.1666666666666667,2.5,1.1666666666666667,2.8181818181818183
444,0.6,0.5,0.5,1.0,2.0,1.4285714285714286,1.1666666666666667,2.5,1.1666666666666667,2.8181818181818183,1.5294117647058822
445,0.5,0.5,1.0,2.0,1.4285714285714286,1.1666666666666667,2.5,1.1666666666666667,2.8181818181818183,1.5294117647058822,1.1428571428571428
446,0.5,1.0,2.0,1.4285714285714286,1.1666666666666667,2.5,1.1666666666666667,2.8181818181818183,1.5294117647058822,1.1428571428571428,1.0
447,1.0,2.0,1.4285714285714286,1.1666666666666667,2.5,1.1666666666666667,2.8181818181818183,1.5294117647058822,1.1428571428571428,1.0,2.1333333333333333
448,2.0,1.4285714285714286,1.1666666666666667,2.5,1.1666666666666667,2.8181818181818183,1.5294117647058822,1.1428571428571428,1.0,2.1333333333333333,0.0
449,1.4285714285714286,1.1666666666666667,2.5,1.1666666666666667,2.8181818181818183,1.5294117647058822,1.1428571428571428,1.0,2.1333333333333333,0.0,1.5333333333333334
450,1.1666666666666667,2.5,1.1666666666666667,2.8181818181818183,1.5294117647058822,1.1428571428571428,1.0,2.1333333333333333,0.0,1.5333333333333334,0.375
451,2.5,1.1666666666666667,2.8181818181818183,1.5294117647058822,1.1428571428571428,1.0,2.1333333333333333,0.0,1.5333333333333334,0.375,1.4
452,1.1666666666666667,2.8181818181818183,1.5294117647058822,1.1428571428571428,1.0,2.1333333333333333,0.0,1.5333333333333334,0.375,1.4,0.6
453,2.8181818181818183,1.5294117647058822,1.1428571428571428,1.0,2.1333333333333333,0.0,1.5333333333333334,0.375,1.4,0.6,0.5
454,1.5294117647058822,1.1428571428571428,1.0,2.1333333333333333,0.0,1.5333333333333334,0.375,1.4,0.6,0.5,0.0
455,1.1428571428571428,1.0,2.1333333333333333,0.0,1.5333333333333334,0.375,1.4,0.6,0.5,0.0,1.6551724137931034
456,1.0,2.1333333333333333,0.0,1.5333333333333334,0.375,1.4,0.6,0.5,0.0,1.6551724137931034,1.2
457,2.1333333333333333,0.0,1.5333333333333334,0.375,1.4,0.6,0.5,0.0,1.6551724137931034,1.2,1.5454545454545454
458,0.0,1.5333333333333334,0.375,1.4,0.6,0.5,0.0,1.6551724137931034,1.2,1.5454545454545454,1.4090909090909092
459,1.5333333333333334,0.375,1.4,0.6,0.5,0.0,1.6551724137931034,1.2,1.5454545454545454,1.4090909090909092,1.44
460,0.375,1.4,0.6,0.5,0.0,1.6551724137931034,1.2,1.5454545454545454,1.4090909090909092,1.44,1.6111111111111112
461,1.4,0.6,0.5,0.0,1.6551724137931034,1.2,1.5454545454545454,1.4090909090909092,1.44,1.6111111111111112,0.7272727272727273
462,0.6,0.5,0.0,1.6551724137931034,1.2,1.5454545454545454,1.4090909090909092,1.44,1.6111111111111112,0.7272727272727273,1.4242424242424243
463,0.5,0.0,1.6551724137931034,1.2,1.5454545454545454,1.4090909090909092,1.44,1.6111111111111112,0.7272727272727273,1.4242424242424243,2.6666666666666665
464,0.0,1.6551724137931034,1.2,1.5454545454545454,1.4090909090909092,1.44,1.6111111111111112,0.7272727272727273,1.4242424242424243,2.6666666666666665,1.0454545454545454
465,1.6551724137931034,1.2,1.5454545454545454,1.4090909090909092,1.44,1.6111111111111112,0.7272727272727273,1.4242424242424243,2.6666666666666665,1.0454545454545454,1.4615384615384615
466,1.2,1.5454545454545454,1.4090909090909092,1.44,1.6111111111111112,0.7272727272727273,1.4242424242424243,2.6666666666666665,1.0454545454545454,1.4615384615384615,0.6923076923076923
467,1.5454545454545454,1.4090909090909092,1.44,1.6111111111111112,0.7272727272727273,1.4242424242424243,2.6666666666666665,1.0454545454545454,1.4615384615384615,0.6923076923076923,1.5
468,1.4090909090909092,1.44,1.6111111111111112,0.7272727272727273,1.4242424242424243,2.6666666666666665,1.0454545454545454,1.4615384615384615,0.6923076923076923,1.5,1.0
469,1.44,1.6111111111111112,0.7272727272727273,1.4242424242424243,2.6666666666666665,1.0454545454545454,1.4615384615384615,0.6923076923076923,1.5,1.0,2.3333333333333335
470,1.6111111111111112,0.7272727272727273,1.4242424242424243,2.6666666666666665,1.0454545454545454,1.4615384615384615,0.6923076923076923,1.5,1.0,2.3333333333333335,2.125
471,0.7272727272727273,1.4242424242424243,2.6666666666666665,1.0454545454545454,1.4615384615384615,0.6923076923076923,1.5,1.0,2.3333333333333335,2.125,2.25
472,1.4242424242424243,2.6666666666666665,1.0454545454545454,1.4615384615384615,0.6923076923076923,1.5,1.0,2.3333333333333335,2.125,2.25,1.2857142857142858
473,2.6666666666666665,1.0454545454545454,1.4615384615384615,0.6923076923076923,1.5,1.0,2.3333333333333335,2.125,2.25,1.2857142857142858,0.0
474,1.0454545454545454,1.4615384615384615,0.6923076923076923,1.5,1.0,2.3333333333333335,2.125,2.25,1.2857142857142858,0.0,0.75
475,1.4615384615384615,0.6923076923076923,1.5,1.0,2.3333333333333335,2.125,2.25,1.2857142857142858,0.0,0.75,0.5714285714285714
476,0.6923076923076923,1.5,1.0,2.3333333333333335,2.125,2.25,1.2857142857142858,0.0,0.75,0.5714285714285714,0.9565217391304348
477,1.5,1.0,2.3333333333333335,2.125,2.25,1.2857142857142858,0.0,0.75,0.5714285714285714,0.9565217391304348,0.0
478,1.0,2.3333333333333335,2.125,2.25,1.2857142857142858,0.0,0.75,0.5714285714285714,0.9565217391304348,0.0,1.3181818181818181
479,2.3333333333333335,2.125,2.25,1.2857142857142858,0.0,0.75,0.5714285714285714,0.9565217391304348,0.0,1.3181818181818181,0.3333333333333333
480,2.125,2.25,1.2857142857142858,0.0,0.75,0.5714285714285714,0.9565217391304348,0.0,1.3181818181818181,0.3333333333333333,2.5
481,2.25,1.2857142857142858,0.0,0.75,0.5714285714285714,0.9565217391304348,0.0,1.3181818181818181,0.3333333333333333,2.5,1.1666666666666667
482,1.2857142857142858,0.0,0.75,0.5714285714285714,0.9565217391304348,0.0,1.3181818181818181,0.3333333333333333,2.5,1.1666666666666667,2.5714285714285716
483,0.0,0.75,0.5714285714285714,0.9565217391304348,0.0,1.3181818181818181,0.3333333333333333,2.5,1.1666666666666667,2.5714285714285716,0.7647058823529411
484,0.75,0.5714285714285714,0.9565217391304348,0.0,1.3181818181818181,0.3333333333333333,2.5,1.1666666666666667,2.5714285714285716,0.7647058823529411,1.6923076923076923
485,0.5714285714285714,0.9565217391304348,0.0,1.3181818181818181,0.3333333333333333,2.5,1.1666666666666667,2.5714285714285716,0.7647058823529411,1.6923076923076923,0.5
486,0.9565217391304348,0.0,1.3181818181818181,0.3333333333333333,2.5,1.1666666666666667,2.5714285714285716,0.7647058823529411,1.6923076923076923,0.5,1.3333333333333333
487,1.6,1.0,2.075,0.0,1.5185185185185186,0.8666666666666667,1.2,0.7142857142857143,0.42857142857142855,1.2195121951219512,2.25
488,1.0,2.075,0.0,1.5185185185185186,0.8666666666666667,1.2,0.7142857142857143,0.42857142857142855,1.2195121951219512,2.25,0.46153846153846156
489,2.075,0.0,1.5185185185185186,0.8666666666666667,1.2,0.7142857142857143,0.42857142857142855,1.2195121951219512,2.25,0.46153846153846156,0.8571428571428571
490,0.0,1.5185185185185186,0.8666666666666667,1.2,0.7142857142857143,0.42857142857142855,1.2195121951219512,2.25,0.46153846153846156,0.8571428571428571,0.5
491,1.5185185185185186,0.8666666666666667,1.2,0.7142857142857143,0.42857142857142855,1.2195121951219512,2.25,0.46153846153846156,0.8571428571428571,0.5,2.15
492,0.8666666666666667,1.2,0.7142857142857143,0.42857142857142855,1.2195121951219512,2.25,0.46153846153846156,0.8571428571428571,0.5,2.15,1.1666666666666667
493,1.2,0.7142857142857143,0.42857142857142855,1.2195121951219512,2.25,0.46153846153846156,0.8571428571428571,0.5,2.15,1.1666666666666667,1.2142857142857142
494,0.7142857142857143,0.42857142857142855,1.2195121951219512,2.25,0.46153846153846156,0.8571428571428571,0.5,2.15,1.1666666666666667,1.2142857142857142,0.42857142857142855
495,0.42857142857142855,1.2195121951219512,2.25,0.46153846153846156,0.8571428571428571,0.5,2.15,1.1666666666666667,1.2142857142857142,0.42857142857142855,0.9090909090909091
496,1.2195121951219512,2.25,0.46153846153846156,0.8571428571428571,0.5,2.15,1.1666666666666667,1.2142857142857142,0.42857142857142855,0.9090909090909091,2.0392156862745097
497,2.25,0.46153846153846156,0.8571428571428571,0.5,2.15,1.1666666666666667,1.2142857142857142,0.42857142857142855,0.9090909090909091,2.0392156862745097,0.0
498,0.46153846153846156,0.8571428571428571,0.5,2.15,1.1666666666666667,1.2142857142857142,0.42857142857142855,0.9090909090909091,2.0392156862745097,0.0,1.0
499,0.8571428571428571,0.5,2.15,1.1666666666666667,1.2142857142857142,0.42857142857142855,0.9090909090909091,2.0392156862745097,0.0,1.0,1.1923076923076923
500,0.5,2.15,1.1666666666666667,1.2142857142857142,0.42857142857142855,0.9090909090909091,2.0392156862745097,0.0,1.0,1.1923076923076923,0.7857142857142857
501,2.15,1.1666666666666667,1.2142857142857142,0.42857142857142855,0.9090909090909091,2.0392156862745097,0.0,1.0,1.1923076923076923,0.7857142857142857,1.75
502,1.1666666666666667,1.2142857142857142,0.42857142857142855,0.9090909090909091,2.0392156862745097,0.0,1.0,1.1923076923076923,0.7857142857142857,1.75,0.8461538461538461
503,1.2142857142857142,0.42857142857142855,0.9090909090909091,2.0392156862745097,0.0,1.0,1.1923076923076923,0.7857142857142857,1.75,0.8461538461538461,1.3571428571428572
504,0.42857142857142855,0.9090909090909091,2.0392156862745097,0.0,1.0,1.1923076923076923,0.7857142857142857,1.75,0.8461538461538461,1.3571428571428572,2.25
505,0.9090909090909091,2.0392156862745097,0.0,1.0,1.1923076923076923,0.7857142857142857,1.75,0.8461538461538461,1.3571428571428572,2.25,2.0384615384615383
506,2.0392156862745097,0.0,1.0,1.1923076923076923,0.7857142857142857,1.75,0.8461538461538461,1.3571428571428572,2.25,2.0384615384615383,1.3673469387755102
507,0.0,1.0,1.1923076923076923,0.7857142857142857,1.75,0.8461538461538461,1.3571428571428572,2.25,2.0384615384615383,1.3673469387755102,1.0
508,1.0,1.1923076923076923,0.7857142857142857,1.75,0.8461538461538461,1.3571428571428572,2.25,2.0384615384615383,1.3673469387755102,1.0,0.9333333333333333
509,1.1923076923076923,0.7857142857142857,1.75,0.8461538461538461,1.3571428571428572,2.25,2.0384615384615383,1.3673469387755102,1.0,0.9333333333333333,1.4864864864864864
510,0.7857142857142857,1.75,0.8461538461538461,1.3571428571428572,2.25,2.0384615384615383,1.3673469387755102,1.0,0.9333333333333333,1.4864864864864864,0.5714285714285714
511,1.75,0.8461538461538461,1.3571428571428572,2.25,2.0384615384615383,1.3673469387755102,1.0,0.9333333333333333,1.4864864864864864,0.5714285714285714,1.0857142857142856
512,0.8461538461538461,1.3571428571428572,2.25,2.0384615384615383,1.3673469387755102,1.0,0.9333333333333333,1.4864864864864864,0.5714285714285714,1.0857142857142856,1.5625
513,1.2727272727272727,0.8181818181818182,0.75,1.0769230769230769,2.3333333333333335,0.21428571428571427,1.45,1.8269230769230769,1.631578947368421,1.325,0.5
514,0.8181818181818182,0.75,1.0769230769230769,2.3333333333333335,0.21428571428571427,1.45,1.8269230769230769,1.631578947368421,1.325,0.5,1.7692307692307692
515,0.75,1.0769230769230769,2.3333333333333335,0.21428571428571427,1.45,1.8269230769230769,1.631578947368421,1.325,0.5,1.7692307692307692,1.5
516,1.0769230769230769,2.3333333333333335,0.21428571428571427,1.45,1.8269230769230769,1.631578947368421,1.325,0.5,1.7692307692307692,1.5,1.3333333333333333
517,2.3333333333333335,0.21428571428571427,1.45,1.8269230769230769,1.631578947368421,1.325,0.5,1.7692307692307692,1.5,1.3333333333333333,1.3333333333333333
518,0.21428571428571427,1.45,1.8269230769230769,1.631578947368421,1.325,0.5,1.7692307692307692,1.5,1.3333333333333333,1.3333333333333333,1.5
519,1.45,1.8269230769230769,1.631578947368421,1.325,0.5,1.7692307692307692,1.5,1.3333333333333333,1.3333333333333333,1.5,2.267857142857143
520,1.8269230769230769,1.631578947368421,1.325,0.5,1.7692307692307692,1.5,1.3333333333333333,1.3333333333333333,1.5,2.267857142857143,1.3888888888888888
521,1.631578947368421,1.325,0.5,1.7692307692307692,1.5,1.3333333333333333,1.3333333333333333,1.5,2.267857142857143,1.3888888888888888,1.3846153846153846
522,1.325,0.5,1.7692307692307692,1.5,1.3333333333333333,1.3333333333333333,1.5,2.267857142857143,1.3888888888888888,1.3846153846153846,1.0606060606060606
523,0.5,1.7692307692307692,1.5,1.3333333333333333,1.3333333333333333,1.5,2.267857142857143,1.3888888888888888,1.3846153846153846,1.0606060606060606,1.4761904761904763
524,1.7692307692307692,1.5,1.3333333333333333,1.3333333333333333,1.5,2.267857142857143,1.3888888888888888,1.3846153846153846,1.0606060606060606,1.4761904761904763,0.6666666666666666
525,1.5,1.3333333333333333,1.3333333333333333,1.5,2.267857142857143,1.3888888888888888,1.3846153846153846,1.0606060606060606,1.4761904761904763,0.6666666666666666,1.0
526,1.3333333333333333,1.3333333333333333,1.5,2.267857142857143,1.3888888888888888,1.3846153846153846,1.0606060606060606,1.4761904761904763,0.6666666666666666,1.0,0.7333333333333333
527,1.3333333333333333,1.5,2.267857142857143,1.3888888888888888,1.3846153846153846,1.0606060606060606,1.4761904761904763,0.6666666666666666,1.0,0.7333333333333333,0.4
528,1.5,2.267857142857143,1.3888888888888888,1.3846153846153846,1.0606060606060606,1.4761904761904763,0.6666666666666666,1.0,0.7333333333333333,0.4,1.6842105263157894
529,2.267857142857143,1.3888888888888888,1.3846153846153846,1.0606060606060606,1.4761904761904763,0.6666666666666666,1.0,0.7333333333333333,0.4,1.6842105263157894,0.3333333333333333
530,1.3888888888888888,1.3846153846153846,1.0606060606060606,1.4761904761904763,0.6666666666666666,1.0,0.7333333333333333,0.4,1.6842105263157894,0.3333333333333333,0.3333333333333333
531,1.3846153846153846,1.0606060606060606,1.4761904761904763,0.6666666666666666,1.0,0.7333333333333333,0.4,1.6842105263157894,0.3333333333333333,0.3333333333333333,1.5614035087719298
532,1.0606060606060606,1.4761904761904763,0.6666666666666666,1.0,0.7333333333333333,0.4,1.6842105263157894,0.3333333333333333,0.3333333333333333,1.5614035087719298,2.0
533,1.4761904761904763,0.6666666666666666,1.0,0.7333333333333333,0.4,1.6842105263157894,0.3333333333333333,0.3333333333333333,1.5614035087719298,2.0,0.9393939393939394
534,0.6666666666666666,1.0,0.7333333333333333,0.4,1.6842105263157894,0.3333333333333333,0.3333333333333333,1.5614035087719298,2.0,0.9393939393939394,1.7209302325581395
535,1.0,0.7333333333333333,0.4,1.6842105263157894,0.3333333333333333,0.3333333333333333,1.5614035087719298,2.0,0.9393939393939394,1.7209302325581395,0.7142857142857143
536,0.7333333333333333,0.4,1.6842105263157894,0.3333333333333333,0.3333333333333333,1.5614035087719298,2.0,0.9393939393939394,1.7209302325581395,0.7142857142857143,1.0
537,0.4,1.6842105263157894,0.3333333333333333,0.3333333333333333,1.5614035087719298,2.0,0.9393939393939394,1.7209302325581395,0.7142857142857143,1.0,1.0689655172413792
538,1.6842105263157894,0.3333333333333333,0.3333333333333333,1.5614035087719298,2.0,0.9393939393939394,1.7209302325581395,0.7142857142857143,1.0,1.0689655172413792,1.2692307692307692
539,0.3333333333333333,0.3333333333333333,1.5614035087719298,2.0,0.9393939393939394,1.7209302325581395,0.7142857142857143,1.0,1.0689655172413792,1.2692307692307692,1.0555555555555556
540,0.3333333333333333,1.5614035087719298,2.0,0.9393939393939394,1.7209302325581395,0.7142857142857143,1.0,1.0689655172413792,1.2692307692307692,1.0555555555555556,2.017857142857143
541,1.5614035087719298,2.0,0.9393939393939394,1.7209302325581395,0.7142857142857143,1.0,1.0689655172413792,1.2692307692307692,1.0555555555555556,2.017857142857143,0.0
542,2.0,0.9393939393939394,1.7209302325581395,0.7142857142857143,1.0,1.0689655172413792,1.2692307692307692,1.0555555555555556,2.017857142857143,0.0,1.3333333333333333
543,0.9393939393939394,1.7209302325581395,0.7142857142857143,1.0,1.0689655172413792,1.2692307692307692,1.0555555555555556,2.017857142857143,0.0,1.3333333333333333,0.5454545454545454
544,1.7209302325581395,0.7142857142857143,1.0,1.0689655172413792,1.2692307692307692,1.0555555555555556,2.017857142857143,0.0,1.3333333333333333,0.5454545454545454,1.0909090909090908
545,0.7142857142857143,1.0,1.0689655172413792,1.2692307692307692,1.0555555555555556,2.017857142857143,0.0,1.3333333333333333,0.5454545454545454,1.0909090909090908,1.3
546,1.0,1.0689655172413792,1.2692307692307692,1.0555555555555556,2.017857142857143,0.0,1.3333333333333333,0.5454545454545454,1.0909090909090908,1.3,1.206896551724138
547,1.0689655172413792,1.2692307692307692,1.0555555555555556,2.017857142857143,0.0,1.3333333333333333,0.5454545454545454,1.0909090909090908,1.3,1.206896551724138,1.2352941176470589
548,1.2692307692307692,1.0555555555555556,2.017857142857143,0.0,1.3333333333333333,0.5454545454545454,1.0909090909090908,1.3,1.206896551724138,1.2352941176470589,1.2
549,1.0555555555555556,2.017857142857143,0.0,1.3333333333333333,0.5454545454545454,1.0909090909090908,1.3,1.206896551724138,1.2352941176470589,1.2,0.8333333333333334
550,2.017857142857143,0.0,1.3333333333333333,0.5454545454545454,1.0909090909090908,1.3,1.206896551724138,1.2352941176470589,1.2,0.8333333333333334,0.0
551,0.0,1.3333333333333333,0.5454545454545454,1.0909090909090908,1.3,1.206896551724138,1.2352941176470589,1.2,0.8333333333333334,0.0,1.368421052631579
552,1.3333333333333333,0.5454545454545454,1.0909090909090908,1.3,1.206896551724138,1.2352941176470589,1.2,0.8333333333333334,0.0,1.368421052631579,0.6
553,0.5454545454545454,1.0909090909090908,1.3,1.206896551724138,1.2352941176470589,1.2,0.8333333333333334,0.0,1.368421052631579,0.6,1.1
554,1.0909090909090908,1.3,1.206896551724138,1.2352941176470589,1.2,0.8333333333333334,0.0,1.368421052631579,0.6,1.1,1.1818181818181819
555,1.3,1.206896551724138,1.2352941176470589,1.2,0.8333333333333334,0.0,1.368421052631579,0.6,1.1,1.1818181818181819,1.15625
556,1.206896551724138,1.2352941176470589,1.2,0.8333333333333334,0.0,1.368421052631579,0.6,1.1,1.1818181818181819,1.15625,1.1666666666666667
557,1.2352941176470589,1.2,0.8333333333333334,0.0,1.368421052631579,0.6,1.1,1.1818181818181819,1.15625,1.1666666666666667,1.0816326530612246
558,1.2,0.8333333333333334,0.0,1.368421052631579,0.6,1.1,1.1818181818181819,1.15625,1.1666666666666667,1.0816326530612246,1.4390243902439024
559,0.8333333333333334,0.0,1.368421052631579,0.6,1.1,1.1818181818181819,1.15625,1.1666666666666667,1.0816326530612246,1.4390243902439024,1.0769230769230769
560,0.0,1.368421052631579,0.6,1.1,1.1818181818181819,1.15625,1.1666666666666667,1.0816326530612246,1.4390243902439024,1.0769230769230769,1.15
561,1.368421052631579,0.6,1.1,1.1818181818181819,1.15625,1.1666666666666667,1.0816326530612246,1.4390243902439024,1.0769230769230769,1.15,0.9
562,0.6,1.1,1.1818181818181819,1.15625,1.1666666666666667,1.0816326530612246,1.4390243902439024,1.0769230769230769,1.15,0.9,1.2121212121212122
563,1.1,1.1818181818181819,1.15625,1.1666666666666667,1.0816326530612246,1.4390243902439024,1.0769230769230769,1.15,0.9,1.2121212121212122,0.6666666666666666
564,1.1818181818181819,1.15625,1.1666666666666667,1.0816326530612246,1.4390243902439024,1.0769230769230769,1.15,0.9,1.2121212121212122,0.6666666666666666,0.6666666666666666
565,1.15625,1.1666666666666667,1.0816326530612246,1.4390243902439024,1.0769230769230769,1.15,0.9,1.2121212121212122,0.6666666666666666,0.6666666666666666,0.625
566,1.1666666666666667,1.0816326530612246,1.4390243902439024,1.0769230769230769,1.15,0.9,1.2121212121212122,0.6666666666666666,0.6666666666666666,0.625,1.1724137931034482
567,1.0816326530612246,1.4390243902439024,1.0769230769230769,1.15,0.9,1.2121212121212122,0.6666666666666666,0.6666666666666666,0.625,1.1724137931034482,1.1470588235294117
568,1.4390243902439024,1.0769230769230769,1.15,0.9,1.2121212121212122,0.6666666666666666,0.6666666666666666,0.625,1.1724137931034482,1.1470588235294117,1.3333333333333333
569,1.0769230769230769,1.15,0.9,1.2121212121212122,0.6666666666666666,0.6666666666666666,0.625,1.1724137931034482,1.1470588235294117,1.3333333333333333,0.2
570,1.15,0.9,1.2121212121212122,0.6666666666666666,0.6666666666666666,0.625,1.1724137931034482,1.1470588235294117,1.3333333333333333,0.2,1.1818181818181819
571,0.9,1.2121212121212122,0.6666666666666666,0.6666666666666666,0.625,1.1724137931034482,1.1470588235294117,1.3333333333333333,0.2,1.1818181818181819,1.4615384615384615
572,1.2121212121212122,0.6666666666666666,0.6666666666666666,0.625,1.1724137931034482,1.1470588235294117,1.3333333333333333,0.2,1.1818181818181819,1.4615384615384615,1.3414634146341464
573,0.6666666666666666,0.6666666666666666,0.625,1.1724137931034482,1.1470588235294117,1.3333333333333333,0.2,1.1818181818181819,1.4615384615384615,1.3414634146341464,1.5625
574,0.6666666666666666,0.625,1.1724137931034482,1.1470588235294117,1.3333333333333333,0.2,1.1818181818181819,1.4615384615384615,1.3414634146341464,1.5625,0.625
575,0.625,1.1724137931034482,1.1470588235294117,1.3333333333333333,0.2,1.1818181818181819,1.4615384615384615,1.3414634146341464,1.5625,0.625,0.8333333333333334
576,1.1724137931034482,1.1470588235294117,1.3333333333333333,0.2,1.1818181818181819,1.4615384615384615,1.3414634146341464,1.5625,0.625,0.8333333333333334,0.5882352941176471
577,1.1470588235294117,1.3333333333333333,0.2,1.1818181818181819,1.4615384615384615,1.3414634146341464,1.5625,0.625,0.8333333333333334,0.5882352941176471,1.4137931034482758
578,1.3333333333333333,0.2,1.1818181818181819,1.4615384615384615,1.3414634146341464,1.5625,0.625,0.8333333333333334,0.5882352941176471,1.4137931034482758,0.2
579,0.2,1.1818181818181819,1.4615384615384615,1.3414634146341464,1.5625,0.625,0.8333333333333334,0.5882352941176471,1.4137931034482758,0.2,0.5
580,1.1818181818181819,1.4615384615384615,1.3414634146341464,1.5625,0.625,0.8333333333333334,0.5882352941176471,1.4137931034482758,0.2,0.5,1.0384615384615385
581,1.4615384615384615,1.3414634146341464,1.5625,0.625,0.8333333333333334,0.5882352941176471,1.4137931034482758,0.2,0.5,1.0384615384615385,1.0857142857142856
582,1.3414634146341464,1.5625,0.625,0.8333333333333334,0.5882352941176471,1.4137931034482758,0.2,0.5,1.0384615384615385,1.0857142857142856,1.0
583,1.5625,0.625,0.8333333333333334,0.5882352941176471,1.4137931034482758,0.2,0.5,1.0384615384615385,1.0857142857142856,1.0,1.0
584,0.625,0.8333333333333334,0.5882352941176471,1.4137931034482758,0.2,0.5,1.0384615384615385,1.0857142857142856,1.0,1.0,0.14285714285714285
585,0.8333333333333334,0.5882352941176471,1.4137931034482758,0.2,0.5,1.0384615384615385,1.0857142857142856,1.0,1.0,0.14285714285714285,0.4
586,0.5882352941176471,1.4137931034482758,0.2,0.5,1.0384615384615385,1.0857142857142856,1.0,1.0,0.14285714285714285,0.4,0.5555555555555556
587,1.4137931034482758,0.2,0.5,1.0384615384615385,1.0857142857142856,1.0,1.0,0.14285714285714285,0.4,0.5555555555555556,1.5555555555555556
588,0.2,0.5,1.0384615384615385,1.0857142857142856,1.0,1.0,0.14285714285714285,0.4,0.5555555555555556,1.5555555555555556,1.4545454545454546
589,0.5,1.0384615384615385,1.0857142857142856,1.0,1.0,0.14285714285714285,0.4,0.5555555555555556,1.5555555555555556,1.4545454545454546,1.44
590,1.0384615384615385,1.0857142857142856,1.0,1.0,0.14285714285714285,0.4,0.5555555555555556,1.5555555555555556,1.4545454545454546,1.44,0.9166666666666666
591,1.0857142857142856,1.0,1.0,0.14285714285714285,0.4,0.5555555555555556,1.5555555555555556,1.4545454545454546,1.44,0.9166666666666666,1.206896551724138
592,1.0,1.0,0.14285714285714285,0.4,0.5555555555555556,1.5555555555555556,1.4545454545454546,1.44,0.9166666666666666,1.206896551724138,0.5
593,1.0,0.14285714285714285,0.4,0.5555555555555556,1.5555555555555556,1.4545454545454546,1.44,0.9166666666666666,1.206896551724138,0.5,2.0
594,0.14285714285714285,0.4,0.5555555555555556,1.5555555555555556,1.4545454545454546,1.44,0.9166666666666666,1.206896551724138,0.5,2.0,1.7
595,0.4,0.5555555555555556,1.5555555555555556,1.4545454545454546,1.44,0.9166666666666666,1.206896551724138,0.5,2.0,1.7,1.2
596,0.5555555555555556,1.5555555555555556,1.4545454545454546,1.44,0.9166666666666666,1.206896551724138,0.5,2.0,1.7,1.2,0.4
597,1.5555555555555556,1.4545454545454546,1.44,0.9166666666666666,1.206896551724138,0.5,2.0,1.7,1.2,0.4,0.7272727272727273
598,1.4545454545454546,1.44,0.9166666666666666,1.206896551724138,0.5,2.0,1.7,1.2,0.4,0.7272727272727273,0.0
599,1.44,0.9166666666666666,1.206896551724138,0.5,2.0,1.7,1.2,0.4,0.7272727272727273,0.0,1.1818181818181819
600,0.9166666666666666,1.206896551724138,0.5,2.0,1.7,1.2,0.4,0.7272727272727273,0.0,1.1818181818181819,0.42857142857142855
601,1.206896551724138,0.5,2.0,1.7,1.2,0.4,0.7272727272727273,0.0,1.1818181818181819,0.42857142857142855,1.0
602,0.5,2.0,1.7,1.2,0.4,0.7272727272727273,0.0,1.1818181818181819,0.42857142857142855,1.0,0.35714285714285715
603,2.0,1.7,1.2,0.4,0.7272727272727273,0.0,1.1818181818181819,0.42857142857142855,1.0,0.35714285714285715,1.0
604,1.7,1.2,0.4,0.7272727272727273,0.0,1.1818181818181819,0.42857142857142855,1.0,0.35714285714285715,1.0,0.6666666666666666
605,1.2,0.4,0.7272727272727273,0.0,1.1818181818181819,0.42857142857142855,1.0,0.35714285714285715,1.0,0.6666666666666666,1.3125
606,0.4,0.7272727272727273,0.0,1.1818181818181819,0.42857142857142855,1.0,0.35714285714285715,1.0,0.6666666666666666,1.3125,0.0
607,0.7272727272727273,0.0,1.1818181818181819,0.42857142857142855,1.0,0.35714285714285715,1.0,0.6666666666666666,1.3125,0.0,1.2
608,0.0,1.1818181818181819,0.42857142857142855,1.0,0.35714285714285715,1.0,0.6666666666666666,1.3125,0.0,1.2,1.0
609,1.1818181818181819,0.42857142857142855,1.0,0.35714285714285715,1.0,0.6666666666666666,1.3125,0.0,1.2,1.0,0.9473684210526315
610,0.9166666666666666,0.9565217391304348,0.7391304347826086,0.5,0.125,1.1794871794871795,0.6666666666666666,0.4444444444444444,1.2222222222222223,1.3333333333333333,1.125
611,0.9565217391304348,0.7391304347826086,0.5,0.125,1.1794871794871795,0.6666666666666666,0.4444444444444444,1.2222222222222223,1.3333333333333333,1.125,1.6
612,0.7391304347826086,0.5,0.125,1.1794871794871795,0.6666666666666666,0.4444444444444444,1.2222222222222223,1.3333333333333333,1.125,1.6,0.375
613,0.5,0.125,1.1794871794871795,0.6666666666666666,0.4444444444444444,1.2222222222222223,1.3333333333333333,1.125,1.6,0.375,0.7142857142857143
614,0.125,1.1794871794871795,0.6666666666666666,0.4444444444444444,1.2222222222222223,1.3333333333333333,1.125,1.6,0.375,0.7142857142857143,0.5
615,1.1794871794871795,0.6666666666666666,0.4444444444444444,1.2222222222222223,1.3333333333333333,1.125,1.6,0.375,0.7142857142857143,0.5,0.6666666666666666
616,0.6666666666666666,0.4444444444444444,1.2222222222222223,1.3333333333333333,1.125,1.6,0.375,0.7142857142857143,0.5,0.6666666666666666,0.6785714285714286
617,0.4444444444444444,1.2222222222222223,1.3333333333333333,1.125,1.6,0.375,0.7142857142857143,0.5,0.6666666666666666,0.6785714285714286,0.125
618,1.2222222222222223,1.3333333333333333,1.125,1.6,0.375,0.7142857142857143,0.5,0.6666666666666666,0.6785714285714286,0.125,1.0869565217391304
619,1.3333333333333333,1.125,1.6,0.375,0.7142857142857143,0.5,0.6666666666666666,0.6785714285714286,0.125,1.0869565217391304,1.1081081081081081
620,1.125,1.6,0.375,0.7142857142857143,0.5,0.6666666666666666,0.6785714285714286,0.125,1.0869565217391304,1.1081081081081081,1.6
621,1.6,0.375,0.7142857142857143,0.5,0.6666666666666666,0.6785714285714286,0.125,1.0869565217391304,1.1081081081081081,1.6,0.4
622,0.375,0.7142857142857143,0.5,0.6666666666666666,0.6785714285714286,0.125,1.0869565217391304,1.1081081081081081,1.6,0.4,0.6666666666666666
623,0.0,0.5333333333333333,1.5,1.4,1.4146341463414633,2.1785714285714284,1.2,2.761904761904762,1.0833333333333333,1.84,0.3333333333333333
624,0.5333333333333333,1.5,1.4,1.4146341463414633,2.1785714285714284,1.2,2.761904761904762,1.0833333333333333,1.84,0.3333333333333333,1.1666666666666667
625,1.5,1.4,1.4146341463414633,2.1785714285714284,1.2,2.761904761904762,1.0833333333333333,1.84,0.3333333333333333,1.1666666666666667,2.0
626,1.4,1.4146341463414633,2.1785714285714284,1.2,2.761904761904762,1.0833333333333333,1.84,0.3333333333333333,1.1666666666666667,2.0,2.357142857142857
627,1.4146341463414633,2.1785714285714284,1.2,2.761904761904762,1.0833333333333333,1.84,0.3333333333333333,1.1666666666666667,2.0,2.357142857142857,1.5
628,2.1785714285714284,1.2,2.761904761904762,1.0833333333333333,1.84,0.3333333333333333,1.1666666666666667,2.0,2.357142857142857,1.5,1.0
629,1.2,2.761904761904762,1.0833333333333333,1.84,0.3333333333333333,1.1666666666666667,2.0,2.357142857142857,1.5,1.0,1.275
630,2.761904761904762,1.0833333333333333,1.84,0.3333333333333333,1.1666666666666667,2.0,2.357142857142857,1.5,1.0,1.275,0.6666666666666666
631,1.0833333333333333,1.84,0.3333333333333333,1.1666666666666667,2.0,2.357142857142857,1.5,1.0,1.275,0.6666666666666666,1.6666666666666667
632,1.84,0.3333333333333333,1.1666666666666667,2.0,2.357142857142857,1.5,1.0,1.275,0.6666666666666666,1.6666666666666667,0.0
633,0.3333333333333333,1.1666666666666667,2.0,2.357142857142857,1.5,1.0,1.275,0.6666666666666666,1.6666666666666667,0.0,0.75
634,1.1666666666666667,2.0,2.357142857142857,1.5,1.0,1.275,0.6666666666666666,1.6666666666666667,0.0,0.75,1.7272727272727273
635,2.0,2.357142857142857,1.5,1.0,1.275,0.6666666666666666,1.6666666666666667,0.0,0.75,1.7272727272727273,0.0
636,2.357142857142857,1.5,1.0,1.275,0.6666666666666666,1.6666666666666667,0.0,0.75,1.7272727272727273,0.0,0.5454545454545454
637,1.5,1.0,1.275,0.6666666666666666,1.6666666666666667,0.0,0.75,1.7272727272727273,0.0,0.5454545454545454,2.066666666666667
638,1.0,1.275,0.6666666666666666,1.6666666666666667,0.0,0.75,1.7272727272727273,0.0,0.5454545454545454,2.066666666666667,1.25
639,1.275,0.6666666666666666,1.6666666666666667,0.0,0.75,1.7272727272727273,0.0,0.5454545454545454,2.066666666666667,1.25,0.6666666666666666
640,0.6666666666666666,1.6666666666666667,0.0,0.75,1.7272727272727273,0.0,0.5454545454545454,2.066666666666667,1.25,0.6666666666666666,0.8571428571428571
641,1.6666666666666667,0.0,0.75,1.7272727272727273,0.0,0.5454545454545454,2.066666666666667,1.25,0.6666666666666666,0.8571428571428571,0.6363636363636364
642,0.0,0.75,1.7272727272727273,0.0,0.5454545454545454,2.066666666666667,1.25,0.6666666666666666,0.8571428571428571,0.6363636363636364,1.105263157894737
643,0.75,1.7272727272727273,0.0,0.5454545454545454,2.066666666666667,1.25,0.6666666666666666,0.8571428571428571,0.6363636363636364,1.105263157894737,1.6486486486486487
644,1.7272727272727273,0.0,0.5454545454545454,2.066666666666667,1.25,0.6666666666666666,0.8571428571428571,0.6363636363636364,1.105263157894737,1.6486486486486487,1.2222222222222223
645,0.0,0.5454545454545454,2.066666666666667,1.25,0.6666666666666666,0.8571428571428571,0.6363636363636364,1.105263157894737,1.6486486486486487,1.2222222222222223,1.5333333333333334
646,0.5454545454545454,2.066666666666667,1.25,0.6666666666666666,0.8571428571428571,0.6363636363636364,1.105263157894737,1.6486486486486487,1.2222222222222223,1.5333333333333334,1.9411764705882353
647,2.066666666666667,1.25,0.6666666666666666,0.8571428571428571,0.6363636363636364,1.105263157894737,1.6486486486486487,1.2222222222222223,1.5333333333333334,1.9411764705882353,1.3636363636363635
648,1.25,0.6666666666666666,0.8571428571428571,0.6363636363636364,1.105263157894737,1.6486486486486487,1.2222222222222223,1.5333333333333334,1.9411764705882353,1.3636363636363635,1.5833333333333333
649,0.6666666666666666,0.8571428571428571,0.6363636363636364,1.105263157894737,1.6486486486486487,1.2222222222222223,1.5333333333333334,1.9411764705882353,1.3636363636363635,1.5833333333333333,1.3214285714285714
650,0.8571428571428571,0.6363636363636364,1.105263157894737,1.6486486486486487,1.2222222222222223,1.5333333333333334,1.9411764705882353,1.3636363636363635,1.5833333333333333,1.3214285714285714,1.1818181818181819
651,0.6363636363636364,1.105263157894737,1.6486486486486487,1.2222222222222223,1.5333333333333334,1.9411764705882353,1.3636363636363635,1.5833333333333333,1.3214285714285714,1.1818181818181819,1.0851063829787233
652,1.105263157894737,1.6486486486486487,1.2222222222222223,1.5333333333333334,1.9411764705882353,1.3636363636363635,1.5833333333333333,1.3214285714285714,1.1818181818181819,1.0851063829787233,1.4615384615384615
653,1.6486486486486487,1.2222222222222223,1.5333333333333334,1.9411764705882353,1.3636363636363635,1.5833333333333333,1.3214285714285714,1.1818181818181819,1.0851063829787233,1.4615384615384615,1.05
654,1.2222222222222223,1.5333333333333334,1.9411764705882353,1.3636363636363635,1.5833333333333333,1.3214285714285714,1.1818181818181819,1.0851063829787233,1.4615384615384615,1.05,1.4827586206896552
655,1.5333333333333334,1.9411764705882353,1.3636363636363635,1.5833333333333333,1.3214285714285714,1.1818181818181819,1.0851063829787233,1.4615384615384615,1.05,1.4827586206896552,0.5
656,1.9411764705882353,1.3636363636363635,1.5833333333333333,1.3214285714285714,1.1818181818181819,1.0851063829787233,1.4615384615384615,1.05,1.4827586206896552,0.5,0.7857142857142857
657,1.3636363636363635,1.5833333333333333,1.3214285714285714,1.1818181818181819,1.0851063829787233,1.4615384615384615,1.05,1.4827586206896552,0.5,0.7857142857142857,0.5
658,1.5833333333333333,1.3214285714285714,1.1818181818181819,1.0851063829787233,1.4615384615384615,1.05,1.4827586206896552,0.5,0.7857142857142857,0.5,1.6363636363636365
659,1.3214285714285714,1.1818181818181819,1.0851063829787233,1.4615384615384615,1.05,1.4827586206896552,0.5,0.7857142857142857,0.5,1.6363636363636365,1.5507246376811594
660,1.1818181818181819,1.0851063829787233,1.4615384615384615,1.05,1.4827586206896552,0.5,0.7857142857142857,0.5,1.6363636363636365,1.5507246376811594,0.25
661,1.0851063829787233,1.4615384615384615,1.05,1.4827586206896552,0.5,0.7857142857142857,0.5,1.6363636363636365,1.5507246376811594,0.25,1.1111111111111112
662,1.4615384615384615,1.05,1.4827586206896552,0.5,0.7857142857142857,0.5,1.6363636363636365,1.5507246376811594,0.25,1.1111111111111112,0.3333333333333333
663,1.05,1.4827586206896552,0.5,0.7857142857142857,0.5,1.6363636363636365,1.5507246376811594,0.25,1.1111111111111112,0.3333333333333333,0.84
664,1.4827586206896552,0.5,0.7857142857142857,0.5,1.6363636363636365,1.5507246376811594,0.25,1.1111111111111112,0.3333333333333333,0.84,1.0714285714285714
665,0.5,0.7857142857142857,0.5,1.6363636363636365,1.5507246376811594,0.25,1.1111111111111112,0.3333333333333333,0.84,1.0714285714285714,0.7241379310344828
666,0.7857142857142857,0.5,1.6363636363636365,1.5507246376811594,0.25,1.1111111111111112,0.3333333333333333,0.84,1.0714285714285714,0.7241379310344828,0.6666666666666666
667,0.5,1.6363636363636365,1.5507246376811594,0.25,1.1111111111111112,0.3333333333333333,0.84,1.0714285714285714,0.7241379310344828,0.6666666666666666,1.2448979591836735
668,1.6363636363636365,1.5507246376811594,0.25,1.1111111111111112,0.3333333333333333,0.84,1.0714285714285714,0.7241379310344828,0.6666666666666666,1.2448979591836735,1.2826086956521738
669,1.5507246376811594,0.25,1.1111111111111112,0.3333333333333333,0.84,1.0714285714285714,0.7241379310344828,0.6666666666666666,1.2448979591836735,1.2826086956521738,2.111111111111111
670,0.25,1.1111111111111112,0.3333333333333333,0.84,1.0714285714285714,0.7241379310344828,0.6666666666666666,1.2448979591836735,1.2826086956521738,2.111111111111111,1.625
671,1.1111111111111112,0.3333333333333333,0.84,1.0714285714285714,0.7241379310344828,0.6666666666666666,1.2448979591836735,1.2826086956521738,2.111111111111111,1.625,1.864864864864865
672,0.3333333333333333,0.84,1.0714285714285714,0.7241379310344828,0.6666666666666666,1.2448979591836735,1.2826086956521738,2.111111111111111,1.625,1.864864864864865,1.8181818181818181
673,0.84,1.0714285714285714,0.7241379310344828,0.6666666666666666,1.2448979591836735,1.2826086956521738,2.111111111111111,1.625,1.864864864864865,1.8181818181818181,1.6
674,1.0714285714285714,0.7241379310344828,0.6666666666666666,1.2448979591836735,1.2826086956521738,2.111111111111111,1.625,1.864864864864865,1.8181818181818181,1.6,1.0
675,0.7241379310344828,0.6666666666666666,1.2448979591836735,1.2826086956521738,2.111111111111111,1.625,1.864864864864865,1.8181818181818181,1.6,1.0,1.0
676,0.6666666666666666,1.2448979591836735,1.2826086956521738,2.111111111111111,1.625,1.864864864864865,1.8181818181818181,1.6,1.0,1.0,1.4594594594594594
677,1.2448979591836735,1.2826086956521738,2.111111111111111,1.625,1.864864864864865,1.8181818181818181,1.6,1.0,1.0,1.4594594594594594,1.6041666666666667
678,1.2826086956521738,2.111111111111111,1.625,1.864864864864865,1.8181818181818181,1.6,1.0,1.0,1.4594594594594594,1.6041666666666667,1.0
679,2.111111111111111,1.625,1.864864864864865,1.8181818181818181,1.6,1.0,1.0,1.4594594594594594,1.6041666666666667,1.0,1.975
680,1.625,1.864864864864865,1.8181818181818181,1.6,1.0,1.0,1.4594594594594594,1.6041666666666667,1.0,1.975,0.0
681,1.864864864864865,1.8181818181818181,1.6,1.0,1.0,1.4594594594594594,1.6041666666666667,1.0,1.975,0.0,0.4
682,1.8181818181818181,1.6,1.0,1.0,1.4594594594594594,1.6041666666666667,1.0,1.975,0.0,0.4,0.5714285714285714
683,1.6,1.0,1.0,1.4594594594594594,1.6041666666666667,1.0,1.975,0.0,0.4,0.5714285714285714,1.6818181818181819
684,1.0,1.0,1.4594594594594594,1.6041666666666667,1.0,1.975,0.0,0.4,0.5714285714285714,1.6818181818181819,1.6666666666666667
685,1.0,1.4594594594594594,1.6041666666666667,1.0,1.975,0.0,0.4,0.5714285714285714,1.6818181818181819,1.6666666666666667,0.42857142857142855
686,1.4594594594594594,1.6041666666666667,1.0,1.975,0.0,0.4,0.5714285714285714,1.6818181818181819,1.6666666666666667,0.42857142857142855,1.375
687,1.6041666666666667,1.0,1.975,0.0,0.4,0.5714285714285714,1.6818181818181819,1.6666666666666667,0.42857142857142855,1.375,1.6545454545454545
688,1.0,1.975,0.0,0.4,0.5714285714285714,1.6818181818181819,1.6666666666666667,0.42857142857142855,1.375,1.6545454545454545,1.3333333333333333
689,1.975,0.0,0.4,0.5714285714285714,1.6818181818181819,1.6666666666666667,0.42857142857142855,1.375,1.6545454545454545,1.3333333333333333,1.6037735849056605
690,0.0,0.4,0.5714285714285714,1.6818181818181819,1.6666666666666667,0.42857142857142855,1.375,1.6545454545454545,1.3333333333333333,1.6037735849056605,1.763157894736842
691,0.4,0.5714285714285714,1.6818181818181819,1.6666666666666667,0.42857142857142855,1.375,1.6545454545454545,1.3333333333333333,1.6037735849056605,1.763157894736842,1.3823529411764706
692,0.5714285714285714,1.6818181818181819,1.6666666666666667,0.42857142857142855,1.375,1.6545454545454545,1.3333333333333333,1.6037735849056605,1.763157894736842,1.3823529411764706,0.75
693,1.6818181818181819,1.6666666666666667,0.42857142857142855,1.375,1.6545454545454545,1.3333333333333333,1.6037735849056605,1.763157894736842,1.3823529411764706,0.75,1.3555555555555556
694,1.6666666666666667,0.42857142857142855,1.375,1.6545454545454545,1.3333333333333333,1.6037735849056605,1.763157894736842,1.3823529411764706,0.75,1.3555555555555556,1.6153846153846154
695,0.42857142857142855,1.375,1.6545454545454545,1.3333333333333333,1.6037735849056605,1.763157894736842,1.3823529411764706,0.75,1.3555555555555556,1.6153846153846154,1.3902439024390243
696,1.375,1.6545454545454545,1.3333333333333333,1.6037735849056605,1.763157894736842,1.3823529411764706,0.75,1.3555555555555556,1.6153846153846154,1.3902439024390243,1.2272727272727273
697,1.6545454545454545,1.3333333333333333,1.6037735849056605,1.763157894736842,1.3823529411764706,0.75,1.3555555555555556,1.6153846153846154,1.3902439024390243,1.2272727272727273,1.6428571428571428
698,1.3333333333333333,1.6037735849056605,1.763157894736842,1.3823529411764706,0.75,1.3555555555555556,1.6153846153846154,1.3902439024390243,1.2272727272727273,1.6428571428571428,1.0625
699,1.6037735849056605,1.763157894736842,1.3823529411764706,0.75,1.3555555555555556,1.6153846153846154,1.3902439024390243,1.2272727272727273,1.6428571428571428,1.0625,2.04
700,1.763157894736842,1.3823529411764706,0.75,1.3555555555555556,1.6153846153846154,1.3902439024390243,1.2272727272727273,1.6428571428571428,1.0625,2.04,0.9142857142857143
701,1.3823529411764706,0.75,1.3555555555555556,1.6153846153846154,1.3902439024390243,1.2272727272727273,1.6428571428571428,1.0625,2.04,0.9142857142857143,1.288888888888889
702,0.75,1.3555555555555556,1.6153846153846154,1.3902439024390243,1.2272727272727273,1.6428571428571428,1.0625,2.04,0.9142857142857143,1.288888888888889,0.0
703,1.3555555555555556,1.6153846153846154,1.3902439024390243,1.2272727272727273,1.6428571428571428,1.0625,2.04,0.9142857142857143,1.288888888888889,0.0,1.5116279069767442
704,1.6153846153846154,1.3902439024390243,1.2272727272727273,1.6428571428571428,1.0625,2.04,0.9142857142857143,1.288888888888889,0.0,1.5116279069767442,1.3333333333333333
705,1.3902439024390243,1.2272727272727273,1.6428571428571428,1.0625,2.04,0.9142857142857143,1.288888888888889,0.0,1.5116279069767442,1.3333333333333333,1.7741935483870968
706,1.2272727272727273,1.6428571428571428,1.0625,2.04,0.9142857142857143,1.288888888888889,0.0,1.5116279069767442,1.3333333333333333,1.7741935483870968,1.9130434782608696
707,1.6428571428571428,1.0625,2.04,0.9142857142857143,1.288888888888889,0.0,1.5116279069767442,1.3333333333333333,1.7741935483870968,1.9130434782608696,1.8888888888888888
708,1.0625,2.04,0.9142857142857143,1.288888888888889,0.0,1.5116279069767442,1.3333333333333333,1.7741935483870968,1.9130434782608696,1.8888888888888888,2.0
709,2.04,0.9142857142857143,1.288888888888889,0.0,1.5116279069767442,1.3333333333333333,1.7741935483870968,1.9130434782608696,1.8888888888888888,2.0,1.411764705882353
710,0.9142857142857143,1.288888888888889,0.0,1.5116279069767442,1.3333333333333333,1.7741935483870968,1.9130434782608696,1.8888888888888888,2.0,1.411764705882353,1.603448275862069
711,1.288888888888889,0.0,1.5116279069767442,1.3333333333333333,1.7741935483870968,1.9130434782608696,1.8888888888888888,2.0,1.411764705882353,1.603448275862069,1.6888888888888889
712,0.0,1.5116279069767442,1.3333333333333333,1.7741935483870968,1.9130434782608696,1.8888888888888888,2.0,1.411764705882353,1.603448275862069,1.6888888888888889,1.3269230769230769
713,1.5116279069767442,1.3333333333333333,1.7741935483870968,1.9130434782608696,1.8888888888888888,2.0,1.411764705882353,1.603448275862069,1.6888888888888889,1.3269230769230769,0.0
714,1.3333333333333333,1.7741935483870968,1.9130434782608696,1.8888888888888888,2.0,1.411764705882353,1.603448275862069,1.6888888888888889,1.3269230769230769,0.0,1.15625
715,1.7741935483870968,1.9130434782608696,1.8888888888888888,2.0,1.411764705882353,1.603448275862069,1.6888888888888889,1.3269230769230769,0.0,1.15625,0.6666666666666666
716,1.9130434782608696,1.8888888888888888,2.0,1.411764705882353,1.603448275862069,1.6888888888888889,1.3269230769230769,0.0,1.15625,0.6666666666666666,1.7037037037037037
717,1.8888888888888888,2.0,1.411764705882353,1.603448275862069,1.6888888888888889,1.3269230769230769,0.0,1.15625,0.6666666666666666,1.7037037037037037,0.7222222222222222
718,2.0,1.411764705882353,1.603448275862069,1.6888888888888889,1.3269230769230769,0.0,1.15625,0.6666666666666666,1.7037037037037037,0.7222222222222222,1.7142857142857142
719,1.411764705882353,1.603448275862069,1.6888888888888889,1.3269230769230769,0.0,1.15625,0.6666666666666666,1.7037037037037037,0.7222222222222222,1.7142857142857142,0.0
720,1.603448275862069,1.6888888888888889,1.3269230769230769,0.0,1.15625,0.6666666666666666,1.7037037037037037,0.7222222222222222,1.7142857142857142,0.0,1.075
721,1.6888888888888889,1.3269230769230769,0.0,1.15625,0.6666666666666666,1.7037037037037037,0.7222222222222222,1.7142857142857142,0.0,1.075,1.1764705882352942
722,1.3269230769230769,0.0,1.15625,0.6666666666666666,1.7037037037037037,0.7222222222222222,1.7142857142857142,0.0,1.075,1.1764705882352942,1.864864864864865
723,0.0,1.15625,0.6666666666666666,1.7037037037037037,0.7222222222222222,1.7142857142857142,0.0,1.075,1.1764705882352942,1.864864864864865,0.0
724,1.15625,0.6666666666666666,1.7037037037037037,0.7222222222222222,1.7142857142857142,0.0,1.075,1.1764705882352942,1.864864864864865,0.0,1.903225806451613
725,0.6666666666666666,1.7037037037037037,0.7222222222222222,1.7142857142857142,0.0,1.075,1.1764705882352942,1.864864864864865,0.0,1.903225806451613,1.5576923076923077
726,1.7037037037037037,0.7222222222222222,1.7142857142857142,0.0,1.075,1.1764705882352942,1.864864864864865,0.0,1.903225806451613,1.5576923076923077,1.320754716981132
727,0.7222222222222222,1.7142857142857142,0.0,1.075,1.1764705882352942,1.864864864864865,0.0,1.903225806451613,1.5576923076923077,1.320754716981132,1.8888888888888888
728,1.7142857142857142,0.0,1.075,1.1764705882352942,1.864864864864865,0.0,1.903225806451613,1.5576923076923077,1.320754716981132,1.8888888888888888,0.5555555555555556
729,0.0,1.075,1.1764705882352942,1.864864864864865,0.0,1.903225806451613,1.5576923076923077,1.320754716981132,1.8888888888888888,0.5555555555555556,1.0851063829787233
730,1.075,1.1764705882352942,1.864864864864865,0.0,1.903225806451613,1.5576923076923077,1.320754716981132,1.8888888888888888,0.5555555555555556,1.0851063829787233,1.736842105263158
731,1.1764705882352942,1.864864864864865,0.0,1.903225806451613,1.5576923076923077,1.320754716981132,1.8888888888888888,0.5555555555555556,1.0851063829787233,1.736842105263158,2.0
732,1.864864864864865,0.0,1.903225806451613,1.5576923076923077,1.320754716981132,1.8888888888888888,0.5555555555555556,1.0851063829787233,1.736842105263158,2.0,0.75
733,0.0,1.903225806451613,1.5576923076923077,1.320754716981132,1.8888888888888888,0.5555555555555556,1.0851063829787233,1.736842105263158,2.0,0.75,0.0
734,1.903225806451613,1.5576923076923077,1.320754716981132,1.8888888888888888,0.5555555555555556,1.0851063829787233,1.736842105263158,2.0,0.75,0.0,0.8333333333333334
735,1.5576923076923077,1.320754716981132,1.8888888888888888,0.5555555555555556,1.0851063829787233,1.736842105263158,2.0,0.75,0.0,0.8333333333333334,1.5714285714285714
736,1.320754716981132,1.8888888888888888,0.5555555555555556,1.0851063829787233,1.736842105263158,2.0,0.75,0.0,0.8333333333333334,1.5714285714285714,2.0
737,1.8888888888888888,0.5555555555555556,1.0851063829787233,1.736842105263158,2.0,0.75,0.0,0.8333333333333334,1.5714285714285714,2.0,1.4
738,0.5555555555555556,1.0851063829787233,1.736842105263158,2.0,0.75,0.0,0.8333333333333334,1.5714285714285714,2.0,1.4,1.2857142857142858
739,1.0851063829787233,1.736842105263158,2.0,0.75,0.0,0.8333333333333334,1.5714285714285714,2.0,1.4,1.2857142857142858,1.5254237288135593
740,1.736842105263158,2.0,0.75,0.0,0.8333333333333334,1.5714285714285714,2.0,1.4,1.2857142857142858,1.5254237288135593,1.4545454545454546
741,2.0,0.75,0.0,0.8333333333333334,1.5714285714285714,2.0,1.4,1.2857142857142858,1.5254237288135593,1.4545454545454546,2.0
742,0.75,0.0,0.8333333333333334,1.5714285714285714,2.0,1.4,1.2857142857142858,1.5254237288135593,1.4545454545454546,2.0,1.2666666666666666
743,0.0,0.8333333333333334,1.5714285714285714,2.0,1.4,1.2857142857142858,1.5254237288135593,1.4545454545454546,2.0,1.2666666666666666,0.9655172413793104
744,0.8333333333333334,1.5714285714285714,2.0,1.4,1.2857142857142858,1.5254237288135593,1.4545454545454546,2.0,1.2666666666666666,0.9655172413793104,0.6923076923076923
745,1.5714285714285714,2.0,1.4,1.2857142857142858,1.5254237288135593,1.4545454545454546,2.0,1.2666666666666666,0.9655172413793104,0.6923076923076923,1.75
746,2.0,1.4,1.2857142857142858,1.5254237288135593,1.4545454545454546,2.0,1.2666666666666666,0.9655172413793104,0.6923076923076923,1.75,1.3953488372093024
747,1.4,1.2857142857142858,1.5254237288135593,1.4545454545454546,2.0,1.2666666666666666,0.9655172413793104,0.6923076923076923,1.75,1.3953488372093024,1.4444444444444444
748,1.2857142857142858,1.5254237288135593,1.4545454545454546,2.0,1.2666666666666666,0.9655172413793104,0.6923076923076923,1.75,1.3953488372093024,1.4444444444444444,0.6666666666666666
749,1.5254237288135593,1.4545454545454546,2.0,1.2666666666666666,0.9655172413793104,0.6923076923076923,1.75,1.3953488372093024,1.4444444444444444,0.6666666666666666,1.0588235294117647
750,1.4545454545454546,2.0,1.2666666666666666,0.9655172413793104,0.6923076923076923,1.75,1.3953488372093024,1.4444444444444444,0.6666666666666666,1.0588235294117647,0.0
751,2.0,1.2666666666666666,0.9655172413793104,0.6923076923076923,1.75,1.3953488372093024,1.4444444444444444,0.6666666666666666,1.0588235294117647,0.0,1.5576923076923077
752,1.2666666666666666,0.9655172413793104,0.6923076923076923,1.75,1.3953488372093024,1.4444444444444444,0.6666666666666666,1.0588235294117647,0.0,1.5576923076923077,1.2
753,0.9655172413793104,0.6923076923076923,1.75,1.3953488372093024,1.4444444444444444,0.6666666666666666,1.0588235294117647,0.0,1.5576923076923077,1.2,0.7272727272727273
754,0.6923076923076923,1.75,1.3953488372093024,1.4444444444444444,0.6666666666666666,1.0588235294117647,0.0,1.5576923076923077,1.2,0.7272727272727273,1.0
755,1.75,1.3953488372093024,1.4444444444444444,0.6666666666666666,1.0588235294117647,0.0,1.5576923076923077,1.2,0.7272727272727273,1.0,2.0
756,1.3953488372093024,1.4444444444444444,0.6666666666666666,1.0588235294117647,0.0,1.5576923076923077,1.2,0.7272727272727273,1.0,2.0,1.4838709677419355
757,1.4444444444444444,0.6666666666666666,1.0588235294117647,0.0,1.5576923076923077,1.2,0.7272727272727273,1.0,2.0,1.4838709677419355,1.75
758,0.6666666666666666,1.0588235294117647,0.0,1.5576923076923077,1.2,0.7272727272727273,1.0,2.0,1.4838709677419355,1.75,0.42857142857142855
759,1.0588235294117647,0.0,1.5576923076923077,1.2,0.7272727272727273,1.0,2.0,1.4838709677419355,1.75,0.42857142857142855,1.3035714285714286
760,0.0,1.5576923076923077,1.2,0.7272727272727273,1.0,2.0,1.4838709677419355,1.75,0.42857142857142855,1.3035714285714286,1.125
761,1.5576923076923077,1.2,0.7272727272727273,1.0,2.0,1.4838709677419355,1.75,0.42857142857142855,1.3035714285714286,1.125,1.0
762,1.2,0.7272727272727273,1.0,2.0,1.4838709677419355,1.75,0.42857142857142855,1.3035714285714286,1.125,1.0,1.4411764705882353
763,0.7272727272727273,1.0,2.0,1.4838709677419355,1.75,0.42857142857142855,1.3035714285714286,1.125,1.0,1.4411764705882353,1.1538461538461537
764,1.0,2.0,1.4838709677419355,1.75,0.42857142857142855,1.3035714285714286,1.125,1.0,1.4411764705882353,1.1538461538461537,0.3333333333333333
765,2.0,1.4838709677419355,1.75,0.42857142857142855,1.3035714285714286,1.125,1.0,1.4411764705882353,1.1538461538461537,0.3333333333333333,1.5714285714285714
766,1.4838709677419355,1.75,0.42857142857142855,1.3035714285714286,1.125,1.0,1.4411764705882353,1.1538461538461537,0.3333333333333333,1.5714285714285714,1.263157894736842
767,1.75,0.42857142857142855,1.3035714285714286,1.125,1.0,1.4411764705882353,1.1538461538461537,0.3333333333333333,1.5714285714285714,1.263157894736842,1.0
768,0.42857142857142855,1.3035714285714286,1.125,1.0,1.4411764705882353,1.1538461538461537,0.3333333333333333,1.5714285714285714,1.263157894736842,1.0,1.565217391304348
769,1.3035714285714286,1.125,1.0,1.4411764705882353,1.1538461538461537,0.3333333333333333,1.5714285714285714,1.263157894736842,1.0,1.565217391304348,0.8666666666666667
770,1.125,1.0,1.4411764705882353,1.1538461538461537,0.3333333333333333,1.5714285714285714,1.263157894736842,1.0,1.565217391304348,0.8666666666666667,1.105263157894737
771,1.0,1.4411764705882353,1.1538461538461537,0.3333333333333333,1.5714285714285714,1.263157894736842,1.0,1.565217391304348,0.8666666666666667,1.105263157894737,1.4
772,1.4411764705882353,1.1538461538461537,0.3333333333333333,1.5714285714285714,1.263157894736842,1.0,1.565217391304348,0.8666666666666667,1.105263157894737,1.4,1.2619047619047619
773,1.1538461538461537,0.3333333333333333,1.5714285714285714,1.263157894736842,1.0,1.565217391304348,0.8666666666666667,1.105263157894737,1.4,1.2619047619047619,1.2682926829268293
774,0.3333333333333333,1.5714285714285714,1.263157894736842,1.0,1.565217391304348,0.8666666666666667,1.105263157894737,1.4,1.2619047619047619,1.2682926829268293,0.8666666666666667
775,1.5714285714285714,1.263157894736842,1.0,1.565217391304348,0.8666666666666667,1.105263157894737,1.4,1.2619047619047619,1.2682926829268293,0.8666666666666667,1.0571428571428572
776,1.263157894736842,1.0,1.565217391304348,0.8666666666666667,1.105263157894737,1.4,1.2619047619047619,1.2682926829268293,0.8666666666666667,1.0571428571428572,2.135593220338983
777,1.0,1.565217391304348,0.8666666666666667,1.105263157894737,1.4,1.2619047619047619,1.2682926829268293,0.8666666666666667,1.0571428571428572,2.135593220338983,1.9
778,1.565217391304348,0.8666666666666667,1.105263157894737,1.4,1.2619047619047619,1.2682926829268293,0.8666666666666667,1.0571428571428572,2.135593220338983,1.9,1.1290322580645162
779,0.8666666666666667,1.105263157894737,1.4,1.2619047619047619,1.2682926829268293,0.8666666666666667,1.0571428571428572,2.135593220338983,1.9,1.1290322580645162,1.4285714285714286
780,1.105263157894737,1.4,1.2619047619047619,1.2682926829268293,0.8666666666666667,1.0571428571428572,2.135593220338983,1.9,1.1290322580645162,1.4285714285714286,2.0185185185185186
781,1.4,1.2619047619047619,1.2682926829268293,0.8666666666666667,1.0571428571428572,2.135593220338983,1.9,1.1290322580645162,1.4285714285714286,2.0185185185185186,1.2682926829268293
782,1.2619047619047619,1.2682926829268293,0.8666666666666667,1.0571428571428572,2.135593220338983,1.9,1.1290322580645162,1.4285714285714286,2.0185185185185186,1.2682926829268293,0.0
783,1.2682926829268293,0.8666666666666667,1.0571428571428572,2.135593220338983,1.9,1.1290322580645162,1.4285714285714286,2.0185185185185186,1.2682926829268293,0.0,0.8888888888888888
784,0.8666666666666667,1.0571428571428572,2.135593220338983,1.9,1.1290322580645162,1.4285714285714286,2.0185185185185186,1.2682926829268293,0.0,0.8888888888888888,2.0
785,1.0571428571428572,2.135593220338983,1.9,1.1290322580645162,1.4285714285714286,2.0185185185185186,1.2682926829268293,0.0,0.8888888888888888,2.0,1.1333333333333333
786,2.135593220338983,1.9,1.1290322580645162,1.4285714285714286,2.0185185185185186,1.2682926829268293,0.0,0.8888888888888888,2.0,1.1333333333333333,1.0
787,1.9,1.1290322580645162,1.4285714285714286,2.0185185185185186,1.2682926829268293,0.0,0.8888888888888888,2.0,1.1333333333333333,1.0,1.5740740740740742
788,1.1290322580645162,1.4285714285714286,2.0185185185185186,1.2682926829268293,0.0,0.8888888888888888,2.0,1.1333333333333333,1.0,1.5740740740740742,1.0363636363636364
789,1.0,0.4,0.0,0.7777777777777778,1.0,0.0,1.5,0.0,1.0,0.4,0.25
790,0.4,0.0,0.7777777777777778,1.0,0.0,1.5,0.0,1.0,0.4,0.25,0.5
791,0.0,0.7777777777777778,1.0,0.0,1.5,0.0,1.0,0.4,0.25,0.5,1.0
792,0.7777777777777778,1.0,0.0,1.5,0.0,1.0,0.4,0.25,0.5,1.0,1.0
793,1.0,0.0,1.5,0.0,1.0,0.4,0.25,0.5,1.0,1.0,1.25
794,0.0,1.5,0.0,1.0,0.4,0.25,0.5,1.0,1.0,1.25,inf
795,1.5,0.0,1.0,0.4,0.25,0.5,1.0,1.0,1.25,inf,0.5
796,0.0,1.0,0.4,0.25,0.5,1.0,1.0,1.25,inf,0.5,0.0
797,1.0,0.4,0.25,0.5,1.0,1.0,1.25,inf,0.5,0.0,0.0
798,0.4,0.25,0.5,1.0,1.0,1.25,inf,0.5,0.0,0.0,0.5
799,0.25,0.5,1.0,1.0,1.25,inf,0.5,0.0,0.0,0.5,1.3333333333333333
800,0.5,1.0,1.0,1.25,inf,0.5,0.0,0.0,0.5,1.3333333333333333,0.0
801,1.0,1.0,1.25,inf,0.5,0.0,0.0,0.5,1.3333333333333333,0.0,2.5
802,1.0,1.25,inf,0.5,0.0,0.0,0.5,1.3333333333333333,0.0,2.5,0.0
803,1.25,inf,0.5,0.0,0.0,0.5,1.3333333333333333,0.0,2.5,0.0,0.0
804,1.105263157894737,0.5,1.096774193548387,1.0,1.25,0.0,1.3448275862068966,0.0,0.0,1.46875,0.5714285714285714
805,0.5,1.096774193548387,1.0,1.25,0.0,1.3448275862068966,0.0,0.0,1.46875,0.5714285714285714,1.625
806,1.096774193548387,1.0,1.25,0.0,1.3448275862068966,0.0,0.0,1.46875,0.5714285714285714,1.625,0.5
807,1.0,1.25,0.0,1.3448275862068966,0.0,0.0,1.46875,0.5714285714285714,1.625,0.5,2.4
808,1.25,0.0,1.3448275862068966,0.0,0.0,1.46875,0.5714285714285714,1.625,0.5,2.4,1.7142857142857142
809,0.0,1.3448275862068966,0.0,0.0,1.46875,0.5714285714285714,1.625,0.5,2.4,1.7142857142857142,0.875
810,1.3448275862068966,0.0,0.0,1.46875,0.5714285714285714,1.625,0.5,2.4,1.7142857142857142,0.875,1.2
811,0.0,0.0,1.46875,0.5714285714285714,1.625,0.5,2.4,1.7142857142857142,0.875,1.2,1.3888888888888888
812,0.0,1.46875,0.5714285714285714,1.625,0.5,2.4,1.7142857142857142,0.875,1.2,1.3888888888888888,0.6
813,1.46875,0.5714285714285714,1.625,0.5,2.4,1.7142857142857142,0.875,1.2,1.3888888888888888,0.6,2.0
814,0.5714285714285714,1.625,0.5,2.4,1.7142857142857142,0.875,1.2,1.3888888888888888,0.6,2.0,1.4166666666666667
815,1.625,0.5,2.4,1.7142857142857142,0.875,1.2,1.3888888888888888,0.6,2.0,1.4166666666666667,1.5238095238095237
816,0.5,2.4,1.7142857142857142,0.875,1.2,1.3888888888888888,0.6,2.0,1.4166666666666667,1.5238095238095237,1.1666666666666667
817,2.4,1.7142857142857142,0.875,1.2,1.3888888888888888,0.6,2.0,1.4166666666666667,1.5238095238095237,1.1666666666666667,1.7804878048780488
818,1.7142857142857142,0.875,1.2,1.3888888888888888,0.6,2.0,1.4166666666666667,1.5238095238095237,1.1666666666666667,1.7804878048780488,1.5909090909090908
819,0.875,1.2,1.3888888888888888,0.6,2.0,1.4166666666666667,1.5238095238095237,1.1666666666666667,1.7804878048780488,1.5909090909090908,2.130434782608696
820,1.2,1.3888888888888888,0.6,2.0,1.4166666666666667,1.5238095238095237,1.1666666666666667,1.7804878048780488,1.5909090909090908,2.130434782608696,1.3333333333333333
821,1.3888888888888888,0.6,2.0,1.4166666666666667,1.5238095238095237,1.1666666666666667,1.7804878048780488,1.5909090909090908,2.130434782608696,1.3333333333333333,0.0
822,0.6,2.0,1.4166666666666667,1.5238095238095237,1.1666666666666667,1.7804878048780488,1.5909090909090908,2.130434782608696,1.3333333333333333,0.0,1.0
823,2.0,1.4166666666666667,1.5238095238095237,1.1666666666666667,1.7804878048780488,1.5909090909090908,2.130434782608696,1.3333333333333333,0.0,1.0,1.4545454545454546
824,1.4166666666666667,1.5238095238095237,1.1666666666666667,1.7804878048780488,1.5909090909090908,2.130434782608696,1.3333333333333333,0.0,1.0,1.4545454545454546,1.3157894736842106
825,1.5238095238095237,1.1666666666666667,1.7804878048780488,1.5909090909090908,2.130434782608696,1.3333333333333333,0.0,1.0,1.4545454545454546,1.3157894736842106,1.434782608695652
826,1.1666666666666667,1.7804878048780488,1.5909090909090908,2.130434782608696,1.3333333333333333,0.0,1.0,1.4545454545454546,1.3157894736842106,1.434782608695652,1.6785714285714286
827,1.7804878048780488,1.5909090909090908,2.130434782608696,1.3333333333333333,0.0,1.0,1.4545454545454546,1.3157894736842106,1.434782608695652,1.6785714285714286,1.0714285714285714
828,1.5909090909090908,2.130434782608696,1.3333333333333333,0.0,1.0,1.4545454545454546,1.3157894736842106,1.434782608695652,1.6785714285714286,1.0714285714285714,0.1111111111111111
829,2.130434782608696,1.3333333333333333,0.0,1.0,1.4545454545454546,1.3157894736842106,1.434782608695652,1.6785714285714286,1.0714285714285714,0.1111111111111111,1.9285714285714286
830,1.3333333333333333,0.0,1.0,1.4545454545454546,1.3157894736842106,1.434782608695652,1.6785714285714286,1.0714285714285714,0.1111111111111111,1.9285714285714286,0.0
831,0.0,1.0,1.4545454545454546,1.3157894736842106,1.434782608695652,1.6785714285714286,1.0714285714285714,0.1111111111111111,1.9285714285714286,0.0,1.608695652173913
832,1.0,1.4545454545454546,1.3157894736842106,1.434782608695652,1.6785714285714286,1.0714285714285714,0.1111111111111111,1.9285714285714286,0.0,1.608695652173913,0.3333333333333333
833,1.4545454545454546,1.3157894736842106,1.434782608695652,1.6785714285714286,1.0714285714285714,0.1111111111111111,1.9285714285714286,0.0,1.608695652173913,0.3333333333333333,1.3703703703703705
834,1.3157894736842106,1.434782608695652,1.6785714285714286,1.0714285714285714,0.1111111111111111,1.9285714285714286,0.0,1.608695652173913,0.3333333333333333,1.3703703703703705,1.5666666666666667
835,1.434782608695652,1.6785714285714286,1.0714285714285714,0.1111111111111111,1.9285714285714286,0.0,1.608695652173913,0.3333333333333333,1.3703703703703705,1.5666666666666667,0.25
836,1.6785714285714286,1.0714285714285714,0.1111111111111111,1.9285714285714286,0.0,1.608695652173913,0.3333333333333333,1.3703703703703705,1.5666666666666667,0.25,1.25
837,1.0714285714285714,0.1111111111111111,1.9285714285714286,0.0,1.608695652173913,0.3333333333333333,1.3703703703703705,1.5666666666666667,0.25,1.25,0.0
838,0.1111111111111111,1.9285714285714286,0.0,1.608695652173913,0.3333333333333333,1.3703703703703705,1.5666666666666667,0.25,1.25,0.0,2.25
839,1.9285714285714286,0.0,1.608695652173913,0.3333333333333333,1.3703703703703705,1.5666666666666667,0.25,1.25,0.0,2.25,1.8974358974358974
840,0.0,1.608695652173913,0.3333333333333333,1.3703703703703705,1.5666666666666667,0.25,1.25,0.0,2.25,1.8974358974358974,1.6363636363636365
841,1.608695652173913,0.3333333333333333,1.3703703703703705,1.5666666666666667,0.25,1.25,0.0,2.25,1.8974358974358974,1.6363636363636365,1.5535714285714286
842,0.3333333333333333,1.3703703703703705,1.5666666666666667,0.25,1.25,0.0,2.25,1.8974358974358974,1.6363636363636365,1.5535714285714286,1.0
843,1.3703703703703705,1.5666666666666667,0.25,1.25,0.0,2.25,1.8974358974358974,1.6363636363636365,1.5535714285714286,1.0,1.1428571428571428
844,1.5666666666666667,0.25,1.25,0.0,2.25,1.8974358974358974,1.6363636363636365,1.5535714285714286,1.0,1.1428571428571428,1.7857142857142858
845,0.25,1.25,0.0,2.25,1.8974358974358974,1.6363636363636365,1.5535714285714286,1.0,1.1428571428571428,1.7857142857142858,1.4090909090909092
846,1.25,0.0,2.25,1.8974358974358974,1.6363636363636365,1.5535714285714286,1.0,1.1428571428571428,1.7857142857142858,1.4090909090909092,1.2571428571428571
847,0.0,2.25,1.8974358974358974,1.6363636363636365,1.5535714285714286,1.0,1.1428571428571428,1.7857142857142858,1.4090909090909092,1.2571428571428571,1.3793103448275863
848,2.25,1.8974358974358974,1.6363636363636365,1.5535714285714286,1.0,1.1428571428571428,1.7857142857142858,1.4090909090909092,1.2571428571428571,1.3793103448275863,0.6
849,1.8974358974358974,1.6363636363636365,1.5535714285714286,1.0,1.1428571428571428,1.7857142857142858,1.4090909090909092,1.2571428571428571,1.3793103448275863,0.6,1.7027027027027026
850,1.6363636363636365,1.5535714285714286,1.0,1.1428571428571428,1.7857142857142858,1.4090909090909092,1.2571428571428571,1.3793103448275863,0.6,1.7027027027027026,2.4285714285714284
851,1.5535714285714286,1.0,1.1428571428571428,1.7857142857142858,1.4090909090909092,1.2571428571428571,1.3793103448275863,0.6,1.7027027027027026,2.4285714285714284,1.0
852,1.0,1.1428571428571428,1.7857142857142858,1.4090909090909092,1.2571428571428571,1.3793103448275863,0.6,1.7027027027027026,2.4285714285714284,1.0,1.3181818181818181
853,1.1428571428571428,1.7857142857142858,1.4090909090909092,1.2571428571428571,1.3793103448275863,0.6,1.7027027027027026,2.4285714285714284,1.0,1.3181818181818181,1.1176470588235294
854,1.7857142857142858,1.4090909090909092,1.2571428571428571,1.3793103448275863,0.6,1.7027027027027026,2.4285714285714284,1.0,1.3181818181818181,1.1176470588235294,1.2
855,1.4090909090909092,1.2571428571428571,1.3793103448275863,0.6,1.7027027027027026,2.4285714285714284,1.0,1.3181818181818181,1.1176470588235294,1.2,1.5348837209302326
856,1.2571428571428571,1.3793103448275863,0.6,1.7027027027027026,2.4285714285714284,1.0,1.3181818181818181,1.1176470588235294,1.2,1.5348837209302326,2.0
857,1.3793103448275863,0.6,1.7027027027027026,2.4285714285714284,1.0,1.3181818181818181,1.1176470588235294,1.2,1.5348837209302326,2.0,0.8333333333333334
858,0.6,1.7027027027027026,2.4285714285714284,1.0,1.3181818181818181,1.1176470588235294,1.2,1.5348837209302326,2.0,0.8333333333333334,0.6
859,1.7027027027027026,2.4285714285714284,1.0,1.3181818181818181,1.1176470588235294,1.2,1.5348837209302326,2.0,0.8333333333333334,0.6,2.6666666666666665
860,2.4285714285714284,1.0,1.3181818181818181,1.1176470588235294,1.2,1.5348837209302326,2.0,0.8333333333333334,0.6,2.6666666666666665,0.6666666666666666
861,1.0,1.3181818181818181,1.1176470588235294,1.2,1.5348837209302326,2.0,0.8333333333333334,0.6,2.6666666666666665,0.6666666666666666,0.0
862,1.3181818181818181,1.1176470588235294,1.2,1.5348837209302326,2.0,0.8333333333333334,0.6,2.6666666666666665,0.6666666666666666,0.0,1.7272727272727273
863,1.1176470588235294,1.2,1.5348837209302326,2.0,0.8333333333333334,0.6,2.6666666666666665,0.6666666666666666,0.0,1.7272727272727273,0.6666666666666666
864,1.2,1.5348837209302326,2.0,0.8333333333333334,0.6,2.6666666666666665,0.6666666666666666,0.0,1.7272727272727273,0.6666666666666666,1.3777777777777778
865,1.5348837209302326,2.0,0.8333333333333334,0.6,2.6666666666666665,0.6666666666666666,0.0,1.7272727272727273,0.6666666666666666,1.3777777777777778,0.95
866,2.0,0.8333333333333334,0.6,2.6666666666666665,0.6666666666666666,0.0,1.7272727272727273,0.6666666666666666,1.3777777777777778,0.95,0.9166666666666666
867,0.8333333333333334,0.6,2.6666666666666665,0.6666666666666666,0.0,1.7272727272727273,0.6666666666666666,1.3777777777777778,0.95,0.9166666666666666,1.2352941176470589
868,0.6,2.6666666666666665,0.6666666666666666,0.0,1.7272727272727273,0.6666666666666666,1.3777777777777778,0.95,0.9166666666666666,1.2352941176470589,2.066666666666667
869,2.6666666666666665,0.6666666666666666,0.0,1.7272727272727273,0.6666666666666666,1.3777777777777778,0.95,0.9166666666666666,1.2352941176470589,2.066666666666667,0.9
870,0.6666666666666666,0.0,1.7272727272727273,0.6666666666666666,1.3777777777777778,0.95,0.9166666666666666,1.2352941176470589,2.066666666666667,0.9,1.1875
871,0.0,1.7272727272727273,0.6666666666666666,1.3777777777777778,0.95,0.9166666666666666,1.2352941176470589,2.066666666666667,0.9,1.1875,1.03125
872,1.7272727272727273,0.6666666666666666,1.3777777777777778,0.95,0.9166666666666666,1.2352941176470589,2.066666666666667,0.9,1.1875,1.03125,1.0357142857142858
873,0.6666666666666666,1.3777777777777778,0.95,0.9166666666666666,1.2352941176470589,2.066666666666667,0.9,1.1875,1.03125,1.0357142857142858,1.5490196078431373
874,1.3777777777777778,0.95,0.9166666666666666,1.2352941176470589,2.066666666666667,0.9,1.1875,1.03125,1.0357142857142858,1.5490196078431373,1.0
875,0.95,0.9166666666666666,1.2352941176470589,2.066666666666667,0.9,1.1875,1.03125,1.0357142857142858,1.5490196078431373,1.0,0.8333333333333334
876,0.9166666666666666,1.2352941176470589,2.066666666666667,0.9,1.1875,1.03125,1.0357142857142858,1.5490196078431373,1.0,0.8333333333333334,0.6363636363636364
877,1.2352941176470589,2.066666666666667,0.9,1.1875,1.03125,1.0357142857142858,1.5490196078431373,1.0,0.8333333333333334,0.6363636363636364,1.0384615384615385
878,2.066666666666667,0.9,1.1875,1.03125,1.0357142857142858,1.5490196078431373,1.0,0.8333333333333334,0.6363636363636364,1.0384615384615385,0.75
879,0.9,1.1875,1.03125,1.0357142857142858,1.5490196078431373,1.0,0.8333333333333334,0.6363636363636364,1.0384615384615385,0.75,1.7666666666666666
880,1.1875,1.03125,1.0357142857142858,1.5490196078431373,1.0,0.8333333333333334,0.6363636363636364,1.0384615384615385,0.75,1.7666666666666666,0.0
881,1.03125,1.0357142857142858,1.5490196078431373,1.0,0.8333333333333334,0.6363636363636364,1.0384615384615385,0.75,1.7666666666666666,0.0,0.8867924528301887
882,1.125,1.6666666666666667,1.5,0.375,0.0,2.0,1.3333333333333333,0.0,1.6,0.6153846153846154,0.0
883,1.5384615384615385,1.3333333333333333,1.2727272727272727,2.0,0.6666666666666666,1.8888888888888888,3.4,0.75,2.0,1.6818181818181819,1.375
884,1.3333333333333333,1.2727272727272727,2.0,0.6666666666666666,1.8888888888888888,3.4,0.75,2.0,1.6818181818181819,1.375,0.7857142857142857
885,1.2727272727272727,2.0,0.6666666666666666,1.8888888888888888,3.4,0.75,2.0,1.6818181818181819,1.375,0.7857142857142857,1.4
886,2.0,0.6666666666666666,1.8888888888888888,3.4,0.75,2.0,1.6818181818181819,1.375,0.7857142857142857,1.4,1.7142857142857142
887,0.5,0.5,0.875,0.0,1.5,0.0,0.9,0.3333333333333333,0.7142857142857143,0.0,1.5384615384615385
888,1.0,0.0,0.0,0.0,1.5,3.0,0.0,1.1111111111111112,0.5,2.0,2.25
889,0.0,0.0,0.0,1.5,3.0,0.0,1.1111111111111112,0.5,2.0,2.25,1.0
890,0.0,0.0,1.5,3.0,0.0,1.1111111111111112,0.5,2.0,2.25,1.0,3.0
891,0.0,1.5,3.0,0.0,1.1111111111111112,0.5,2.0,2.25,1.0,3.0,1.0
892,1.5,3.0,0.0,1.1111111111111112,0.5,2.0,2.25,1.0,3.0,1.0,1.3333333333333333
893,3.0,0.0,1.1111111111111112,0.5,2.0,2.25,1.0,3.0,1.0,1.3333333333333333,0.0
894,0.0,1.1111111111111112,0.5,2.0,2.25,1.0,3.0,1.0,1.3333333333333333,0.0,2.3846153846153846
895,1.1111111111111112,0.5,2.0,2.25,1.0,3.0,1.0,1.3333333333333333,0.0,2.3846153846153846,1.2
896,0.5,2.0,2.25,1.0,3.0,1.0,1.3333333333333333,0.0,2.3846153846153846,1.2,1.0
897,2.0,2.25,1.0,3.0,1.0,1.3333333333333333,0.0,2.3846153846153846,1.2,1.0,0.6
898,2.25,1.0,3.0,1.0,1.3333333333333333,0.0,2.3846153846153846,1.2,1.0,0.6,1.3333333333333333
899,1.0,3.0,1.0,1.3333333333333333,0.0,2.3846153846153846,1.2,1.0,0.6,1.3333333333333333,1.411764705882353
900,3.0,1.0,1.3333333333333333,0.0,2.3846153846153846,1.2,1.0,0.6,1.3333333333333333,1.411764705882353,1.6666666666666667
901,1.0,1.3333333333333333,0.0,2.3846153846153846,1.2,1.0,0.6,1.3333333333333333,1.411764705882353,1.6666666666666667,0.0
902,1.3333333333333333,0.0,2.3846153846153846,1.2,1.0,0.6,1.3333333333333333,1.411764705882353,1.6666666666666667,0.0,1.0666666666666667
903,0.0,2.3846153846153846,1.2,1.0,0.6,1.3333333333333333,1.411764705882353,1.6666666666666667,0.0,1.0666666666666667,2.25
904,2.3846153846153846,1.2,1.0,0.6,1.3333333333333333,1.411764705882353,1.6666666666666667,0.0,1.0666666666666667,2.25,0.5
905,1.2,1.0,0.6,1.3333333333333333,1.411764705882353,1.6666666666666667,0.0,1.0666666666666667,2.25,0.5,2.25
906,1.0,0.6,1.3333333333333333,1.411764705882353,1.6666666666666667,0.0,1.0666666666666667,2.25,0.5,2.25,2.25
907,0.6,1.3333333333333333,1.411764705882353,1.6666666666666667,0.0,1.0666666666666667,2.25,0.5,2.25,2.25,0.0
908,1.3333333333333333,1.411764705882353,1.6666666666666667,0.0,1.0666666666666667,2.25,0.5,2.25,2.25,0.0,0.7272727272727273
909,1.411764705882353,1.6666666666666667,0.0,1.0666666666666667,2.25,0.5,2.25,2.25,0.0,0.7272727272727273,0.5
910,1.6666666666666667,0.0,1.0666666666666667,2.25,0.5,2.25,2.25,0.0,0.7272727272727273,0.5,1.5714285714285714
911,0.0,1.0666666666666667,2.25,0.5,2.25,2.25,0.0,0.7272727272727273,0.5,1.5714285714285714,0.5555555555555556
912,1.1428571428571428,0.0,1.0,1.3333333333333333,1.25,1.0,0.0,0.8571428571428571,0.42105263157894735,2.3333333333333335,1.5
913,0.0,1.0,1.3333333333333333,1.25,1.0,0.0,0.8571428571428571,0.42105263157894735,2.3333333333333335,1.5,1.3846153846153846
914,1.0,1.3333333333333333,1.25,1.0,0.0,0.8571428571428571,0.42105263157894735,2.3333333333333335,1.5,1.3846153846153846,0.0
915,1.3333333333333333,1.25,1.0,0.0,0.8571428571428571,0.42105263157894735,2.3333333333333335,1.5,1.3846153846153846,0.0,0.5
916,1.5714285714285714,0.95,1.8636363636363635,1.6,1.4583333333333333,1.8,1.3333333333333333,0.42105263157894735,0.8205128205128205,0.9230769230769231,2.207547169811321
917,0.95,1.8636363636363635,1.6,1.4583333333333333,1.8,1.3333333333333333,0.42105263157894735,0.8205128205128205,0.9230769230769231,2.207547169811321,1.6666666666666667
918,1.8636363636363635,1.6,1.4583333333333333,1.8,1.3333333333333333,0.42105263157894735,0.8205128205128205,0.9230769230769231,2.207547169811321,1.6666666666666667,1.5789473684210527
919,1.6,1.4583333333333333,1.8,1.3333333333333333,0.42105263157894735,0.8205128205128205,0.9230769230769231,2.207547169811321,1.6666666666666667,1.5789473684210527,1.3846153846153846
920,1.4583333333333333,1.8,1.3333333333333333,0.42105263157894735,0.8205128205128205,0.9230769230769231,2.207547169811321,1.6666666666666667,1.5789473684210527,1.3846153846153846,1.0
921,1.8,1.3333333333333333,0.42105263157894735,0.8205128205128205,0.9230769230769231,2.207547169811321,1.6666666666666667,1.5789473684210527,1.3846153846153846,1.0,1.2
922,1.3333333333333333,0.42105263157894735,0.8205128205128205,0.9230769230769231,2.207547169811321,1.6666666666666667,1.5789473684210527,1.3846153846153846,1.0,1.2,0.5555555555555556
923,0.42105263157894735,0.8205128205128205,0.9230769230769231,2.207547169811321,1.6666666666666667,1.5789473684210527,1.3846153846153846,1.0,1.2,0.5555555555555556,1.1627906976744187
924,0.8205128205128205,0.9230769230769231,2.207547169811321,1.6666666666666667,1.5789473684210527,1.3846153846153846,1.0,1.2,0.5555555555555556,1.1627906976744187,1.394736842105263
925,0.9230769230769231,2.207547169811321,1.6666666666666667,1.5789473684210527,1.3846153846153846,1.0,1.2,0.5555555555555556,1.1627906976744187,1.394736842105263,1.5714285714285714
926,2.207547169811321,1.6666666666666667,1.5789473684210527,1.3846153846153846,1.0,1.2,0.5555555555555556,1.1627906976744187,1.394736842105263,1.5714285714285714,0.16666666666666666
927,1.6666666666666667,1.5789473684210527,1.3846153846153846,1.0,1.2,0.5555555555555556,1.1627906976744187,1.394736842105263,1.5714285714285714,0.16666666666666666,1.2162162162162162
928,1.5789473684210527,1.3846153846153846,1.0,1.2,0.5555555555555556,1.1627906976744187,1.394736842105263,1.5714285714285714,0.16666666666666666,1.2162162162162162,1.1666666666666667
929,1.3846153846153846,1.0,1.2,0.5555555555555556,1.1627906976744187,1.394736842105263,1.5714285714285714,0.16666666666666666,1.2162162162162162,1.1666666666666667,0.75
930,1.0,1.2,0.5555555555555556,1.1627906976744187,1.394736842105263,1.5714285714285714,0.16666666666666666,1.2162162162162162,1.1666666666666667,0.75,2.2083333333333335
931,1.2,0.5555555555555556,1.1627906976744187,1.394736842105263,1.5714285714285714,0.16666666666666666,1.2162162162162162,1.1666666666666667,0.75,2.2083333333333335,1.2272727272727273
932,0.5555555555555556,1.1627906976744187,1.394736842105263,1.5714285714285714,0.16666666666666666,1.2162162162162162,1.1666666666666667,0.75,2.2083333333333335,1.2272727272727273,0.6666666666666666
933,1.1627906976744187,1.394736842105263,1.5714285714285714,0.16666666666666666,1.2162162162162162,1.1666666666666667,0.75,2.2083333333333335,1.2272727272727273,0.6666666666666666,1.2777777777777777
934,1.394736842105263,1.5714285714285714,0.16666666666666666,1.2162162162162162,1.1666666666666667,0.75,2.2083333333333335,1.2272727272727273,0.6666666666666666,1.2777777777777777,0.25
935,1.5714285714285714,0.16666666666666666,1.2162162162162162,1.1666666666666667,0.75,2.2083333333333335,1.2272727272727273,0.6666666666666666,1.2777777777777777,0.25,1.0666666666666667
936,0.16666666666666666,1.2162162162162162,1.1666666666666667,0.75,2.2083333333333335,1.2272727272727273,0.6666666666666666,1.2777777777777777,0.25,1.0666666666666667,1.1923076923076923
937,1.2162162162162162,1.1666666666666667,0.75,2.2083333333333335,1.2272727272727273,0.6666666666666666,1.2777777777777777,0.25,1.0666666666666667,1.1923076923076923,1.1923076923076923
938,1.1666666666666667,0.75,2.2083333333333335,1.2272727272727273,0.6666666666666666,1.2777777777777777,0.25,1.0666666666666667,1.1923076923076923,1.1923076923076923,0.6538461538461539
939,0.75,2.2083333333333335,1.2272727272727273,0.6666666666666666,1.2777777777777777,0.25,1.0666666666666667,1.1923076923076923,1.1923076923076923,0.6538461538461539,0.6666666666666666
940,2.2083333333333335,1.2272727272727273,0.6666666666666666,1.2777777777777777,0.25,1.0666666666666667,1.1923076923076923,1.1923076923076923,0.6538461538461539,0.6666666666666666,1.0
941,1.2272727272727273,0.6666666666666666,1.2777777777777777,0.25,1.0666666666666667,1.1923076923076923,1.1923076923076923,0.6538461538461539,0.6666666666666666,1.0,1.0
942,0.6666666666666666,1.2777777777777777,0.25,1.0666666666666667,1.1923076923076923,1.1923076923076923,0.6538461538461539,0.6666666666666666,1.0,1.0,1.3333333333333333
943,0.4,0.0,0.0,0.55,0.0,1.125,0.42857142857142855,2.142857142857143,1.5625,0.6666666666666666,0.9
944,0.0,0.0,0.55,0.0,1.125,0.42857142857142855,2.142857142857143,1.5625,0.6666666666666666,0.9,1.0
945,0.0,0.55,0.0,1.125,0.42857142857142855,2.142857142857143,1.5625,0.6666666666666666,0.9,1.0,2.25
946,0.55,0.0,1.125,0.42857142857142855,2.142857142857143,1.5625,0.6666666666666666,0.9,1.0,2.25,1.1282051282051282
947,0.0,1.125,0.42857142857142855,2.142857142857143,1.5625,0.6666666666666666,0.9,1.0,2.25,1.1282051282051282,0.75
948,1.125,0.42857142857142855,2.142857142857143,1.5625,0.6666666666666666,0.9,1.0,2.25,1.1282051282051282,0.75,1.0
949,0.42857142857142855,2.142857142857143,1.5625,0.6666666666666666,0.9,1.0,2.25,1.1282051282051282,0.75,1.0,0.0
950,2.142857142857143,1.5625,0.6666666666666666,0.9,1.0,2.25,1.1282051282051282,0.75,1.0,0.0,4.0
951,1.5625,0.6666666666666666,0.9,1.0,2.25,1.1282051282051282,0.75,1.0,0.0,4.0,3.0
952,0.6666666666666666,0.9,1.0,2.25,1.1282051282051282,0.75,1.0,0.0,4.0,3.0,1.0
953,0.9,1.0,2.25,1.1282051282051282,0.75,1.0,0.0,4.0,3.0,1.0,1.0
954,1.0,2.25,1.1282051282051282,0.75,1.0,0.0,4.0,3.0,1.0,1.0,0.3333333333333333
955,2.25,1.1282051282051282,0.75,1.0,0.0,4.0,3.0,1.0,1.0,0.3333333333333333,0.0
956,1.1282051282051282,0.75,1.0,0.0,4.0,3.0,1.0,1.0,0.3333333333333333,0.0,0.0
957,0.75,1.0,0.0,4.0,3.0,1.0,1.0,0.3333333333333333,0.0,0.0,1.7142857142857142
958,0.875,0.9,1.1428571428571428,1.65,1.1,0.631578947368421,0.8888888888888888,2.0,1.2,1.1111111111111112,0.5
959,0.9,1.1428571428571428,1.65,1.1,0.631578947368421,0.8888888888888888,2.0,1.2,1.1111111111111112,0.5,1.0
960,1.1428571428571428,1.65,1.1,0.631578947368421,0.8888888888888888,2.0,1.2,1.1111111111111112,0.5,1.0,0.0
961,1.65,1.1,0.631578947368421,0.8888888888888888,2.0,1.2,1.1111111111111112,0.5,1.0,0.0,0.5
962,1.1,0.631578947368421,0.8888888888888888,2.0,1.2,1.1111111111111112,0.5,1.0,0.0,0.5,4.0
963,0.631578947368421,0.8888888888888888,2.0,1.2,1.1111111111111112,0.5,1.0,0.0,0.5,4.0,2.2857142857142856
964,0.8888888888888888,2.0,1.2,1.1111111111111112,0.5,1.0,0.0,0.5,4.0,2.2857142857142856,1.4
965,2.0,1.2,1.1111111111111112,0.5,1.0,0.0,0.5,4.0,2.2857142857142856,1.4,1.2857142857142858
966,1.2,1.1111111111111112,0.5,1.0,0.0,0.5,4.0,2.2857142857142856,1.4,1.2857142857142858,0.9
967,1.1111111111111112,0.5,1.0,0.0,0.5,4.0,2.2857142857142856,1.4,1.2857142857142858,0.9,1.5
968,0.5,1.0,0.0,0.5,4.0,2.2857142857142856,1.4,1.2857142857142858,0.9,1.5,2.25
969,1.0,0.0,0.5,4.0,2.2857142857142856,1.4,1.2857142857142858,0.9,1.5,2.25,0.8888888888888888
970,0.0,0.5,4.0,2.2857142857142856,1.4,1.2857142857142858,0.9,1.5,2.25,0.8888888888888888,0.14285714285714285
971,0.5,4.0,2.2857142857142856,1.4,1.2857142857142858,0.9,1.5,2.25,0.8888888888888888,0.14285714285714285,1.25
972,4.0,2.2857142857142856,1.4,1.2857142857142858,0.9,1.5,2.25,0.8888888888888888,0.14285714285714285,1.25,0.0
973,2.2857142857142856,1.4,1.2857142857142858,0.9,1.5,2.25,0.8888888888888888,0.14285714285714285,1.25,0.0,0.25
974,1.4,1.2857142857142858,0.9,1.5,2.25,0.8888888888888888,0.14285714285714285,1.25,0.0,0.25,2.4615384615384617
975,1.2857142857142858,0.9,1.5,2.25,0.8888888888888888,0.14285714285714285,1.25,0.0,0.25,2.4615384615384617,0.5
976,0.9,1.5,2.25,0.8888888888888888,0.14285714285714285,1.25,0.0,0.25,2.4615384615384617,0.5,1.5714285714285714
977,1.5,2.25,0.8888888888888888,0.14285714285714285,1.25,0.0,0.25,2.4615384615384617,0.5,1.5714285714285714,2.0
978,2.25,0.8888888888888888,0.14285714285714285,1.25,0.0,0.25,2.4615384615384617,0.5,1.5714285714285714,2.0,1.2222222222222223
979,0.8888888888888888,0.14285714285714285,1.25,0.0,0.25,2.4615384615384617,0.5,1.5714285714285714,2.0,1.2222222222222223,0.25
980,0.14285714285714285,1.25,0.0,0.25,2.4615384615384617,0.5,1.5714285714285714,2.0,1.2222222222222223,0.25,0.0
981,1.25,0.0,0.25,2.4615384615384617,0.5,1.5714285714285714,2.0,1.2222222222222223,0.25,0.0,1.0
982,0.0,0.25,2.4615384615384617,0.5,1.5714285714285714,2.0,1.2222222222222223,0.25,0.0,1.0,1.5
983,0.25,2.4615384615384617,0.5,1.5714285714285714,2.0,1.2222222222222223,0.25,0.0,1.0,1.5,3.0
984,2.4615384615384617,0.5,1.5714285714285714,2.0,1.2222222222222223,0.25,0.0,1.0,1.5,3.0,1.75
985,0.5,1.5714285714285714,2.0,1.2222222222222223,0.25,0.0,1.0,1.5,3.0,1.75,1.4615384615384615
986,1.5714285714285714,2.0,1.2222222222222223,0.25,0.0,1.0,1.5,3.0,1.75,1.4615384615384615,1.0
987,2.0,1.2222222222222223,0.25,0.0,1.0,1.5,3.0,1.75,1.4615384615384615,1.0,0.0
988,1.2222222222222223,0.25,0.0,1.0,1.5,3.0,1.75,1.4615384615384615,1.0,0.0,1.5
989,0.25,0.0,1.0,1.5,3.0,1.75,1.4615384615384615,1.0,0.0,1.5,1.7647058823529411
990,0.0,1.0,1.5,3.0,1.75,1.4615384615384615,1.0,0.0,1.5,1.7647058823529411,1.5
991,1.0,1.5,3.0,1.75,1.4615384615384615,1.0,0.0,1.5,1.7647058823529411,1.5,0.7272727272727273
992,1.5,3.0,1.75,1.4615384615384615,1.0,0.0,1.5,1.7647058823529411,1.5,0.7272727272727273,1.2727272727272727
993,3.0,1.75,1.4615384615384615,1.0,0.0,1.5,1.7647058823529411,1.5,0.7272727272727273,1.2727272727272727,1.0
994,1.75,1.4615384615384615,1.0,0.0,1.5,1.7647058823529411,1.5,0.7272727272727273,1.2727272727272727,1.0,1.6363636363636365
995,1.4615384615384615,1.0,0.0,1.5,1.7647058823529411,1.5,0.7272727272727273,1.2727272727272727,1.0,1.6363636363636365,0.6
996,1.0,0.0,1.5,1.7647058823529411,1.5,0.7272727272727273,1.2727272727272727,1.0,1.6363636363636365,0.6,1.7826086956521738
997,0.0,1.5,1.7647058823529411,1.5,0.7272727272727273,1.2727272727272727,1.0,1.6363636363636365,0.6,1.7826086956521738,1.48
998,1.5,1.7647058823529411,1.5,0.7272727272727273,1.2727272727272727,1.0,1.6363636363636365,0.6,1.7826086956521738,1.48,1.0
999,1.7647058823529411,1.5,0.7272727272727273,1.2727272727272727,1.0,1.6363636363636365,0.6,1.7826086956521738,1.48,1.0,0.3333333333333333
1000,1.5,0.7272727272727273,1.2727272727272727,1.0,1.6363636363636365,0.6,1.7826086956521738,1.48,1.0,0.3333333333333333,1.588235294117647
1001,0.7272727272727273,1.2727272727272727,1.0,1.6363636363636365,0.6,1.7826086956521738,1.48,1.0,0.3333333333333333,1.588235294117647,0.0
1002,1.2727272727272727,1.0,1.6363636363636365,0.6,1.7826086956521738,1.48,1.0,0.3333333333333333,1.588235294117647,0.0,1.2941176470588236
1003,1.0,1.6363636363636365,0.6,1.7826086956521738,1.48,1.0,0.3333333333333333,1.588235294117647,0.0,1.2941176470588236,0.0
1004,1.6363636363636365,0.6,1.7826086956521738,1.48,1.0,0.3333333333333333,1.588235294117647,0.0,1.2941176470588236,0.0,0.7
1005,0.6,1.7826086956521738,1.48,1.0,0.3333333333333333,1.588235294117647,0.0,1.2941176470588236,0.0,0.7,1.0833333333333333
1006,1.7826086956521738,1.48,1.0,0.3333333333333333,1.588235294117647,0.0,1.2941176470588236,0.0,0.7,1.0833333333333333,3.0
1007,1.48,1.0,0.3333333333333333,1.588235294117647,0.0,1.2941176470588236,0.0,0.7,1.0833333333333333,3.0,1.5
1008,1.0,0.3333333333333333,1.588235294117647,0.0,1.2941176470588236,0.0,0.7,1.0833333333333333,3.0,1.5,1.0
1009,0.3333333333333333,1.588235294117647,0.0,1.2941176470588236,0.0,0.7,1.0833333333333333,3.0,1.5,1.0,1.25
1010,1.588235294117647,0.0,1.2941176470588236,0.0,0.7,1.0833333333333333,3.0,1.5,1.0,1.25,1.2941176470588236
1011,0.0,1.2941176470588236,0.0,0.7,1.0833333333333333,3.0,1.5,1.0,1.25,1.2941176470588236,0.0
1012,1.2941176470588236,0.0,0.7,1.0833333333333333,3.0,1.5,1.0,1.25,1.2941176470588236,0.0,1.6
1013,0.0,0.7,1.0833333333333333,3.0,1.5,1.0,1.25,1.2941176470588236,0.0,1.6,0.2
1014,0.78125,1.2,1.0769230769230769,1.6666666666666667,0.0,0.0,1.3214285714285714,0.3333333333333333,0.25,0.8947368421052632,1.4545454545454546
1015,1.2,1.0769230769230769,1.6666666666666667,0.0,0.0,1.3214285714285714,0.3333333333333333,0.25,0.8947368421052632,1.4545454545454546,1.0
1016,1.0769230769230769,1.6666666666666667,0.0,0.0,1.3214285714285714,0.3333333333333333,0.25,0.8947368421052632,1.4545454545454546,1.0,0.7777777777777778
1017,1.6666666666666667,0.0,0.0,1.3214285714285714,0.3333333333333333,0.25,0.8947368421052632,1.4545454545454546,1.0,0.7777777777777778,0.5294117647058824
1018,0.0,0.0,1.3214285714285714,0.3333333333333333,0.25,0.8947368421052632,1.4545454545454546,1.0,0.7777777777777778,0.5294117647058824,1.8333333333333333
1019,0.0,1.3214285714285714,0.3333333333333333,0.25,0.8947368421052632,1.4545454545454546,1.0,0.7777777777777778,0.5294117647058824,1.8333333333333333,1.1428571428571428
1020,1.3214285714285714,0.3333333333333333,0.25,0.8947368421052632,1.4545454545454546,1.0,0.7777777777777778,0.5294117647058824,1.8333333333333333,1.1428571428571428,0.8235294117647058
1021,0.3333333333333333,0.25,0.8947368421052632,1.4545454545454546,1.0,0.7777777777777778,0.5294117647058824,1.8333333333333333,1.1428571428571428,0.8235294117647058,0.2
1022,0.25,0.8947368421052632,1.4545454545454546,1.0,0.7777777777777778,0.5294117647058824,1.8333333333333333,1.1428571428571428,0.8235294117647058,0.2,0.14285714285714285
1023,0.8947368421052632,1.4545454545454546,1.0,0.7777777777777778,0.5294117647058824,1.8333333333333333,1.1428571428571428,0.8235294117647058,0.2,0.14285714285714285,1.0
1024,1.4545454545454546,1.0,0.7777777777777778,0.5294117647058824,1.8333333333333333,1.1428571428571428,0.8235294117647058,0.2,0.14285714285714285,1.0,1.7142857142857142
1025,1.0,0.7777777777777778,0.5294117647058824,1.8333333333333333,1.1428571428571428,0.8235294117647058,0.2,0.14285714285714285,1.0,1.7142857142857142,1.4
1026,0.7777777777777778,0.5294117647058824,1.8333333333333333,1.1428571428571428,0.8235294117647058,0.2,0.14285714285714285,1.0,1.7142857142857142,1.4,0.0
1027,0.5294117647058824,1.8333333333333333,1.1428571428571428,0.8235294117647058,0.2,0.14285714285714285,1.0,1.7142857142857142,1.4,0.0,3.6666666666666665
1028,1.8333333333333333,1.1428571428571428,0.8235294117647058,0.2,0.14285714285714285,1.0,1.7142857142857142,1.4,0.0,3.6666666666666665,0.8888888888888888
1029,1.1428571428571428,0.8235294117647058,0.2,0.14285714285714285,1.0,1.7142857142857142,1.4,0.0,3.6666666666666665,0.8888888888888888,1.5
1030,0.8235294117647058,0.2,0.14285714285714285,1.0,1.7142857142857142,1.4,0.0,3.6666666666666665,0.8888888888888888,1.5,1.6326530612244898
1031,0.2,0.14285714285714285,1.0,1.7142857142857142,1.4,0.0,3.6666666666666665,0.8888888888888888,1.5,1.6326530612244898,1.9285714285714286
1032,0.14285714285714285,1.0,1.7142857142857142,1.4,0.0,3.6666666666666665,0.8888888888888888,1.5,1.6326530612244898,1.9285714285714286,1.709090909090909
1033,1.0,1.7142857142857142,1.4,0.0,3.6666666666666665,0.8888888888888888,1.5,1.6326530612244898,1.9285714285714286,1.709090909090909,0.0
1034,1.7142857142857142,1.4,0.0,3.6666666666666665,0.8888888888888888,1.5,1.6326530612244898,1.9285714285714286,1.709090909090909,0.0,0.7777777777777778
1035,1.4,0.0,3.6666666666666665,0.8888888888888888,1.5,1.6326530612244898,1.9285714285714286,1.709090909090909,0.0,0.7777777777777778,0.9666666666666667
1036,0.0,3.6666666666666665,0.8888888888888888,1.5,1.6326530612244898,1.9285714285714286,1.709090909090909,0.0,0.7777777777777778,0.9666666666666667,1.7857142857142858
1037,3.6666666666666665,0.8888888888888888,1.5,1.6326530612244898,1.9285714285714286,1.709090909090909,0.0,0.7777777777777778,0.9666666666666667,1.7857142857142858,1.2692307692307692
1038,0.8888888888888888,1.5,1.6326530612244898,1.9285714285714286,1.709090909090909,0.0,0.7777777777777778,0.9666666666666667,1.7857142857142858,1.2692307692307692,1.3636363636363635
1039,1.5,1.6326530612244898,1.9285714285714286,1.709090909090909,0.0,0.7777777777777778,0.9666666666666667,1.7857142857142858,1.2692307692307692,1.3636363636363635,1.2
1040,1.6326530612244898,1.9285714285714286,1.709090909090909,0.0,0.7777777777777778,0.9666666666666667,1.7857142857142858,1.2692307692307692,1.3636363636363635,1.2,1.75
1041,1.9285714285714286,1.709090909090909,0.0,0.7777777777777778,0.9666666666666667,1.7857142857142858,1.2692307692307692,1.3636363636363635,1.2,1.75,1.25
1042,1.709090909090909,0.0,0.7777777777777778,0.9666666666666667,1.7857142857142858,1.2692307692307692,1.3636363636363635,1.2,1.75,1.25,2.375
1043,0.0,0.7777777777777778,0.9666666666666667,1.7857142857142858,1.2692307692307692,1.3636363636363635,1.2,1.75,1.25,2.375,1.1666666666666667
1044,0.7777777777777778,0.9666666666666667,1.7857142857142858,1.2692307692307692,1.3636363636363635,1.2,1.75,1.25,2.375,1.1666666666666667,0.8333333333333334
1045,0.9666666666666667,1.7857142857142858,1.2692307692307692,1.3636363636363635,1.2,1.75,1.25,2.375,1.1666666666666667,0.8333333333333334,1.3
1046,1.7857142857142858,1.2692307692307692,1.3636363636363635,1.2,1.75,1.25,2.375,1.1666666666666667,0.8333333333333334,1.3,0.8181818181818182
1047,1.2692307692307692,1.3636363636363635,1.2,1.75,1.25,2.375,1.1666666666666667,0.8333333333333334,1.3,0.8181818181818182,0.25
1048,1.3636363636363635,1.2,1.75,1.25,2.375,1.1666666666666667,0.8333333333333334,1.3,0.8181818181818182,0.25,1.8333333333333333
1049,1.2,1.75,1.25,2.375,1.1666666666666667,0.8333333333333334,1.3,0.8181818181818182,0.25,1.8333333333333333,1.0833333333333333
1050,1.75,1.25,2.375,1.1666666666666667,0.8333333333333334,1.3,0.8181818181818182,0.25,1.8333333333333333,1.0833333333333333,1.4
1051,1.25,2.375,1.1666666666666667,0.8333333333333334,1.3,0.8181818181818182,0.25,1.8333333333333333,1.0833333333333333,1.4,0.0
1052,2.375,1.1666666666666667,0.8333333333333334,1.3,0.8181818181818182,0.25,1.8333333333333333,1.0833333333333333,1.4,0.0,2.25
1053,1.1666666666666667,0.8333333333333334,1.3,0.8181818181818182,0.25,1.8333333333333333,1.0833333333333333,1.4,0.0,2.25,0.0
1054,0.8333333333333334,1.3,0.8181818181818182,0.25,1.8333333333333333,1.0833333333333333,1.4,0.0,2.25,0.0,0.0
1055,1.3,0.8181818181818182,0.25,1.8333333333333333,1.0833333333333333,1.4,0.0,2.25,0.0,0.0,1.2222222222222223
1056,0.8181818181818182,0.25,1.8333333333333333,1.0833333333333333,1.4,0.0,2.25,0.0,0.0,1.2222222222222223,0.5
1057,0.25,1.8333333333333333,1.0833333333333333,1.4,0.0,2.25,0.0,0.0,1.2222222222222223,0.5,0.7
1058,1.8333333333333333,1.0833333333333333,1.4,0.0,2.25,0.0,0.0,1.2222222222222223,0.5,0.7,2.5
1059,1.0833333333333333,1.4,0.0,2.25,0.0,0.0,1.2222222222222223,0.5,0.7,2.5,4.333333333333333
1060,1.4,0.0,2.25,0.0,0.0,1.2222222222222223,0.5,0.7,2.5,4.333333333333333,2.3333333333333335
1061,0.0,2.25,0.0,0.0,1.2222222222222223,0.5,0.7,2.5,4.333333333333333,2.3333333333333335,2.257142857142857
1062,2.25,0.0,0.0,1.2222222222222223,0.5,0.7,2.5,4.333333333333333,2.3333333333333335,2.257142857142857,0.9565217391304348
1063,0.0,0.0,1.2222222222222223,0.5,0.7,2.5,4.333333333333333,2.3333333333333335,2.257142857142857,0.9565217391304348,1.0555555555555556
1064,0.0,1.2222222222222223,0.5,0.7,2.5,4.333333333333333,2.3333333333333335,2.257142857142857,0.9565217391304348,1.0555555555555556,1.5
1065,1.2222222222222223,0.5,0.7,2.5,4.333333333333333,2.3333333333333335,2.257142857142857,0.9565217391304348,1.0555555555555556,1.5,1.25
1066,0.5,0.7,2.5,4.333333333333333,2.3333333333333335,2.257142857142857,0.9565217391304348,1.0555555555555556,1.5,1.25,0.25
1067,0.7,2.5,4.333333333333333,2.3333333333333335,2.257142857142857,0.9565217391304348,1.0555555555555556,1.5,1.25,0.25,1.0
1068,2.5,4.333333333333333,2.3333333333333335,2.257142857142857,0.9565217391304348,1.0555555555555556,1.5,1.25,0.25,1.0,1.3333333333333333
1069,4.333333333333333,2.3333333333333335,2.257142857142857,0.9565217391304348,1.0555555555555556,1.5,1.25,0.25,1.0,1.3333333333333333,0.8571428571428571
1070,2.3333333333333335,2.257142857142857,0.9565217391304348,1.0555555555555556,1.5,1.25,0.25,1.0,1.3333333333333333,0.8571428571428571,1.0
1071,2.257142857142857,0.9565217391304348,1.0555555555555556,1.5,1.25,0.25,1.0,1.3333333333333333,0.8571428571428571,1.0,1.0
1072,0.9565217391304348,1.0555555555555556,1.5,1.25,0.25,1.0,1.3333333333333333,0.8571428571428571,1.0,1.0,0.6666666666666666
1073,1.0555555555555556,1.5,1.25,0.25,1.0,1.3333333333333333,0.8571428571428571,1.0,1.0,0.6666666666666666,1.7
1074,1.5,1.25,0.25,1.0,1.3333333333333333,0.8571428571428571,1.0,1.0,0.6666666666666666,1.7,1.3333333333333333
1075,1.25,0.25,1.0,1.3333333333333333,0.8571428571428571,1.0,1.0,0.6666666666666666,1.7,1.3333333333333333,0.0
1076,0.25,1.0,1.3333333333333333,0.8571428571428571,1.0,1.0,0.6666666666666666,1.7,1.3333333333333333,0.0,0.8666666666666667
1077,1.0,1.3333333333333333,0.8571428571428571,1.0,1.0,0.6666666666666666,1.7,1.3333333333333333,0.0,0.8666666666666667,1.0
1078,1.3333333333333333,0.8571428571428571,1.0,1.0,0.6666666666666666,1.7,1.3333333333333333,0.0,0.8666666666666667,1.0,1.1724137931034482
1079,0.8571428571428571,1.0,1.0,0.6666666666666666,1.7,1.3333333333333333,0.0,0.8666666666666667,1.0,1.1724137931034482,0.0
1080,1.0,1.0,0.6666666666666666,1.7,1.3333333333333333,0.0,0.8666666666666667,1.0,1.1724137931034482,0.0,1.1428571428571428
1081,1.0,0.6666666666666666,1.7,1.3333333333333333,0.0,0.8666666666666667,1.0,1.1724137931034482,0.0,1.1428571428571428,0.6
1082,0.6666666666666666,1.7,1.3333333333333333,0.0,0.8666666666666667,1.0,1.1724137931034482,0.0,1.1428571428571428,0.6,0.7777777777777778
1083,1.7,1.3333333333333333,0.0,0.8666666666666667,1.0,1.1724137931034482,0.0,1.1428571428571428,0.6,0.7777777777777778,1.0
1084,1.3333333333333333,0.0,0.8666666666666667,1.0,1.1724137931034482,0.0,1.1428571428571428,0.6,0.7777777777777778,1.0,0.5
1085,0.0,0.8666666666666667,1.0,1.1724137931034482,0.0,1.1428571428571428,0.6,0.7777777777777778,1.0,0.5,0.9285714285714286
1086,0.8666666666666667,1.0,1.1724137931034482,0.0,1.1428571428571428,0.6,0.7777777777777778,1.0,0.5,0.9285714285714286,1.0
1087,1.0,1.1724137931034482,0.0,1.1428571428571428,0.6,0.7777777777777778,1.0,0.5,0.9285714285714286,1.0,1.0
1088,1.1724137931034482,0.0,1.1428571428571428,0.6,0.7777777777777778,1.0,0.5,0.9285714285714286,1.0,1.0,1.3636363636363635
1089,0.0,1.1428571428571428,0.6,0.7777777777777778,1.0,0.5,0.9285714285714286,1.0,1.0,1.3636363636363635,1.0
1090,1.1428571428571428,0.6,0.7777777777777778,1.0,0.5,0.9285714285714286,1.0,1.0,1.3636363636363635,1.0,1.1891891891891893
1091,0.6,0.7777777777777778,1.0,0.5,0.9285714285714286,1.0,1.0,1.3636363636363635,1.0,1.1891891891891893,1.0
1092,0.7777777777777778,1.0,0.5,0.9285714285714286,1.0,1.0,1.3636363636363635,1.0,1.1891891891891893,1.0,0.42105263157894735
1093,1.0,0.5,0.9285714285714286,1.0,1.0,1.3636363636363635,1.0,1.1891891891891893,1.0,0.42105263157894735,1.391304347826087
1094,0.5,0.9285714285714286,1.0,1.0,1.3636363636363635,1.0,1.1891891891891893,1.0,0.42105263157894735,1.391304347826087,1.368421052631579
1095,0.9285714285714286,1.0,1.0,1.3636363636363635,1.0,1.1891891891891893,1.0,0.42105263157894735,1.391304347826087,1.368421052631579,0.2727272727272727
1096,1.0,1.0,1.3636363636363635,1.0,1.1891891891891893,1.0,0.42105263157894735,1.391304347826087,1.368421052631579,0.2727272727272727,1.368421052631579
1097,1.0,1.3636363636363635,1.0,1.1891891891891893,1.0,0.42105263157894735,1.391304347826087,1.368421052631579,0.2727272727272727,1.368421052631579,1.1666666666666667
1098,1.0,0.6923076923076923,1.0,0.5714285714285714,1.9166666666666667,1.5,1.2727272727272727,0.0,1.6885245901639345,1.375,0.9411764705882353
1099,0.6923076923076923,1.0,0.5714285714285714,1.9166666666666667,1.5,1.2727272727272727,0.0,1.6885245901639345,1.375,0.9411764705882353,1.5333333333333334
1100,1.0,0.5714285714285714,1.9166666666666667,1.5,1.2727272727272727,0.0,1.6885245901639345,1.375,0.9411764705882353,1.5333333333333334,1.5294117647058822
1101,0.5714285714285714,1.9166666666666667,1.5,1.2727272727272727,0.0,1.6885245901639345,1.375,0.9411764705882353,1.5333333333333334,1.5294117647058822,1.75
1102,1.9166666666666667,1.5,1.2727272727272727,0.0,1.6885245901639345,1.375,0.9411764705882353,1.5333333333333334,1.5294117647058822,1.75,1.1578947368421053
1103,1.5,1.2727272727272727,0.0,1.6885245901639345,1.375,0.9411764705882353,1.5333333333333334,1.5294117647058822,1.75,1.1578947368421053,1.0
1104,1.2727272727272727,0.0,1.6885245901639345,1.375,0.9411764705882353,1.5333333333333334,1.5294117647058822,1.75,1.1578947368421053,1.0,0.0
1105,0.0,1.6885245901639345,1.375,0.9411764705882353,1.5333333333333334,1.5294117647058822,1.75,1.1578947368421053,1.0,0.0,1.2857142857142858
1106,1.6885245901639345,1.375,0.9411764705882353,1.5333333333333334,1.5294117647058822,1.75,1.1578947368421053,1.0,0.0,1.2857142857142858,0.75
1107,1.375,0.9411764705882353,1.5333333333333334,1.5294117647058822,1.75,1.1578947368421053,1.0,0.0,1.2857142857142858,0.75,1.7647058823529411
1108,1.0,0.0,0.875,0.3333333333333333,1.3235294117647058,0.9333333333333333,2.5,0.5,2.0,0.4166666666666667,1.0
1109,0.0,0.875,0.3333333333333333,1.3235294117647058,0.9333333333333333,2.5,0.5,2.0,0.4166666666666667,1.0,0.9024390243902439
1110,0.875,0.3333333333333333,1.3235294117647058,0.9333333333333333,2.5,0.5,2.0,0.4166666666666667,1.0,0.9024390243902439,1.4791666666666667
1111,0.3333333333333333,1.3235294117647058,0.9333333333333333,2.5,0.5,2.0,0.4166666666666667,1.0,0.9024390243902439,1.4791666666666667,1.4791666666666667
1112,1.3235294117647058,0.9333333333333333,2.5,0.5,2.0,0.4166666666666667,1.0,0.9024390243902439,1.4791666666666667,1.4791666666666667,0.8888888888888888
1113,0.9333333333333333,2.5,0.5,2.0,0.4166666666666667,1.0,0.9024390243902439,1.4791666666666667,1.4791666666666667,0.8888888888888888,0.9259259259259259
1114,2.5,0.5,2.0,0.4166666666666667,1.0,0.9024390243902439,1.4791666666666667,1.4791666666666667,0.8888888888888888,0.9259259259259259,4.0
1115,0.5,2.0,0.4166666666666667,1.0,0.9024390243902439,1.4791666666666667,1.4791666666666667,0.8888888888888888,0.9259259259259259,4.0,1.1333333333333333
1116,2.0,0.4166666666666667,1.0,0.9024390243902439,1.4791666666666667,1.4791666666666667,0.8888888888888888,0.9259259259259259,4.0,1.1333333333333333,1.2790697674418605
1117,0.4166666666666667,1.0,0.9024390243902439,1.4791666666666667,1.4791666666666667,0.8888888888888888,0.9259259259259259,4.0,1.1333333333333333,1.2790697674418605,2.2
1118,1.0,0.9024390243902439,1.4791666666666667,1.4791666666666667,0.8888888888888888,0.9259259259259259,4.0,1.1333333333333333,1.2790697674418605,2.2,1.6
1119,0.9024390243902439,1.4791666666666667,1.4791666666666667,0.8888888888888888,0.9259259259259259,4.0,1.1333333333333333,1.2790697674418605,2.2,1.6,1.6666666666666667
1120,1.4791666666666667,1.4791666666666667,0.8888888888888888,0.9259259259259259,4.0,1.1333333333333333,1.2790697674418605,2.2,1.6,1.6666666666666667,0.0
1121,1.4791666666666667,0.8888888888888888,0.9259259259259259,4.0,1.1333333333333333,1.2790697674418605,2.2,1.6,1.6666666666666667,0.0,1.0625
1122,0.8888888888888888,0.9259259259259259,4.0,1.1333333333333333,1.2790697674418605,2.2,1.6,1.6666666666666667,0.0,1.0625,1.1724137931034482
1123,0.9259259259259259,4.0,1.1333333333333333,1.2790697674418605,2.2,1.6,1.6666666666666667,0.0,1.0625,1.1724137931034482,0.0
1124,4.0,1.1333333333333333,1.2790697674418605,2.2,1.6,1.6666666666666667,0.0,1.0625,1.1724137931034482,0.0,1.1785714285714286
1125,1.1333333333333333,1.2790697674418605,2.2,1.6,1.6666666666666667,0.0,1.0625,1.1724137931034482,0.0,1.1785714285714286,1.5714285714285714
1126,1.2790697674418605,2.2,1.6,1.6666666666666667,0.0,1.0625,1.1724137931034482,0.0,1.1785714285714286,1.5714285714285714,1.0740740740740742
1127,2.2,1.6,1.6666666666666667,0.0,1.0625,1.1724137931034482,0.0,1.1785714285714286,1.5714285714285714,1.0740740740740742,1.303030303030303
1128,1.6,1.6666666666666667,0.0,1.0625,1.1724137931034482,0.0,1.1785714285714286,1.5714285714285714,1.0740740740740742,1.303030303030303,1.1875
1129,1.6666666666666667,0.0,1.0625,1.1724137931034482,0.0,1.1785714285714286,1.5714285714285714,1.0740740740740742,1.303030303030303,1.1875,1.3076923076923077
1130,0.0,1.0625,1.1724137931034482,0.0,1.1785714285714286,1.5714285714285714,1.0740740740740742,1.303030303030303,1.1875,1.3076923076923077,0.6818181818181818
1131,1.0625,1.1724137931034482,0.0,1.1785714285714286,1.5714285714285714,1.0740740740740742,1.303030303030303,1.1875,1.3076923076923077,0.6818181818181818,0.9565217391304348
1132,1.1724137931034482,0.0,1.1785714285714286,1.5714285714285714,1.0740740740740742,1.303030303030303,1.1875,1.3076923076923077,0.6818181818181818,0.9565217391304348,1.2727272727272727
1133,0.0,1.1785714285714286,1.5714285714285714,1.0740740740740742,1.303030303030303,1.1875,1.3076923076923077,0.6818181818181818,0.9565217391304348,1.2727272727272727,1.3636363636363635
1134,1.1785714285714286,1.5714285714285714,1.0740740740740742,1.303030303030303,1.1875,1.3076923076923077,0.6818181818181818,0.9565217391304348,1.2727272727272727,1.3636363636363635,0.0
1135,1.5714285714285714,1.0740740740740742,1.303030303030303,1.1875,1.3076923076923077,0.6818181818181818,0.9565217391304348,1.2727272727272727,1.3636363636363635,0.0,1.0
1136,1.0740740740740742,1.303030303030303,1.1875,1.3076923076923077,0.6818181818181818,0.9565217391304348,1.2727272727272727,1.3636363636363635,0.0,1.0,1.5128205128205128
1137,1.303030303030303,1.1875,1.3076923076923077,0.6818181818181818,0.9565217391304348,1.2727272727272727,1.3636363636363635,0.0,1.0,1.5128205128205128,0.625
1138,1.1875,1.3076923076923077,0.6818181818181818,0.9565217391304348,1.2727272727272727,1.3636363636363635,0.0,1.0,1.5128205128205128,0.625,1.0
1139,1.3076923076923077,0.6818181818181818,0.9565217391304348,1.2727272727272727,1.3636363636363635,0.0,1.0,1.5128205128205128,0.625,1.0,1.205128205128205
1140,0.6818181818181818,0.9565217391304348,1.2727272727272727,1.3636363636363635,0.0,1.0,1.5128205128205128,0.625,1.0,1.205128205128205,0.0
1141,0.9565217391304348,1.2727272727272727,1.3636363636363635,0.0,1.0,1.5128205128205128,0.625,1.0,1.205128205128205,0.0,1.25
1142,1.2727272727272727,1.3636363636363635,0.0,1.0,1.5128205128205128,0.625,1.0,1.205128205128205,0.0,1.25,1.3888888888888888
1143,1.3636363636363635,0.0,1.0,1.5128205128205128,0.625,1.0,1.205128205128205,0.0,1.25,1.3888888888888888,0.2222222222222222
1144,0.0,1.0,1.5128205128205128,0.625,1.0,1.205128205128205,0.0,1.25,1.3888888888888888,0.2222222222222222,0.4444444444444444
1145,1.0,1.5128205128205128,0.625,1.0,1.205128205128205,0.0,1.25,1.3888888888888888,0.2222222222222222,0.4444444444444444,1.1176470588235294
1146,1.5128205128205128,0.625,1.0,1.205128205128205,0.0,1.25,1.3888888888888888,0.2222222222222222,0.4444444444444444,1.1176470588235294,1.3
1147,0.625,1.0,1.205128205128205,0.0,1.25,1.3888888888888888,0.2222222222222222,0.4444444444444444,1.1176470588235294,1.3,1.606060606060606
1148,1.0,1.205128205128205,0.0,1.25,1.3888888888888888,0.2222222222222222,0.4444444444444444,1.1176470588235294,1.3,1.606060606060606,3.0
1149,1.205128205128205,0.0,1.25,1.3888888888888888,0.2222222222222222,0.4444444444444444,1.1176470588235294,1.3,1.606060606060606,3.0,1.1666666666666667
1150,0.0,1.25,1.3888888888888888,0.2222222222222222,0.4444444444444444,1.1176470588235294,1.3,1.606060606060606,3.0,1.1666666666666667,1.0344827586206897
1151,1.25,1.3888888888888888,0.2222222222222222,0.4444444444444444,1.1176470588235294,1.3,1.606060606060606,3.0,1.1666666666666667,1.0344827586206897,0.46153846153846156
1152,1.3888888888888888,0.2222222222222222,0.4444444444444444,1.1176470588235294,1.3,1.606060606060606,3.0,1.1666666666666667,1.0344827586206897,0.46153846153846156,1.2222222222222223
1153,0.2222222222222222,0.4444444444444444,1.1176470588235294,1.3,1.606060606060606,3.0,1.1666666666666667,1.0344827586206897,0.46153846153846156,1.2222222222222223,0.9375
1154,0.4444444444444444,1.1176470588235294,1.3,1.606060606060606,3.0,1.1666666666666667,1.0344827586206897,0.46153846153846156,1.2222222222222223,0.9375,1.3617021276595744
1155,1.1176470588235294,1.3,1.606060606060606,3.0,1.1666666666666667,1.0344827586206897,0.46153846153846156,1.2222222222222223,0.9375,1.3617021276595744,0.0
1156,1.3,1.606060606060606,3.0,1.1666666666666667,1.0344827586206897,0.46153846153846156,1.2222222222222223,0.9375,1.3617021276595744,0.0,1.0
1157,1.606060606060606,3.0,1.1666666666666667,1.0344827586206897,0.46153846153846156,1.2222222222222223,0.9375,1.3617021276595744,0.0,1.0,1.4722222222222223
1158,3.0,1.1666666666666667,1.0344827586206897,0.46153846153846156,1.2222222222222223,0.9375,1.3617021276595744,0.0,1.0,1.4722222222222223,1.8235294117647058
1159,1.1666666666666667,1.0344827586206897,0.46153846153846156,1.2222222222222223,0.9375,1.3617021276595744,0.0,1.0,1.4722222222222223,1.8235294117647058,1.3170731707317074
1160,1.0344827586206897,0.46153846153846156,1.2222222222222223,0.9375,1.3617021276595744,0.0,1.0,1.4722222222222223,1.8235294117647058,1.3170731707317074,1.0714285714285714
1161,0.46153846153846156,1.2222222222222223,0.9375,1.3617021276595744,0.0,1.0,1.4722222222222223,1.8235294117647058,1.3170731707317074,1.0714285714285714,2.2142857142857144
1162,1.2222222222222223,0.9375,1.3617021276595744,0.0,1.0,1.4722222222222223,1.8235294117647058,1.3170731707317074,1.0714285714285714,2.2142857142857144,1.0
1163,0.9375,1.3617021276595744,0.0,1.0,1.4722222222222223,1.8235294117647058,1.3170731707317074,1.0714285714285714,2.2142857142857144,1.0,1.4318181818181819
1164,2.7,1.8333333333333333,0.8666666666666667,0.25,1.225,0.8333333333333334,1.5238095238095237,0.7272727272727273,0.0,1.9047619047619047,1.55
1165,1.8333333333333333,0.8666666666666667,0.25,1.225,0.8333333333333334,1.5238095238095237,0.7272727272727273,0.0,1.9047619047619047,1.55,0.75
1166,0.8666666666666667,0.25,1.225,0.8333333333333334,1.5238095238095237,0.7272727272727273,0.0,1.9047619047619047,1.55,0.75,1.263157894736842
1167,0.25,1.225,0.8333333333333334,1.5238095238095237,0.7272727272727273,0.0,1.9047619047619047,1.55,0.75,1.263157894736842,1.8571428571428572
1168,1.225,0.8333333333333334,1.5238095238095237,0.7272727272727273,0.0,1.9047619047619047,1.55,0.75,1.263157894736842,1.8571428571428572,2.183673469387755
1169,0.8333333333333334,1.5238095238095237,0.7272727272727273,0.0,1.9047619047619047,1.55,0.75,1.263157894736842,1.8571428571428572,2.183673469387755,0.0
1170,1.5238095238095237,0.7272727272727273,0.0,1.9047619047619047,1.55,0.75,1.263157894736842,1.8571428571428572,2.183673469387755,0.0,0.0
1171,0.7272727272727273,0.0,1.9047619047619047,1.55,0.75,1.263157894736842,1.8571428571428572,2.183673469387755,0.0,0.0,0.9166666666666666
1172,0.0,1.9047619047619047,1.55,0.75,1.263157894736842,1.8571428571428572,2.183673469387755,0.0,0.0,0.9166666666666666,2.125
1173,1.9047619047619047,1.55,0.75,1.263157894736842,1.8571428571428572,2.183673469387755,0.0,0.0,0.9166666666666666,2.125,0.5714285714285714
1174,1.55,0.75,1.263157894736842,1.8571428571428572,2.183673469387755,0.0,0.0,0.9166666666666666,2.125,0.5714285714285714,1.4210526315789473
1175,0.75,1.263157894736842,1.8571428571428572,2.183673469387755,0.0,0.0,0.9166666666666666,2.125,0.5714285714285714,1.4210526315789473,1.2121212121212122
1176,1.263157894736842,1.8571428571428572,2.183673469387755,0.0,0.0,0.9166666666666666,2.125,0.5714285714285714,1.4210526315789473,1.2121212121212122,1.4285714285714286
1177,1.8571428571428572,2.183673469387755,0.0,0.0,0.9166666666666666,2.125,0.5714285714285714,1.4210526315789473,1.2121212121212122,1.4285714285714286,2.2666666666666666
1178,2.183673469387755,0.0,0.0,0.9166666666666666,2.125,0.5714285714285714,1.4210526315789473,1.2121212121212122,1.4285714285714286,2.2666666666666666,1.75
1179,0.0,0.0,0.9166666666666666,2.125,0.5714285714285714,1.4210526315789473,1.2121212121212122,1.4285714285714286,2.2666666666666666,1.75,1.0909090909090908
1180,0.0,0.9166666666666666,2.125,0.5714285714285714,1.4210526315789473,1.2121212121212122,1.4285714285714286,2.2666666666666666,1.75,1.0909090909090908,2.6515151515151514
1181,0.9166666666666666,2.125,0.5714285714285714,1.4210526315789473,1.2121212121212122,1.4285714285714286,2.2666666666666666,1.75,1.0909090909090908,2.6515151515151514,1.0
1182,2.125,0.5714285714285714,1.4210526315789473,1.2121212121212122,1.4285714285714286,2.2666666666666666,1.75,1.0909090909090908,2.6515151515151514,1.0,2.857142857142857
1183,0.5714285714285714,1.4210526315789473,1.2121212121212122,1.4285714285714286,2.2666666666666666,1.75,1.0909090909090908,2.6515151515151514,1.0,2.857142857142857,1.5833333333333333
1184,1.4210526315789473,1.2121212121212122,1.4285714285714286,2.2666666666666666,1.75,1.0909090909090908,2.6515151515151514,1.0,2.857142857142857,1.5833333333333333,1.5535714285714286
1185,1.2121212121212122,1.4285714285714286,2.2666666666666666,1.75,1.0909090909090908,2.6515151515151514,1.0,2.857142857142857,1.5833333333333333,1.5535714285714286,1.7317073170731707
1186,1.4285714285714286,2.2666666666666666,1.75,1.0909090909090908,2.6515151515151514,1.0,2.857142857142857,1.5833333333333333,1.5535714285714286,1.7317073170731707,1.3636363636363635
1187,2.2666666666666666,1.75,1.0909090909090908,2.6515151515151514,1.0,2.857142857142857,1.5833333333333333,1.5535714285714286,1.7317073170731707,1.3636363636363635,1.8846153846153846
1188,1.75,1.0909090909090908,2.6515151515151514,1.0,2.857142857142857,1.5833333333333333,1.5535714285714286,1.7317073170731707,1.3636363636363635,1.8846153846153846,3.1666666666666665
1189,1.0909090909090908,2.6515151515151514,1.0,2.857142857142857,1.5833333333333333,1.5535714285714286,1.7317073170731707,1.3636363636363635,1.8846153846153846,3.1666666666666665,1.5
1190,2.6515151515151514,1.0,2.857142857142857,1.5833333333333333,1.5535714285714286,1.7317073170731707,1.3636363636363635,1.8846153846153846,3.1666666666666665,1.5,0.8888888888888888
1191,1.0,2.857142857142857,1.5833333333333333,1.5535714285714286,1.7317073170731707,1.3636363636363635,1.8846153846153846,3.1666666666666665,1.5,0.8888888888888888,2.0697674418604652
1192,2.857142857142857,1.5833333333333333,1.5535714285714286,1.7317073170731707,1.3636363636363635,1.8846153846153846,3.1666666666666665,1.5,0.8888888888888888,2.0697674418604652,0.25
1193,1.5833333333333333,1.5535714285714286,1.7317073170731707,1.3636363636363635,1.8846153846153846,3.1666666666666665,1.5,0.8888888888888888,2.0697674418604652,0.25,2.193548387096774
1194,1.5535714285714286,1.7317073170731707,1.3636363636363635,1.8846153846153846,3.1666666666666665,1.5,0.8888888888888888,2.0697674418604652,0.25,2.193548387096774,0.8888888888888888
1195,1.7317073170731707,1.3636363636363635,1.8846153846153846,3.1666666666666665,1.5,0.8888888888888888,2.0697674418604652,0.25,2.193548387096774,0.8888888888888888,1.6875
1196,1.3636363636363635,1.8846153846153846,3.1666666666666665,1.5,0.8888888888888888,2.0697674418604652,0.25,2.193548387096774,0.8888888888888888,1.6875,0.5
1197,1.8846153846153846,3.1666666666666665,1.5,0.8888888888888888,2.0697674418604652,0.25,2.193548387096774,0.8888888888888888,1.6875,0.5,1.4827586206896552
1198,3.1666666666666665,1.5,0.8888888888888888,2.0697674418604652,0.25,2.193548387096774,0.8888888888888888,1.6875,0.5,1.4827586206896552,1.1818181818181819
1199,1.5,0.8888888888888888,2.0697674418604652,0.25,2.193548387096774,0.8888888888888888,1.6875,0.5,1.4827586206896552,1.1818181818181819,1.8387096774193548
1200,0.8888888888888888,2.0697674418604652,0.25,2.193548387096774,0.8888888888888888,1.6875,0.5,1.4827586206896552,1.1818181818181819,1.8387096774193548,0.75
1201,2.0697674418604652,0.25,2.193548387096774,0.8888888888888888,1.6875,0.5,1.4827586206896552,1.1818181818181819,1.8387096774193548,0.75,1.7346938775510203
1202,0.25,2.193548387096774,0.8888888888888888,1.6875,0.5,1.4827586206896552,1.1818181818181819,1.8387096774193548,0.75,1.7346938775510203,0.4
1203,2.193548387096774,0.8888888888888888,1.6875,0.5,1.4827586206896552,1.1818181818181819,1.8387096774193548,0.75,1.7346938775510203,0.4,0.9
1204,0.8888888888888888,1.6875,0.5,1.4827586206896552,1.1818181818181819,1.8387096774193548,0.75,1.7346938775510203,0.4,0.9,1.4528301886792452
1205,1.6875,0.5,1.4827586206896552,1.1818181818181819,1.8387096774193548,0.75,1.7346938775510203,0.4,0.9,1.4528301886792452,0.5714285714285714
1206,0.5,1.4827586206896552,1.1818181818181819,1.8387096774193548,0.75,1.7346938775510203,0.4,0.9,1.4528301886792452,0.5714285714285714,1.8484848484848484
1207,1.4827586206896552,1.1818181818181819,1.8387096774193548,0.75,1.7346938775510203,0.4,0.9,1.4528301886792452,0.5714285714285714,1.8484848484848484,2.1538461538461537
1208,1.1818181818181819,1.8387096774193548,0.75,1.7346938775510203,0.4,0.9,1.4528301886792452,0.5714285714285714,1.8484848484848484,2.1538461538461537,1.4210526315789473
1209,1.8387096774193548,0.75,1.7346938775510203,0.4,0.9,1.4528301886792452,0.5714285714285714,1.8484848484848484,2.1538461538461537,1.4210526315789473,0.5714285714285714
1210,0.75,1.7346938775510203,0.4,0.9,1.4528301886792452,0.5714285714285714,1.8484848484848484,2.1538461538461537,1.4210526315789473,0.5714285714285714,0.76
1211,1.7346938775510203,0.4,0.9,1.4528301886792452,0.5714285714285714,1.8484848484848484,2.1538461538461537,1.4210526315789473,0.5714285714285714,0.76,0.9565217391304348
1212,0.4,0.9,1.4528301886792452,0.5714285714285714,1.8484848484848484,2.1538461538461537,1.4210526315789473,0.5714285714285714,0.76,0.9565217391304348,0.92
1213,0.9,1.4528301886792452,0.5714285714285714,1.8484848484848484,2.1538461538461537,1.4210526315789473,0.5714285714285714,0.76,0.9565217391304348,0.92,0.7
1214,1.4528301886792452,0.5714285714285714,1.8484848484848484,2.1538461538461537,1.4210526315789473,0.5714285714285714,0.76,0.9565217391304348,0.92,0.7,0.6666666666666666
1215,0.5714285714285714,1.8484848484848484,2.1538461538461537,1.4210526315789473,0.5714285714285714,0.76,0.9565217391304348,0.92,0.7,0.6666666666666666,1.7142857142857142
1216,1.8484848484848484,2.1538461538461537,1.4210526315789473,0.5714285714285714,0.76,0.9565217391304348,0.92,0.7,0.6666666666666666,1.7142857142857142,1.3125
1217,2.1538461538461537,1.4210526315789473,0.5714285714285714,0.76,0.9565217391304348,0.92,0.7,0.6666666666666666,1.7142857142857142,1.3125,0.4166666666666667
1218,1.4210526315789473,0.5714285714285714,0.76,0.9565217391304348,0.92,0.7,0.6666666666666666,1.7142857142857142,1.3125,0.4166666666666667,1.1764705882352942
1219,0.5714285714285714,0.76,0.9565217391304348,0.92,0.7,0.6666666666666666,1.7142857142857142,1.3125,0.4166666666666667,1.1764705882352942,2.5
1220,0.76,0.9565217391304348,0.92,0.7,0.6666666666666666,1.7142857142857142,1.3125,0.4166666666666667,1.1764705882352942,2.5,2.3333333333333335
1221,0.9565217391304348,0.92,0.7,0.6666666666666666,1.7142857142857142,1.3125,0.4166666666666667,1.1764705882352942,2.5,2.3333333333333335,2.0526315789473686
1222,0.92,0.7,0.6666666666666666,1.7142857142857142,1.3125,0.4166666666666667,1.1764705882352942,2.5,2.3333333333333335,2.0526315789473686,1.0833333333333333
1223,0.7,0.6666666666666666,1.7142857142857142,1.3125,0.4166666666666667,1.1764705882352942,2.5,2.3333333333333335,2.0526315789473686,1.0833333333333333,1.2142857142857142
1224,0.6666666666666666,1.7142857142857142,1.3125,0.4166666666666667,1.1764705882352942,2.5,2.3333333333333335,2.0526315789473686,1.0833333333333333,1.2142857142857142,3.5
1225,1.7142857142857142,1.3125,0.4166666666666667,1.1764705882352942,2.5,2.3333333333333335,2.0526315789473686,1.0833333333333333,1.2142857142857142,3.5,1.0384615384615385
1226,1.3125,0.4166666666666667,1.1764705882352942,2.5,2.3333333333333335,2.0526315789473686,1.0833333333333333,1.2142857142857142,3.5,1.0384615384615385,0.9534883720930233
1227,0.4166666666666667,1.1764705882352942,2.5,2.3333333333333335,2.0526315789473686,1.0833333333333333,1.2142857142857142,3.5,1.0384615384615385,0.9534883720930233,0.0
1228,1.1764705882352942,2.5,2.3333333333333335,2.0526315789473686,1.0833333333333333,1.2142857142857142,3.5,1.0384615384615385,0.9534883720930233,0.0,1.0
1229,2.5,2.3333333333333335,2.0526315789473686,1.0833333333333333,1.2142857142857142,3.5,1.0384615384615385,0.9534883720930233,0.0,1.0,0.8333333333333334
1230,2.3333333333333335,2.0526315789473686,1.0833333333333333,1.2142857142857142,3.5,1.0384615384615385,0.9534883720930233,0.0,1.0,0.8333333333333334,0.46153846153846156
1231,2.0526315789473686,1.0833333333333333,1.2142857142857142,3.5,1.0384615384615385,0.9534883720930233,0.0,1.0,0.8333333333333334,0.46153846153846156,1.5806451612903225
1232,1.0833333333333333,1.2142857142857142,3.5,1.0384615384615385,0.9534883720930233,0.0,1.0,0.8333333333333334,0.46153846153846156,1.5806451612903225,2.28125
1233,1.2142857142857142,3.5,1.0384615384615385,0.9534883720930233,0.0,1.0,0.8333333333333334,0.46153846153846156,1.5806451612903225,2.28125,0.25
1234,3.5,1.0384615384615385,0.9534883720930233,0.0,1.0,0.8333333333333334,0.46153846153846156,1.5806451612903225,2.28125,0.25,1.125
1235,1.0384615384615385,0.9534883720930233,0.0,1.0,0.8333333333333334,0.46153846153846156,1.5806451612903225,2.28125,0.25,1.125,2.0
1236,0.9534883720930233,0.0,1.0,0.8333333333333334,0.46153846153846156,1.5806451612903225,2.28125,0.25,1.125,2.0,0.8148148148148148
1237,0.0,1.0,0.8333333333333334,0.46153846153846156,1.5806451612903225,2.28125,0.25,1.125,2.0,0.8148148148148148,0.4117647058823529
1238,1.0,0.8333333333333334,0.46153846153846156,1.5806451612903225,2.28125,0.25,1.125,2.0,0.8148148148148148,0.4117647058823529,0.0
1239,0.8333333333333334,0.46153846153846156,1.5806451612903225,2.28125,0.25,1.125,2.0,0.8148148148148148,0.4117647058823529,0.0,1.546875
1240,0.46153846153846156,1.5806451612903225,2.28125,0.25,1.125,2.0,0.8148148148148148,0.4117647058823529,0.0,1.546875,2.3
1241,1.5806451612903225,2.28125,0.25,1.125,2.0,0.8148148148148148,0.4117647058823529,0.0,1.546875,2.3,1.1777777777777778
1242,2.28125,0.25,1.125,2.0,0.8148148148148148,0.4117647058823529,0.0,1.546875,2.3,1.1777777777777778,1.9166666666666667
1243,0.25,1.125,2.0,0.8148148148148148,0.4117647058823529,0.0,1.546875,2.3,1.1777777777777778,1.9166666666666667,0.0
1244,1.125,2.0,0.8148148148148148,0.4117647058823529,0.0,1.546875,2.3,1.1777777777777778,1.9166666666666667,0.0,1.25
1245,2.0,0.8148148148148148,0.4117647058823529,0.0,1.546875,2.3,1.1777777777777778,1.9166666666666667,0.0,1.25,1.1666666666666667
1246,0.8148148148148148,0.4117647058823529,0.0,1.546875,2.3,1.1777777777777778,1.9166666666666667,0.0,1.25,1.1666666666666667,2.3783783783783785
1247,0.4117647058823529,0.0,1.546875,2.3,1.1777777777777778,1.9166666666666667,0.0,1.25,1.1666666666666667,2.3783783783783785,0.2
1248,0.0,1.546875,2.3,1.1777777777777778,1.9166666666666667,0.0,1.25,1.1666666666666667,2.3783783783783785,0.2,1.0
1249,1.546875,2.3,1.1777777777777778,1.9166666666666667,0.0,1.25,1.1666666666666667,2.3783783783783785,0.2,1.0,2.064516129032258
1250,2.3,1.1777777777777778,1.9166666666666667,0.0,1.25,1.1666666666666667,2.3783783783783785,0.2,1.0,2.064516129032258,1.631578947368421
1251,1.1777777777777778,1.9166666666666667,0.0,1.25,1.1666666666666667,2.3783783783783785,0.2,1.0,2.064516129032258,1.631578947368421,1.2352941176470589
1252,1.9166666666666667,0.0,1.25,1.1666666666666667,2.3783783783783785,0.2,1.0,2.064516129032258,1.631578947368421,1.2352941176470589,1.5384615384615385
1253,0.0,1.25,1.1666666666666667,2.3783783783783785,0.2,1.0,2.064516129032258,1.631578947368421,1.2352941176470589,1.5384615384615385,1.0
1254,1.25,1.1666666666666667,2.3783783783783785,0.2,1.0,2.064516129032258,1.631578947368421,1.2352941176470589,1.5384615384615385,1.0,0.0
1255,1.1666666666666667,2.3783783783783785,0.2,1.0,2.064516129032258,1.631578947368421,1.2352941176470589,1.5384615384615385,1.0,0.0,2.026315789473684
1256,2.3783783783783785,0.2,1.0,2.064516129032258,1.631578947368421,1.2352941176470589,1.5384615384615385,1.0,0.0,2.026315789473684,1.9090909090909092
1257,0.2,1.0,2.064516129032258,1.631578947368421,1.2352941176470589,1.5384615384615385,1.0,0.0,2.026315789473684,1.9090909090909092,1.6507936507936507
1258,1.0,2.064516129032258,1.631578947368421,1.2352941176470589,1.5384615384615385,1.0,0.0,2.026315789473684,1.9090909090909092,1.6507936507936507,1.0454545454545454
1259,2.064516129032258,1.631578947368421,1.2352941176470589,1.5384615384615385,1.0,0.0,2.026315789473684,1.9090909090909092,1.6507936507936507,1.0454545454545454,1.2857142857142858
1260,1.631578947368421,1.2352941176470589,1.5384615384615385,1.0,0.0,2.026315789473684,1.9090909090909092,1.6507936507936507,1.0454545454545454,1.2857142857142858,1.6363636363636365
1261,1.2352941176470589,1.5384615384615385,1.0,0.0,2.026315789473684,1.9090909090909092,1.6507936507936507,1.0454545454545454,1.2857142857142858,1.6363636363636365,0.0
1262,1.5384615384615385,1.0,0.0,2.026315789473684,1.9090909090909092,1.6507936507936507,1.0454545454545454,1.2857142857142858,1.6363636363636365,0.0,1.3636363636363635
1263,1.0,0.0,2.026315789473684,1.9090909090909092,1.6507936507936507,1.0454545454545454,1.2857142857142858,1.6363636363636365,0.0,1.3636363636363635,0.25
1264,0.0,2.026315789473684,1.9090909090909092,1.6507936507936507,1.0454545454545454,1.2857142857142858,1.6363636363636365,0.0,1.3636363636363635,0.25,0.8235294117647058
1265,2.026315789473684,1.9090909090909092,1.6507936507936507,1.0454545454545454,1.2857142857142858,1.6363636363636365,0.0,1.3636363636363635,0.25,0.8235294117647058,1.5909090909090908
1266,1.9090909090909092,1.6507936507936507,1.0454545454545454,1.2857142857142858,1.6363636363636365,0.0,1.3636363636363635,0.25,0.8235294117647058,1.5909090909090908,1.0
1267,1.6507936507936507,1.0454545454545454,1.2857142857142858,1.6363636363636365,0.0,1.3636363636363635,0.25,0.8235294117647058,1.5909090909090908,1.0,0.7272727272727273
1268,1.0454545454545454,1.2857142857142858,1.6363636363636365,0.0,1.3636363636363635,0.25,0.8235294117647058,1.5909090909090908,1.0,0.7272727272727273,1.6808510638297873
1269,1.2857142857142858,1.6363636363636365,0.0,1.3636363636363635,0.25,0.8235294117647058,1.5909090909090908,1.0,0.7272727272727273,1.6808510638297873,1.25
1270,1.6363636363636365,0.0,1.3636363636363635,0.25,0.8235294117647058,1.5909090909090908,1.0,0.7272727272727273,1.6808510638297873,1.25,1.864864864864865
1271,0.0,1.3636363636363635,0.25,0.8235294117647058,1.5909090909090908,1.0,0.7272727272727273,1.6808510638297873,1.25,1.864864864864865,1.75
1272,1.3636363636363635,0.25,0.8235294117647058,1.5909090909090908,1.0,0.7272727272727273,1.6808510638297873,1.25,1.864864864864865,1.75,1.3898305084745763
1273,0.25,0.8235294117647058,1.5909090909090908,1.0,0.7272727272727273,1.6808510638297873,1.25,1.864864864864865,1.75,1.3898305084745763,1.5862068965517242
1274,0.8235294117647058,1.5909090909090908,1.0,0.7272727272727273,1.6808510638297873,1.25,1.864864864864865,1.75,1.3898305084745763,1.5862068965517242,0.7142857142857143
1275,1.5909090909090908,1.0,0.7272727272727273,1.6808510638297873,1.25,1.864864864864865,1.75,1.3898305084745763,1.5862068965517242,0.7142857142857143,1.0
1276,1.0,0.7272727272727273,1.6808510638297873,1.25,1.864864864864865,1.75,1.3898305084745763,1.5862068965517242,0.7142857142857143,1.0,0.631578947368421
1277,0.7272727272727273,1.6808510638297873,1.25,1.864864864864865,1.75,1.3898305084745763,1.5862068965517242,0.7142857142857143,1.0,0.631578947368421,1.0
1278,1.6808510638297873,1.25,1.864864864864865,1.75,1.3898305084745763,1.5862068965517242,0.7142857142857143,1.0,0.631578947368421,1.0,1.0
1279,1.25,1.864864864864865,1.75,1.3898305084745763,1.5862068965517242,0.7142857142857143,1.0,0.631578947368421,1.0,1.0,1.3333333333333333
1280,1.864864864864865,1.75,1.3898305084745763,1.5862068965517242,0.7142857142857143,1.0,0.631578947368421,1.0,1.0,1.3333333333333333,0.8823529411764706
1281,1.75,1.3898305084745763,1.5862068965517242,0.7142857142857143,1.0,0.631578947368421,1.0,1.0,1.3333333333333333,0.8823529411764706,1.5714285714285714
1282,1.3898305084745763,1.5862068965517242,0.7142857142857143,1.0,0.631578947368421,1.0,1.0,1.3333333333333333,0.8823529411764706,1.5714285714285714,1.4285714285714286
1283,1.5862068965517242,0.7142857142857143,1.0,0.631578947368421,1.0,1.0,1.3333333333333333,0.8823529411764706,1.5714285714285714,1.4285714285714286,1.6923076923076923
1284,0.7142857142857143,1.0,0.631578947368421,1.0,1.0,1.3333333333333333,0.8823529411764706,1.5714285714285714,1.4285714285714286,1.6923076923076923,1.0
1285,1.0,0.631578947368421,1.0,1.0,1.3333333333333333,0.8823529411764706,1.5714285714285714,1.4285714285714286,1.6923076923076923,1.0,2.75
1286,0.631578947368421,1.0,1.0,1.3333333333333333,0.8823529411764706,1.5714285714285714,1.4285714285714286,1.6923076923076923,1.0,2.75,1.8888888888888888
1287,1.0,1.0,1.3333333333333333,0.8823529411764706,1.5714285714285714,1.4285714285714286,1.6923076923076923,1.0,2.75,1.8888888888888888,1.6666666666666667
1288,1.0,1.3333333333333333,0.8823529411764706,1.5714285714285714,1.4285714285714286,1.6923076923076923,1.0,2.75,1.8888888888888888,1.6666666666666667,1.1428571428571428
1289,1.3333333333333333,0.8823529411764706,1.5714285714285714,1.4285714285714286,1.6923076923076923,1.0,2.75,1.8888888888888888,1.6666666666666667,1.1428571428571428,1.3478260869565217
1290,0.8823529411764706,1.5714285714285714,1.4285714285714286,1.6923076923076923,1.0,2.75,1.8888888888888888,1.6666666666666667,1.1428571428571428,1.3478260869565217,1.7586206896551724
1291,1.5714285714285714,1.4285714285714286,1.6923076923076923,1.0,2.75,1.8888888888888888,1.6666666666666667,1.1428571428571428,1.3478260869565217,1.7586206896551724,2.230769230769231
1292,1.4285714285714286,1.6923076923076923,1.0,2.75,1.8888888888888888,1.6666666666666667,1.1428571428571428,1.3478260869565217,1.7586206896551724,2.230769230769231,1.2222222222222223
1293,1.6923076923076923,1.0,2.75,1.8888888888888888,1.6666666666666667,1.1428571428571428,1.3478260869565217,1.7586206896551724,2.230769230769231,1.2222222222222223,1.2285714285714286
1294,1.0,2.75,1.8888888888888888,1.6666666666666667,1.1428571428571428,1.3478260869565217,1.7586206896551724,2.230769230769231,1.2222222222222223,1.2285714285714286,1.4444444444444444
1295,1.1818181818181819,1.6666666666666667,1.0,0.5,1.4,0.7272727272727273,2.0,1.5555555555555556,0.3333333333333333,0.9285714285714286,1.35
1296,1.6666666666666667,1.0,0.5,1.4,0.7272727272727273,2.0,1.5555555555555556,0.3333333333333333,0.9285714285714286,1.35,0.2
1297,1.0,0.5,1.4,0.7272727272727273,2.0,1.5555555555555556,0.3333333333333333,0.9285714285714286,1.35,0.2,0.4
1298,0.5,1.4,0.7272727272727273,2.0,1.5555555555555556,0.3333333333333333,0.9285714285714286,1.35,0.2,0.4,1.2
1299,1.4,0.7272727272727273,2.0,1.5555555555555556,0.3333333333333333,0.9285714285714286,1.35,0.2,0.4,1.2,1.6
1300,0.7272727272727273,2.0,1.5555555555555556,0.3333333333333333,0.9285714285714286,1.35,0.2,0.4,1.2,1.6,0.5
1301,2.0,1.5555555555555556,0.3333333333333333,0.9285714285714286,1.35,0.2,0.4,1.2,1.6,0.5,0.5
1302,1.5555555555555556,0.3333333333333333,0.9285714285714286,1.35,0.2,0.4,1.2,1.6,0.5,0.5,0.875
1303,0.3333333333333333,0.9285714285714286,1.35,0.2,0.4,1.2,1.6,0.5,0.5,0.875,1.5185185185185186
1304,0.9285714285714286,1.35,0.2,0.4,1.2,1.6,0.5,0.5,0.875,1.5185185185185186,1.7307692307692308
1305,1.35,0.2,0.4,1.2,1.6,0.5,0.5,0.875,1.5185185185185186,1.7307692307692308,1.7307692307692308
1306,0.2,0.4,1.2,1.6,0.5,0.5,0.875,1.5185185185185186,1.7307692307692308,1.7307692307692308,1.6666666666666667
1307,0.4,1.2,1.6,0.5,0.5,0.875,1.5185185185185186,1.7307692307692308,1.7307692307692308,1.6666666666666667,1.0
1308,1.2,1.6,0.5,0.5,0.875,1.5185185185185186,1.7307692307692308,1.7307692307692308,1.6666666666666667,1.0,0.6296296296296297
1309,1.6,0.5,0.5,0.875,1.5185185185185186,1.7307692307692308,1.7307692307692308,1.6666666666666667,1.0,0.6296296296296297,1.5
1310,0.5,0.5,0.875,1.5185185185185186,1.7307692307692308,1.7307692307692308,1.6666666666666667,1.0,0.6296296296296297,1.5,0.6428571428571429
1311,0.0,2.6666666666666665,0.42857142857142855,1.1666666666666667,0.0,0.375,0.2,0.6666666666666666,1.25,1.4285714285714286,0.0
1312,2.6666666666666665,0.42857142857142855,1.1666666666666667,0.0,0.375,0.2,0.6666666666666666,1.25,1.4285714285714286,0.0,0.8571428571428571
1313,0.42857142857142855,1.1666666666666667,0.0,0.375,0.2,0.6666666666666666,1.25,1.4285714285714286,0.0,0.8571428571428571,0.0
1314,1.1666666666666667,0.0,0.375,0.2,0.6666666666666666,1.25,1.4285714285714286,0.0,0.8571428571428571,0.0,0.8
1315,0.0,0.375,0.2,0.6666666666666666,1.25,1.4285714285714286,0.0,0.8571428571428571,0.0,0.8,1.0
1316,0.375,0.2,0.6666666666666666,1.25,1.4285714285714286,0.0,0.8571428571428571,0.0,0.8,1.0,0.5
1317,0.2,0.6666666666666666,1.25,1.4285714285714286,0.0,0.8571428571428571,0.0,0.8,1.0,0.5,1.2727272727272727
1318,0.6666666666666666,1.25,1.4285714285714286,0.0,0.8571428571428571,0.0,0.8,1.0,0.5,1.2727272727272727,1.0
1319,1.25,1.4285714285714286,0.0,0.8571428571428571,0.0,0.8,1.0,0.5,1.2727272727272727,1.0,0.6923076923076923
1320,1.1,1.2142857142857142,1.88,1.375,1.2857142857142858,0.8,1.7142857142857142,1.25,0.5,4.0,1.3333333333333333
1321,2.238095238095238,0.9,0.5,1.1851851851851851,0.6428571428571429,1.2222222222222223,1.186046511627907,1.3076923076923077,0.9333333333333333,0.9333333333333333,0.4
1322,0.9,0.5,1.1851851851851851,0.6428571428571429,1.2222222222222223,1.186046511627907,1.3076923076923077,0.9333333333333333,0.9333333333333333,0.4,0.4
1323,0.5,1.1851851851851851,0.6428571428571429,1.2222222222222223,1.186046511627907,1.3076923076923077,0.9333333333333333,0.9333333333333333,0.4,0.4,1.5714285714285714
1324,1.1851851851851851,0.6428571428571429,1.2222222222222223,1.186046511627907,1.3076923076923077,0.9333333333333333,0.9333333333333333,0.4,0.4,1.5714285714285714,0.6666666666666666
1325,0.6428571428571429,1.2222222222222223,1.186046511627907,1.3076923076923077,0.9333333333333333,0.9333333333333333,0.4,0.4,1.5714285714285714,0.6666666666666666,1.3181818181818181
1326,1.2222222222222223,1.186046511627907,1.3076923076923077,0.9333333333333333,0.9333333333333333,0.4,0.4,1.5714285714285714,0.6666666666666666,1.3181818181818181,0.7142857142857143
1327,1.186046511627907,1.3076923076923077,0.9333333333333333,0.9333333333333333,0.4,0.4,1.5714285714285714,0.6666666666666666,1.3181818181818181,0.7142857142857143,1.8666666666666667
1328,1.3076923076923077,0.9333333333333333,0.9333333333333333,0.4,0.4,1.5714285714285714,0.6666666666666666,1.3181818181818181,0.7142857142857143,1.8666666666666667,1.236842105263158
1329,0.9333333333333333,0.9333333333333333,0.4,0.4,1.5714285714285714,0.6666666666666666,1.3181818181818181,0.7142857142857143,1.8666666666666667,1.236842105263158,1.6153846153846154
1330,0.9333333333333333,0.4,0.4,1.5714285714285714,0.6666666666666666,1.3181818181818181,0.7142857142857143,1.8666666666666667,1.236842105263158,1.6153846153846154,1.0
1331,0.4,0.4,1.5714285714285714,0.6666666666666666,1.3181818181818181,0.7142857142857143,1.8666666666666667,1.236842105263158,1.6153846153846154,1.0,0.45454545454545453
1332,0.4,1.5714285714285714,0.6666666666666666,1.3181818181818181,0.7142857142857143,1.8666666666666667,1.236842105263158,1.6153846153846154,1.0,0.45454545454545453,0.7
1333,1.5714285714285714,0.6666666666666666,1.3181818181818181,0.7142857142857143,1.8666666666666667,1.236842105263158,1.6153846153846154,1.0,0.45454545454545453,0.7,1.4782608695652173
1334,0.6666666666666666,1.3181818181818181,0.7142857142857143,1.8666666666666667,1.236842105263158,1.6153846153846154,1.0,0.45454545454545453,0.7,1.4782608695652173,0.8
1335,1.3181818181818181,0.7142857142857143,1.8666666666666667,1.236842105263158,1.6153846153846154,1.0,0.45454545454545453,0.7,1.4782608695652173,0.8,1.4
1336,0.7142857142857143,1.8666666666666667,1.236842105263158,1.6153846153846154,1.0,0.45454545454545453,0.7,1.4782608695652173,0.8,1.4,2.4444444444444446
1337,1.8666666666666667,1.236842105263158,1.6153846153846154,1.0,0.45454545454545453,0.7,1.4782608695652173,0.8,1.4,2.4444444444444446,1.1428571428571428
1338,1.236842105263158,1.6153846153846154,1.0,0.45454545454545453,0.7,1.4782608695652173,0.8,1.4,2.4444444444444446,1.1428571428571428,1.3448275862068966
1339,1.6153846153846154,1.0,0.45454545454545453,0.7,1.4782608695652173,0.8,1.4,2.4444444444444446,1.1428571428571428,1.3448275862068966,1.9428571428571428
1340,1.0,0.45454545454545453,0.7,1.4782608695652173,0.8,1.4,2.4444444444444446,1.1428571428571428,1.3448275862068966,1.9428571428571428,0.6666666666666666
1341,0.45454545454545453,0.7,1.4782608695652173,0.8,1.4,2.4444444444444446,1.1428571428571428,1.3448275862068966,1.9428571428571428,0.6666666666666666,1.0
1342,0.7,1.4782608695652173,0.8,1.4,2.4444444444444446,1.1428571428571428,1.3448275862068966,1.9428571428571428,0.6666666666666666,1.0,1.0
1343,1.4782608695652173,0.8,1.4,2.4444444444444446,1.1428571428571428,1.3448275862068966,1.9428571428571428,0.6666666666666666,1.0,1.0,1.175
1344,0.8,1.4,2.4444444444444446,1.1428571428571428,1.3448275862068966,1.9428571428571428,0.6666666666666666,1.0,1.0,1.175,0.0
1345,1.4,2.4444444444444446,1.1428571428571428,1.3448275862068966,1.9428571428571428,0.6666666666666666,1.0,1.0,1.175,0.0,0.5714285714285714
1346,2.4444444444444446,1.1428571428571428,1.3448275862068966,1.9428571428571428,0.6666666666666666,1.0,1.0,1.175,0.0,0.5714285714285714,0.875
1347,1.1428571428571428,1.3448275862068966,1.9428571428571428,0.6666666666666666,1.0,1.0,1.175,0.0,0.5714285714285714,0.875,0.8823529411764706
1348,1.3448275862068966,1.9428571428571428,0.6666666666666666,1.0,1.0,1.175,0.0,0.5714285714285714,0.875,0.8823529411764706,1.0
1349,1.9428571428571428,0.6666666666666666,1.0,1.0,1.175,0.0,0.5714285714285714,0.875,0.8823529411764706,1.0,1.3421052631578947
1350,0.6666666666666666,1.0,1.0,1.175,0.0,0.5714285714285714,0.875,0.8823529411764706,1.0,1.3421052631578947,2.25
1351,1.0,1.0,1.175,0.0,0.5714285714285714,0.875,0.8823529411764706,1.0,1.3421052631578947,2.25,0.0
1352,1.0,1.175,0.0,0.5714285714285714,0.875,0.8823529411764706,1.0,1.3421052631578947,2.25,0.0,1.0
1353,1.175,0.0,0.5714285714285714,0.875,0.8823529411764706,1.0,1.3421052631578947,2.25,0.0,1.0,1.8888888888888888
1354,0.0,0.5714285714285714,0.875,0.8823529411764706,1.0,1.3421052631578947,2.25,0.0,1.0,1.8888888888888888,1.1666666666666667
1355,0.5714285714285714,0.875,0.8823529411764706,1.0,1.3421052631578947,2.25,0.0,1.0,1.8888888888888888,1.1666666666666667,1.25
1356,0.875,0.8823529411764706,1.0,1.3421052631578947,2.25,0.0,1.0,1.8888888888888888,1.1666666666666667,1.25,2.4285714285714284
1357,0.8823529411764706,1.0,1.3421052631578947,2.25,0.0,1.0,1.8888888888888888,1.1666666666666667,1.25,2.4285714285714284,1.1
1358,1.0,1.3421052631578947,2.25,0.0,1.0,1.8888888888888888,1.1666666666666667,1.25,2.4285714285714284,1.1,0.7647058823529411
1359,1.3421052631578947,2.25,0.0,1.0,1.8888888888888888,1.1666666666666667,1.25,2.4285714285714284,1.1,0.7647058823529411,1.2380952380952381
1360,2.25,0.0,1.0,1.8888888888888888,1.1666666666666667,1.25,2.4285714285714284,1.1,0.7647058823529411,1.2380952380952381,0.0
1361,0.0,1.0,1.8888888888888888,1.1666666666666667,1.25,2.4285714285714284,1.1,0.7647058823529411,1.2380952380952381,0.0,0.0
1362,1.0,1.8888888888888888,1.1666666666666667,1.25,2.4285714285714284,1.1,0.7647058823529411,1.2380952380952381,0.0,0.0,1.24
1363,1.8888888888888888,1.1666666666666667,1.25,2.4285714285714284,1.1,0.7647058823529411,1.2380952380952381,0.0,0.0,1.24,0.9166666666666666
1364,1.1666666666666667,1.25,2.4285714285714284,1.1,0.7647058823529411,1.2380952380952381,0.0,0.0,1.24,0.9166666666666666,1.25
1365,1.25,2.4285714285714284,1.1,0.7647058823529411,1.2380952380952381,0.0,0.0,1.24,0.9166666666666666,1.25,1.0
1366,2.4285714285714284,1.1,0.7647058823529411,1.2380952380952381,0.0,0.0,1.24,0.9166666666666666,1.25,1.0,1.5
1367,1.1,0.7647058823529411,1.2380952380952381,0.0,0.0,1.24,0.9166666666666666,1.25,1.0,1.5,1.3
1368,0.7647058823529411,1.2380952380952381,0.0,0.0,1.24,0.9166666666666666,1.25,1.0,1.5,1.3,1.4
1369,1.2380952380952381,0.0,0.0,1.24,0.9166666666666666,1.25,1.0,1.5,1.3,1.4,0.8333333333333334
1370,0.0,0.0,1.24,0.9166666666666666,1.25,1.0,1.5,1.3,1.4,0.8333333333333334,0.0
1371,0.0,1.24,0.9166666666666666,1.25,1.0,1.5,1.3,1.4,0.8333333333333334,0.0,1.2941176470588236
1372,1.24,0.9166666666666666,1.25,1.0,1.5,1.3,1.4,0.8333333333333334,0.0,1.2941176470588236,1.1111111111111112
1373,0.9166666666666666,1.25,1.0,1.5,1.3,1.4,0.8333333333333334,0.0,1.2941176470588236,1.1111111111111112,1.4545454545454546
1374,1.25,1.0,1.5,1.3,1.4,0.8333333333333334,0.0,1.2941176470588236,1.1111111111111112,1.4545454545454546,1.0
1375,1.0,1.5,1.3,1.4,0.8333333333333334,0.0,1.2941176470588236,1.1111111111111112,1.4545454545454546,1.0,1.0
1376,1.5,1.3,1.4,0.8333333333333334,0.0,1.2941176470588236,1.1111111111111112,1.4545454545454546,1.0,1.0,1.4285714285714286
1377,1.3,1.4,0.8333333333333334,0.0,1.2941176470588236,1.1111111111111112,1.4545454545454546,1.0,1.0,1.4285714285714286,1.6
1378,1.4,0.8333333333333334,0.0,1.2941176470588236,1.1111111111111112,1.4545454545454546,1.0,1.0,1.4285714285714286,1.6,0.88
1379,0.8333333333333334,0.0,1.2941176470588236,1.1111111111111112,1.4545454545454546,1.0,1.0,1.4285714285714286,1.6,0.88,0.2857142857142857
1380,0.0,1.2941176470588236,1.1111111111111112,1.4545454545454546,1.0,1.0,1.4285714285714286,1.6,0.88,0.2857142857142857,0.5
1381,1.2941176470588236,1.1111111111111112,1.4545454545454546,1.0,1.0,1.4285714285714286,1.6,0.88,0.2857142857142857,0.5,0.25
1382,1.1111111111111112,1.4545454545454546,1.0,1.0,1.4285714285714286,1.6,0.88,0.2857142857142857,0.5,0.25,1.0
1383,1.4545454545454546,1.0,1.0,1.4285714285714286,1.6,0.88,0.2857142857142857,0.5,0.25,1.0,0.8333333333333334
1384,1.0,1.0,1.4285714285714286,1.6,0.88,0.2857142857142857,0.5,0.25,1.0,0.8333333333333334,0.5
1385,1.0,1.75,0.8333333333333334,0.3333333333333333,0.0,1.0,0.5833333333333334,1.0,1.0,1.0,0.5714285714285714
1386,1.75,0.8333333333333334,0.3333333333333333,0.0,1.0,0.5833333333333334,1.0,1.0,1.0,0.5714285714285714,0.8333333333333334
1387,0.8333333333333334,0.3333333333333333,0.0,1.0,0.5833333333333334,1.0,1.0,1.0,0.5714285714285714,0.8333333333333334,1.0
1388,0.3333333333333333,0.0,1.0,0.5833333333333334,1.0,1.0,1.0,0.5714285714285714,0.8333333333333334,1.0,0.9473684210526315
1389,0.0,1.0,0.5833333333333334,1.0,1.0,1.0,0.5714285714285714,0.8333333333333334,1.0,0.9473684210526315,1.0769230769230769
1390,1.0,0.5833333333333334,1.0,1.0,1.0,0.5714285714285714,0.8333333333333334,1.0,0.9473684210526315,1.0769230769230769,3.6666666666666665
1391,0.5833333333333334,1.0,1.0,1.0,0.5714285714285714,0.8333333333333334,1.0,0.9473684210526315,1.0769230769230769,3.6666666666666665,1.125
1392,1.0,1.0,1.0,0.5714285714285714,0.8333333333333334,1.0,0.9473684210526315,1.0769230769230769,3.6666666666666665,1.125,1.0
1393,1.0,1.0,0.5714285714285714,0.8333333333333334,1.0,0.9473684210526315,1.0769230769230769,3.6666666666666665,1.125,1.0,1.0
1394,1.0,0.5714285714285714,0.8333333333333334,1.0,0.9473684210526315,1.0769230769230769,3.6666666666666665,1.125,1.0,1.0,6.0
1395,0.5714285714285714,0.8333333333333334,1.0,0.9473684210526315,1.0769230769230769,3.6666666666666665,1.125,1.0,1.0,6.0,1.2222222222222223
1396,0.8333333333333334,1.0,0.9473684210526315,1.0769230769230769,3.6666666666666665,1.125,1.0,1.0,6.0,1.2222222222222223,0.0
1397,1.0,0.9473684210526315,1.0769230769230769,3.6666666666666665,1.125,1.0,1.0,6.0,1.2222222222222223,0.0,0.5
1398,0.9473684210526315,1.0769230769230769,3.6666666666666665,1.125,1.0,1.0,6.0,1.2222222222222223,0.0,0.5,1.3
1399,1.0769230769230769,3.6666666666666665,1.125,1.0,1.0,6.0,1.2222222222222223,0.0,0.5,1.3,0.8
1400,3.6666666666666665,1.125,1.0,1.0,6.0,1.2222222222222223,0.0,0.5,1.3,0.8,2.0
1401,1.125,1.0,1.0,6.0,1.2222222222222223,0.0,0.5,1.3,0.8,2.0,1.0
1402,1.0,1.0,6.0,1.2222222222222223,0.0,0.5,1.3,0.8,2.0,1.0,4.0
1403,1.0,6.0,1.2222222222222223,0.0,0.5,1.3,0.8,2.0,1.0,4.0,1.0
1404,6.0,1.2222222222222223,0.0,0.5,1.3,0.8,2.0,1.0,4.0,1.0,0.0
1405,1.2222222222222223,0.0,0.5,1.3,0.8,2.0,1.0,4.0,1.0,0.0,1.0909090909090908
1406,0.0,0.5,1.3,0.8,2.0,1.0,4.0,1.0,0.0,1.0909090909090908,0.0
1407,0.5,1.3,0.8,2.0,1.0,4.0,1.0,0.0,1.0909090909090908,0.0,0.0
1408,1.3,0.8,2.0,1.0,4.0,1.0,0.0,1.0909090909090908,0.0,0.0,1.7692307692307692
1409,0.8,2.0,1.0,4.0,1.0,0.0,1.0909090909090908,0.0,0.0,1.7692307692307692,3.0
1410,2.0,1.0,4.0,1.0,0.0,1.0909090909090908,0.0,0.0,1.7692307692307692,3.0,1.2222222222222223
1411,1.0,4.0,1.0,0.0,1.0909090909090908,0.0,0.0,1.7692307692307692,3.0,1.2222222222222223,1.1
1412,4.0,1.0,0.0,1.0909090909090908,0.0,0.0,1.7692307692307692,3.0,1.2222222222222223,1.1,1.0
1413,1.0,0.0,1.0909090909090908,0.0,0.0,1.7692307692307692,3.0,1.2222222222222223,1.1,1.0,1.0
1414,0.0,1.0909090909090908,0.0,0.0,1.7692307692307692,3.0,1.2222222222222223,1.1,1.0,1.0,1.25
1415,1.0909090909090908,0.0,0.0,1.7692307692307692,3.0,1.2222222222222223,1.1,1.0,1.0,1.25,0.9230769230769231
1416,0.0,0.0,1.7692307692307692,3.0,1.2222222222222223,1.1,1.0,1.0,1.25,0.9230769230769231,1.0
1417,0.3,0.3333333333333333,1.6666666666666667,0.3333333333333333,1.0,1.0,1.3333333333333333,2.0625,1.9142857142857144,0.0,0.0
1418,0.3333333333333333,1.6666666666666667,0.3333333333333333,1.0,1.0,1.3333333333333333,2.0625,1.9142857142857144,0.0,0.0,2.4
1419,1.6666666666666667,0.3333333333333333,1.0,1.0,1.3333333333333333,2.0625,1.9142857142857144,0.0,0.0,2.4,1.6666666666666667
1420,0.3333333333333333,1.0,1.0,1.3333333333333333,2.0625,1.9142857142857144,0.0,0.0,2.4,1.6666666666666667,0.3333333333333333
1421,1.0,1.0,1.3333333333333333,2.0625,1.9142857142857144,0.0,0.0,2.4,1.6666666666666667,0.3333333333333333,1.2647058823529411
1422,0.7666666666666667,0.6842105263157895,1.75,1.0,1.3333333333333333,0.7058823529411765,0.45454545454545453,0.5555555555555556,1.0,1.8571428571428572,2.0
1423,0.6842105263157895,1.75,1.0,1.3333333333333333,0.7058823529411765,0.45454545454545453,0.5555555555555556,1.0,1.8571428571428572,2.0,2.25
1424,1.75,1.0,1.3333333333333333,0.7058823529411765,0.45454545454545453,0.5555555555555556,1.0,1.8571428571428572,2.0,2.25,1.9090909090909092
1425,1.0,1.3333333333333333,0.7058823529411765,0.45454545454545453,0.5555555555555556,1.0,1.8571428571428572,2.0,2.25,1.9090909090909092,0.5714285714285714
1426,1.3333333333333333,0.7058823529411765,0.45454545454545453,0.5555555555555556,1.0,1.8571428571428572,2.0,2.25,1.9090909090909092,0.5714285714285714,0.8333333333333334
1427,0.7058823529411765,0.45454545454545453,0.5555555555555556,1.0,1.8571428571428572,2.0,2.25,1.9090909090909092,0.5714285714285714,0.8333333333333334,0.8
1428,0.45454545454545453,0.5555555555555556,1.0,1.8571428571428572,2.0,2.25,1.9090909090909092,0.5714285714285714,0.8333333333333334,0.8,0.8333333333333334
1429,0.5555555555555556,1.0,1.8571428571428572,2.0,2.25,1.9090909090909092,0.5714285714285714,0.8333333333333334,0.8,0.8333333333333334,1.5454545454545454
1430,1.0,1.8571428571428572,2.0,2.25,1.9090909090909092,0.5714285714285714,0.8333333333333334,0.8,0.8333333333333334,1.5454545454545454,2.0689655172413794
1431,1.8571428571428572,2.0,2.25,1.9090909090909092,0.5714285714285714,0.8333333333333334,0.8,0.8333333333333334,1.5454545454545454,2.0689655172413794,1.0
1432,2.0,2.25,1.9090909090909092,0.5714285714285714,0.8333333333333334,0.8,0.8333333333333334,1.5454545454545454,2.0689655172413794,1.0,1.2777777777777777
1433,2.25,1.9090909090909092,0.5714285714285714,0.8333333333333334,0.8,0.8333333333333334,1.5454545454545454,2.0689655172413794,1.0,1.2777777777777777,0.9230769230769231
1434,1.9090909090909092,0.5714285714285714,0.8333333333333334,0.8,0.8333333333333334,1.5454545454545454,2.0689655172413794,1.0,1.2777777777777777,0.9230769230769231,0.3333333333333333
1435,0.5714285714285714,0.8333333333333334,0.8,0.8333333333333334,1.5454545454545454,2.0689655172413794,1.0,1.2777777777777777,0.9230769230769231,0.3333333333333333,0.8235294117647058
1436,0.8333333333333334,0.8,0.8333333333333334,1.5454545454545454,2.0689655172413794,1.0,1.2777777777777777,0.9230769230769231,0.3333333333333333,0.8235294117647058,2.5
1437,0.8,0.8333333333333334,1.5454545454545454,2.0689655172413794,1.0,1.2777777777777777,0.9230769230769231,0.3333333333333333,0.8235294117647058,2.5,0.0
1438,0.8333333333333334,1.5454545454545454,2.0689655172413794,1.0,1.2777777777777777,0.9230769230769231,0.3333333333333333,0.8235294117647058,2.5,0.0,1.2941176470588236
1439,1.5454545454545454,2.0689655172413794,1.0,1.2777777777777777,0.9230769230769231,0.3333333333333333,0.8235294117647058,2.5,0.0,1.2941176470588236,1.6
1440,2.0689655172413794,1.0,1.2777777777777777,0.9230769230769231,0.3333333333333333,0.8235294117647058,2.5,0.0,1.2941176470588236,1.6,2.5
1441,1.0,1.2777777777777777,0.9230769230769231,0.3333333333333333,0.8235294117647058,2.5,0.0,1.2941176470588236,1.6,2.5,1.3125
1442,1.2777777777777777,0.9230769230769231,0.3333333333333333,0.8235294117647058,2.5,0.0,1.2941176470588236,1.6,2.5,1.3125,2.090909090909091
1443,0.9230769230769231,0.3333333333333333,0.8235294117647058,2.5,0.0,1.2941176470588236,1.6,2.5,1.3125,2.090909090909091,2.0
1444,0.3333333333333333,0.8235294117647058,2.5,0.0,1.2941176470588236,1.6,2.5,1.3125,2.090909090909091,2.0,0.0
1445,0.8235294117647058,2.5,0.0,1.2941176470588236,1.6,2.5,1.3125,2.090909090909091,2.0,0.0,0.42857142857142855
1446,2.5,0.0,1.2941176470588236,1.6,2.5,1.3125,2.090909090909091,2.0,0.0,0.42857142857142855,0.7142857142857143
1447,0.0,1.2941176470588236,1.6,2.5,1.3125,2.090909090909091,2.0,0.0,0.42857142857142855,0.7142857142857143,0.14285714285714285
1448,1.2941176470588236,1.6,2.5,1.3125,2.090909090909091,2.0,0.0,0.42857142857142855,0.7142857142857143,0.14285714285714285,1.0
1449,1.6,2.5,1.3125,2.090909090909091,2.0,0.0,0.42857142857142855,0.7142857142857143,0.14285714285714285,1.0,1.1818181818181819
1450,2.5,1.3125,2.090909090909091,2.0,0.0,0.42857142857142855,0.7142857142857143,0.14285714285714285,1.0,1.1818181818181819,1.5714285714285714
1451,1.3125,2.090909090909091,2.0,0.0,0.42857142857142855,0.7142857142857143,0.14285714285714285,1.0,1.1818181818181819,1.5714285714285714,1.3636363636363635
1452,2.090909090909091,2.0,0.0,0.42857142857142855,0.7142857142857143,0.14285714285714285,1.0,1.1818181818181819,1.5714285714285714,1.3636363636363635,0.8571428571428571
1453,2.0,0.0,0.42857142857142855,0.7142857142857143,0.14285714285714285,1.0,1.1818181818181819,1.5714285714285714,1.3636363636363635,0.8571428571428571,1.0
1454,0.0,0.42857142857142855,0.7142857142857143,0.14285714285714285,1.0,1.1818181818181819,1.5714285714285714,1.3636363636363635,0.8571428571428571,1.0,1.0
1455,0.42857142857142855,0.7142857142857143,0.14285714285714285,1.0,1.1818181818181819,1.5714285714285714,1.3636363636363635,0.8571428571428571,1.0,1.0,1.5
1456,0.7142857142857143,0.14285714285714285,1.0,1.1818181818181819,1.5714285714285714,1.3636363636363635,0.8571428571428571,1.0,1.0,1.5,0.875
1457,0.14285714285714285,1.0,1.1818181818181819,1.5714285714285714,1.3636363636363635,0.8571428571428571,1.0,1.0,1.5,0.875,0.5555555555555556
1458,1.0,1.1818181818181819,1.5714285714285714,1.3636363636363635,0.8571428571428571,1.0,1.0,1.5,0.875,0.5555555555555556,0.8
1459,1.1818181818181819,1.5714285714285714,1.3636363636363635,0.8571428571428571,1.0,1.0,1.5,0.875,0.5555555555555556,0.8,2.1
1460,1.5714285714285714,1.3636363636363635,0.8571428571428571,1.0,1.0,1.5,0.875,0.5555555555555556,0.8,2.1,4.0
1461,1.3636363636363635,0.8571428571428571,1.0,1.0,1.5,0.875,0.5555555555555556,0.8,2.1,4.0,1.0
1462,0.8571428571428571,1.0,1.0,1.5,0.875,0.5555555555555556,0.8,2.1,4.0,1.0,0.5
1463,1.0,1.0,1.5,0.875,0.5555555555555556,0.8,2.1,4.0,1.0,0.5,1.2105263157894737
1464,1.0,1.5,0.875,0.5555555555555556,0.8,2.1,4.0,1.0,0.5,1.2105263157894737,0.6666666666666666
1465,1.5,0.875,0.5555555555555556,0.8,2.1,4.0,1.0,0.5,1.2105263157894737,0.6666666666666666,1.1666666666666667
1466,0.875,0.5555555555555556,0.8,2.1,4.0,1.0,0.5,1.2105263157894737,0.6666666666666666,1.1666666666666667,0.0
1467,0.5555555555555556,0.8,2.1,4.0,1.0,0.5,1.2105263157894737,0.6666666666666666,1.1666666666666667,0.0,1.4
1468,0.8,2.1,4.0,1.0,0.5,1.2105263157894737,0.6666666666666666,1.1666666666666667,0.0,1.4,1.0
1469,2.1,4.0,1.0,0.5,1.2105263157894737,0.6666666666666666,1.1666666666666667,0.0,1.4,1.0,0.875
1470,4.0,1.0,0.5,1.2105263157894737,0.6666666666666666,1.1666666666666667,0.0,1.4,1.0,0.875,0.6666666666666666
1471,1.0,0.5,1.2105263157894737,0.6666666666666666,1.1666666666666667,0.0,1.4,1.0,0.875,0.6666666666666666,1.4615384615384615
1472,0.5,1.2105263157894737,0.6666666666666666,1.1666666666666667,0.0,1.4,1.0,0.875,0.6666666666666666,1.4615384615384615,1.2857142857142858
1473,1.2105263157894737,0.6666666666666666,1.1666666666666667,0.0,1.4,1.0,0.875,0.6666666666666666,1.4615384615384615,1.2857142857142858,1.9
1474,0.6666666666666666,1.1666666666666667,0.0,1.4,1.0,0.875,0.6666666666666666,1.4615384615384615,1.2857142857142858,1.9,1.8571428571428572
1475,1.1666666666666667,0.0,1.4,1.0,0.875,0.6666666666666666,1.4615384615384615,1.2857142857142858,1.9,1.8571428571428572,0.631578947368421
1476,0.0,1.4,1.0,0.875,0.6666666666666666,1.4615384615384615,1.2857142857142858,1.9,1.8571428571428572,0.631578947368421,1.4285714285714286
1477,1.4,1.0,0.875,0.6666666666666666,1.4615384615384615,1.2857142857142858,1.9,1.8571428571428572,0.631578947368421,1.4285714285714286,1.1666666666666667
1478,1.0,0.875,0.6666666666666666,1.4615384615384615,1.2857142857142858,1.9,1.8571428571428572,0.631578947368421,1.4285714285714286,1.1666666666666667,3.2
1479,0.875,0.6666666666666666,1.4615384615384615,1.2857142857142858,1.9,1.8571428571428572,0.631578947368421,1.4285714285714286,1.1666666666666667,3.2,0.75
1480,0.6666666666666666,1.4615384615384615,1.2857142857142858,1.9,1.8571428571428572,0.631578947368421,1.4285714285714286,1.1666666666666667,3.2,0.75,1.8823529411764706
1481,1.4615384615384615,1.2857142857142858,1.9,1.8571428571428572,0.631578947368421,1.4285714285714286,1.1666666666666667,3.2,0.75,1.8823529411764706,1.1875
1482,1.2857142857142858,1.9,1.8571428571428572,0.631578947368421,1.4285714285714286,1.1666666666666667,3.2,0.75,1.8823529411764706,1.1875,0.8333333333333334
1483,1.9,1.8571428571428572,0.631578947368421,1.4285714285714286,1.1666666666666667,3.2,0.75,1.8823529411764706,1.1875,0.8333333333333334,1.6363636363636365
1484,1.8571428571428572,0.631578947368421,1.4285714285714286,1.1666666666666667,3.2,0.75,1.8823529411764706,1.1875,0.8333333333333334,1.6363636363636365,2.0
1485,0.631578947368421,1.4285714285714286,1.1666666666666667,3.2,0.75,1.8823529411764706,1.1875,0.8333333333333334,1.6363636363636365,2.0,1.0434782608695652
1486,1.4285714285714286,1.1666666666666667,3.2,0.75,1.8823529411764706,1.1875,0.8333333333333334,1.6363636363636365,2.0,1.0434782608695652,0.7647058823529411
1487,1.1666666666666667,3.2,0.75,1.8823529411764706,1.1875,0.8333333333333334,1.6363636363636365,2.0,1.0434782608695652,0.7647058823529411,2.2222222222222223
1488,3.2,0.75,1.8823529411764706,1.1875,0.8333333333333334,1.6363636363636365,2.0,1.0434782608695652,0.7647058823529411,2.2222222222222223,0.25
1489,0.75,1.8823529411764706,1.1875,0.8333333333333334,1.6363636363636365,2.0,1.0434782608695652,0.7647058823529411,2.2222222222222223,0.25,0.8571428571428571
1490,1.8823529411764706,1.1875,0.8333333333333334,1.6363636363636365,2.0,1.0434782608695652,0.7647058823529411,2.2222222222222223,0.25,0.8571428571428571,3.0
1491,1.1875,0.8333333333333334,1.6363636363636365,2.0,1.0434782608695652,0.7647058823529411,2.2222222222222223,0.25,0.8571428571428571,3.0,1.21875
1492,0.8333333333333334,1.6363636363636365,2.0,1.0434782608695652,0.7647058823529411,2.2222222222222223,0.25,0.8571428571428571,3.0,1.21875,1.6296296296296295
1493,1.6363636363636365,2.0,1.0434782608695652,0.7647058823529411,2.2222222222222223,0.25,0.8571428571428571,3.0,1.21875,1.6296296296296295,0.6
1494,1.6153846153846154,2.0,1.3571428571428572,1.4666666666666666,1.5,0.5,1.0,0.9259259259259259,1.0,1.0869565217391304,1.1538461538461537
1495,2.0,1.3571428571428572,1.4666666666666666,1.5,0.5,1.0,0.9259259259259259,1.0,1.0869565217391304,1.1538461538461537,1.0
1496,1.3571428571428572,1.4666666666666666,1.5,0.5,1.0,0.9259259259259259,1.0,1.0869565217391304,1.1538461538461537,1.0,0.0
1497,1.4666666666666666,1.5,0.5,1.0,0.9259259259259259,1.0,1.0869565217391304,1.1538461538461537,1.0,0.0,1.0588235294117647
1498,1.5,0.5,1.0,0.9259259259259259,1.0,1.0869565217391304,1.1538461538461537,1.0,0.0,1.0588235294117647,2.0
1499,0.5,1.0,0.9259259259259259,1.0,1.0869565217391304,1.1538461538461537,1.0,0.0,1.0588235294117647,2.0,1.0
1500,1.0,0.9259259259259259,1.0,1.0869565217391304,1.1538461538461537,1.0,0.0,1.0588235294117647,2.0,1.0,2.5
1501,0.9259259259259259,1.0,1.0869565217391304,1.1538461538461537,1.0,0.0,1.0588235294117647,2.0,1.0,2.5,1.2727272727272727
1502,1.0,1.0869565217391304,1.1538461538461537,1.0,0.0,1.0588235294117647,2.0,1.0,2.5,1.2727272727272727,0.0
1503,1.0869565217391304,1.1538461538461537,1.0,0.0,1.0588235294117647,2.0,1.0,2.5,1.2727272727272727,0.0,0.0
1504,1.1538461538461537,1.0,0.0,1.0588235294117647,2.0,1.0,2.5,1.2727272727272727,0.0,0.0,1.125
1505,1.0,0.0,1.0588235294117647,2.0,1.0,2.5,1.2727272727272727,0.0,0.0,1.125,0.7272727272727273
1506,0.0,1.0588235294117647,2.0,1.0,2.5,1.2727272727272727,0.0,0.0,1.125,0.7272727272727273,1.1
1507,1.0588235294117647,2.0,1.0,2.5,1.2727272727272727,0.0,0.0,1.125,0.7272727272727273,1.1,2.324324324324324
1508,2.0,1.0,2.5,1.2727272727272727,0.0,0.0,1.125,0.7272727272727273,1.1,2.324324324324324,1.4230769230769231
1509,1.0,2.5,1.2727272727272727,0.0,0.0,1.125,0.7272727272727273,1.1,2.324324324324324,1.4230769230769231,1.2333333333333334
1510,2.5,1.2727272727272727,0.0,0.0,1.125,0.7272727272727273,1.1,2.324324324324324,1.4230769230769231,1.2333333333333334,1.0
1511,1.2727272727272727,0.0,0.0,1.125,0.7272727272727273,1.1,2.324324324324324,1.4230769230769231,1.2333333333333334,1.0,1.25
1512,0.0,0.0,1.125,0.7272727272727273,1.1,2.324324324324324,1.4230769230769231,1.2333333333333334,1.0,1.25,0.5
1513,0.0,1.125,0.7272727272727273,1.1,2.324324324324324,1.4230769230769231,1.2333333333333334,1.0,1.25,0.5,0.5238095238095238
1514,1.125,0.7272727272727273,1.1,2.324324324324324,1.4230769230769231,1.2333333333333334,1.0,1.25,0.5,0.5238095238095238,1.0
1515,0.7272727272727273,1.1,2.324324324324324,1.4230769230769231,1.2333333333333334,1.0,1.25,0.5,0.5238095238095238,1.0,1.0
1516,1.1,2.324324324324324,1.4230769230769231,1.2333333333333334,1.0,1.25,0.5,0.5238095238095238,1.0,1.0,0.45454545454545453
1517,2.324324324324324,1.4230769230769231,1.2333333333333334,1.0,1.25,0.5,0.5238095238095238,1.0,1.0,0.45454545454545453,1.8181818181818181
1518,1.4230769230769231,1.2333333333333334,1.0,1.25,0.5,0.5238095238095238,1.0,1.0,0.45454545454545453,1.8181818181818181,1.2
1519,1.2333333333333334,1.0,1.25,0.5,0.5238095238095238,1.0,1.0,0.45454545454545453,1.8181818181818181,1.2,1.2727272727272727
1520,1.0,1.25,0.5,0.5238095238095238,1.0,1.0,0.45454545454545453,1.8181818181818181,1.2,1.2727272727272727,4.0
1521,1.25,0.5,0.5238095238095238,1.0,1.0,0.45454545454545453,1.8181818181818181,1.2,1.2727272727272727,4.0,1.3333333333333333
1522,0.5,0.5238095238095238,1.0,1.0,0.45454545454545453,1.8181818181818181,1.2,1.2727272727272727,4.0,1.3333333333333333,0.3333333333333333
1523,0.5238095238095238,1.0,1.0,0.45454545454545453,1.8181818181818181,1.2,1.2727272727272727,4.0,1.3333333333333333,0.3333333333333333,1.6666666666666667
1524,1.0,1.0,0.45454545454545453,1.8181818181818181,1.2,1.2727272727272727,4.0,1.3333333333333333,0.3333333333333333,1.6666666666666667,1.3333333333333333
1525,1.0,0.45454545454545453,1.8181818181818181,1.2,1.2727272727272727,4.0,1.3333333333333333,0.3333333333333333,1.6666666666666667,1.3333333333333333,0.8
1526,0.45454545454545453,1.8181818181818181,1.2,1.2727272727272727,4.0,1.3333333333333333,0.3333333333333333,1.6666666666666667,1.3333333333333333,0.8,1.3333333333333333
1527,1.8181818181818181,1.2,1.2727272727272727,4.0,1.3333333333333333,0.3333333333333333,1.6666666666666667,1.3333333333333333,0.8,1.3333333333333333,1.45
1528,1.2,1.2727272727272727,4.0,1.3333333333333333,0.3333333333333333,1.6666666666666667,1.3333333333333333,0.8,1.3333333333333333,1.45,1.391304347826087
1529,1.2727272727272727,4.0,1.3333333333333333,0.3333333333333333,1.6666666666666667,1.3333333333333333,0.8,1.3333333333333333,1.45,1.391304347826087,1.0
1530,4.0,1.3333333333333333,0.3333333333333333,1.6666666666666667,1.3333333333333333,0.8,1.3333333333333333,1.45,1.391304347826087,1.0,1.619047619047619
1531,1.3333333333333333,0.3333333333333333,1.6666666666666667,1.3333333333333333,0.8,1.3333333333333333,1.45,1.391304347826087,1.0,1.619047619047619,0.75
1532,0.3333333333333333,1.6666666666666667,1.3333333333333333,0.8,1.3333333333333333,1.45,1.391304347826087,1.0,1.619047619047619,0.75,1.3636363636363635
1533,1.6666666666666667,1.3333333333333333,0.8,1.3333333333333333,1.45,1.391304347826087,1.0,1.619047619047619,0.75,1.3636363636363635,1.236842105263158
1534,1.3333333333333333,0.8,1.3333333333333333,1.45,1.391304347826087,1.0,1.619047619047619,0.75,1.3636363636363635,1.236842105263158,1.1666666666666667
1535,0.8,1.3333333333333333,1.45,1.391304347826087,1.0,1.619047619047619,0.75,1.3636363636363635,1.236842105263158,1.1666666666666667,0.42857142857142855
1536,1.3333333333333333,1.45,1.391304347826087,1.0,1.619047619047619,0.75,1.3636363636363635,1.236842105263158,1.1666666666666667,0.42857142857142855,1.7142857142857142
1537,1.45,1.391304347826087,1.0,1.619047619047619,0.75,1.3636363636363635,1.236842105263158,1.1666666666666667,0.42857142857142855,1.7142857142857142,1.3
1538,1.391304347826087,1.0,1.619047619047619,0.75,1.3636363636363635,1.236842105263158,1.1666666666666667,0.42857142857142855,1.7142857142857142,1.3,1.0
1539,1.0,1.619047619047619,0.75,1.3636363636363635,1.236842105263158,1.1666666666666667,0.42857142857142855,1.7142857142857142,1.3,1.0,1.0625
1540,1.619047619047619,0.75,1.3636363636363635,1.236842105263158,1.1666666666666667,0.42857142857142855,1.7142857142857142,1.3,1.0,1.0625,2.5833333333333335
1541,0.75,1.3636363636363635,1.236842105263158,1.1666666666666667,0.42857142857142855,1.7142857142857142,1.3,1.0,1.0625,2.5833333333333335,2.1333333333333333
1542,1.3636363636363635,1.236842105263158,1.1666666666666667,0.42857142857142855,1.7142857142857142,1.3,1.0,1.0625,2.5833333333333335,2.1333333333333333,0.8666666666666667
1543,1.236842105263158,1.1666666666666667,0.42857142857142855,1.7142857142857142,1.3,1.0,1.0625,2.5833333333333335,2.1333333333333333,0.8666666666666667,1.5
1544,1.1666666666666667,0.42857142857142855,1.7142857142857142,1.3,1.0,1.0625,2.5833333333333335,2.1333333333333333,0.8666666666666667,1.5,0.5
1545,0.42857142857142855,1.7142857142857142,1.3,1.0,1.0625,2.5833333333333335,2.1333333333333333,0.8666666666666667,1.5,0.5,1.5
1546,1.7142857142857142,1.3,1.0,1.0625,2.5833333333333335,2.1333333333333333,0.8666666666666667,1.5,0.5,1.5,0.7058823529411765
1547,1.3,1.0,1.0625,2.5833333333333335,2.1333333333333333,0.8666666666666667,1.5,0.5,1.5,0.7058823529411765,1.75
1548,1.0,1.0625,2.5833333333333335,2.1333333333333333,0.8666666666666667,1.5,0.5,1.5,0.7058823529411765,1.75,2.1176470588235294
1549,1.0625,2.5833333333333335,2.1333333333333333,0.8666666666666667,1.5,0.5,1.5,0.7058823529411765,1.75,2.1176470588235294,1.5454545454545454
1550,2.5833333333333335,2.1333333333333333,0.8666666666666667,1.5,0.5,1.5,0.7058823529411765,1.75,2.1176470588235294,1.5454545454545454,1.5833333333333333
1551,2.1333333333333333,0.8666666666666667,1.5,0.5,1.5,0.7058823529411765,1.75,2.1176470588235294,1.5454545454545454,1.5833333333333333,0.0
1552,0.8666666666666667,1.5,0.5,1.5,0.7058823529411765,1.75,2.1176470588235294,1.5454545454545454,1.5833333333333333,0.0,1.8636363636363635
1553,1.5,0.5,1.5,0.7058823529411765,1.75,2.1176470588235294,1.5454545454545454,1.5833333333333333,0.0,1.8636363636363635,1.3125
1554,0.5,1.5,0.7058823529411765,1.75,2.1176470588235294,1.5454545454545454,1.5833333333333333,0.0,1.8636363636363635,1.3125,0.3333333333333333
1555,1.5,0.7058823529411765,1.75,2.1176470588235294,1.5454545454545454,1.5833333333333333,0.0,1.8636363636363635,1.3125,0.3333333333333333,0.0
1556,0.7058823529411765,1.75,2.1176470588235294,1.5454545454545454,1.5833333333333333,0.0,1.8636363636363635,1.3125,0.3333333333333333,0.0,0.0
1557,1.75,2.1176470588235294,1.5454545454545454,1.5833333333333333,0.0,1.8636363636363635,1.3125,0.3333333333333333,0.0,0.0,1.0
1558,2.1176470588235294,1.5454545454545454,1.5833333333333333,0.0,1.8636363636363635,1.3125,0.3333333333333333,0.0,0.0,1.0,1.0
1559,1.5454545454545454,1.5833333333333333,0.0,1.8636363636363635,1.3125,0.3333333333333333,0.0,0.0,1.0,1.0,1.391304347826087
1560,1.5833333333333333,0.0,1.8636363636363635,1.3125,0.3333333333333333,0.0,0.0,1.0,1.0,1.391304347826087,5.0
1561,0.0,1.8636363636363635,1.3125,0.3333333333333333,0.0,0.0,1.0,1.0,1.391304347826087,5.0,1.0
1562,1.8636363636363635,1.3125,0.3333333333333333,0.0,0.0,1.0,1.0,1.391304347826087,5.0,1.0,1.2857142857142858
1563,1.3125,0.3333333333333333,0.0,0.0,1.0,1.0,1.391304347826087,5.0,1.0,1.2857142857142858,1.3333333333333333
1564,0.3333333333333333,0.0,0.0,1.0,1.0,1.391304347826087,5.0,1.0,1.2857142857142858,1.3333333333333333,3.0
1565,0.0,0.0,1.0,1.0,1.391304347826087,5.0,1.0,1.2857142857142858,1.3333333333333333,3.0,1.85
1566,0.0,1.0,1.0,1.391304347826087,5.0,1.0,1.2857142857142858,1.3333333333333333,3.0,1.85,0.5454545454545454
1567,1.0,1.0,1.391304347826087,5.0,1.0,1.2857142857142858,1.3333333333333333,3.0,1.85,0.5454545454545454,1.5
1568,1.0,1.391304347826087,5.0,1.0,1.2857142857142858,1.3333333333333333,3.0,1.85,0.5454545454545454,1.5,0.75
1569,1.391304347826087,5.0,1.0,1.2857142857142858,1.3333333333333333,3.0,1.85,0.5454545454545454,1.5,0.75,1.2105263157894737
1570,5.0,1.0,1.2857142857142858,1.3333333333333333,3.0,1.85,0.5454545454545454,1.5,0.75,1.2105263157894737,1.2
1571,1.0,1.2857142857142858,1.3333333333333333,3.0,1.85,0.5454545454545454,1.5,0.75,1.2105263157894737,1.2,1.1666666666666667
1572,1.2857142857142858,1.3333333333333333,3.0,1.85,0.5454545454545454,1.5,0.75,1.2105263157894737,1.2,1.1666666666666667,1.8333333333333333
1573,1.3333333333333333,3.0,1.85,0.5454545454545454,1.5,0.75,1.2105263157894737,1.2,1.1666666666666667,1.8333333333333333,2.0
1574,3.0,1.85,0.5454545454545454,1.5,0.75,1.2105263157894737,1.2,1.1666666666666667,1.8333333333333333,2.0,1.1333333333333333
1575,1.85,0.5454545454545454,1.5,0.75,1.2105263157894737,1.2,1.1666666666666667,1.8333333333333333,2.0,1.1333333333333333,1.0
1576,0.5454545454545454,1.5,0.75,1.2105263157894737,1.2,1.1666666666666667,1.8333333333333333,2.0,1.1333333333333333,1.0,1.0
1577,1.5,0.75,1.2105263157894737,1.2,1.1666666666666667,1.8333333333333333,2.0,1.1333333333333333,1.0,1.0,1.5
1578,0.75,1.2105263157894737,1.2,1.1666666666666667,1.8333333333333333,2.0,1.1333333333333333,1.0,1.0,1.5,0.0
1579,1.2105263157894737,1.2,1.1666666666666667,1.8333333333333333,2.0,1.1333333333333333,1.0,1.0,1.5,0.0,0.0
1580,1.2,1.1666666666666667,1.8333333333333333,2.0,1.1333333333333333,1.0,1.0,1.5,0.0,0.0,0.2
1581,1.7826086956521738,1.2692307692307692,1.0,2.125,1.0,1.6,2.127659574468085,1.0909090909090908,1.5,1.0,1.25
1582,1.2692307692307692,1.0,2.125,1.0,1.6,2.127659574468085,1.0909090909090908,1.5,1.0,1.25,1.558139534883721
1583,1.0,2.125,1.0,1.6,2.127659574468085,1.0909090909090908,1.5,1.0,1.25,1.558139534883721,1.5
1584,2.125,1.0,1.6,2.127659574468085,1.0909090909090908,1.5,1.0,1.25,1.558139534883721,1.5,1.6923076923076923
1585,1.0,1.6,2.127659574468085,1.0909090909090908,1.5,1.0,1.25,1.558139534883721,1.5,1.6923076923076923,1.2777777777777777
1586,1.6,2.127659574468085,1.0909090909090908,1.5,1.0,1.25,1.558139534883721,1.5,1.6923076923076923,1.2777777777777777,0.6666666666666666
1587,0.25,0.0,1.3333333333333333,0.7777777777777778,1.3555555555555556,0.25,1.5384615384615385,1.21875,0.6,1.1111111111111112,1.2432432432432432
1588,0.0,1.3333333333333333,0.7777777777777778,1.3555555555555556,0.25,1.5384615384615385,1.21875,0.6,1.1111111111111112,1.2432432432432432,1.7241379310344827
1589,1.3333333333333333,0.7777777777777778,1.3555555555555556,0.25,1.5384615384615385,1.21875,0.6,1.1111111111111112,1.2432432432432432,1.7241379310344827,1.1
1590,0.7777777777777778,1.3555555555555556,0.25,1.5384615384615385,1.21875,0.6,1.1111111111111112,1.2432432432432432,1.7241379310344827,1.1,1.75
1591,1.3555555555555556,0.25,1.5384615384615385,1.21875,0.6,1.1111111111111112,1.2432432432432432,1.7241379310344827,1.1,1.75,1.7073170731707317
1592,0.25,1.5384615384615385,1.21875,0.6,1.1111111111111112,1.2432432432432432,1.7241379310344827,1.1,1.75,1.7073170731707317,1.037037037037037
1593,1.5384615384615385,1.21875,0.6,1.1111111111111112,1.2432432432432432,1.7241379310344827,1.1,1.75,1.7073170731707317,1.037037037037037,1.7
1594,1.21875,0.6,1.1111111111111112,1.2432432432432432,1.7241379310344827,1.1,1.75,1.7073170731707317,1.037037037037037,1.7,1.4285714285714286
1595,0.6,1.1111111111111112,1.2432432432432432,1.7241379310344827,1.1,1.75,1.7073170731707317,1.037037037037037,1.7,1.4285714285714286,1.2962962962962963
1596,1.1111111111111112,1.2432432432432432,1.7241379310344827,1.1,1.75,1.7073170731707317,1.037037037037037,1.7,1.4285714285714286,1.2962962962962963,1.4193548387096775
1597,1.2432432432432432,1.7241379310344827,1.1,1.75,1.7073170731707317,1.037037037037037,1.7,1.4285714285714286,1.2962962962962963,1.4193548387096775,2.0
1598,1.7241379310344827,1.1,1.75,1.7073170731707317,1.037037037037037,1.7,1.4285714285714286,1.2962962962962963,1.4193548387096775,2.0,1.0
1599,1.1,1.75,1.7073170731707317,1.037037037037037,1.7,1.4285714285714286,1.2962962962962963,1.4193548387096775,2.0,1.0,2.297872340425532
1600,1.75,1.7073170731707317,1.037037037037037,1.7,1.4285714285714286,1.2962962962962963,1.4193548387096775,2.0,1.0,2.297872340425532,1.1538461538461537
1601,1.7073170731707317,1.037037037037037,1.7,1.4285714285714286,1.2962962962962963,1.4193548387096775,2.0,1.0,2.297872340425532,1.1538461538461537,1.0
1602,1.037037037037037,1.7,1.4285714285714286,1.2962962962962963,1.4193548387096775,2.0,1.0,2.297872340425532,1.1538461538461537,1.0,1.3235294117647058
1603,1.7,1.4285714285714286,1.2962962962962963,1.4193548387096775,2.0,1.0,2.297872340425532,1.1538461538461537,1.0,1.3235294117647058,1.368421052631579
1604,1.4285714285714286,1.2962962962962963,1.4193548387096775,2.0,1.0,2.297872340425532,1.1538461538461537,1.0,1.3235294117647058,1.368421052631579,1.5833333333333333
1605,1.2962962962962963,1.4193548387096775,2.0,1.0,2.297872340425532,1.1538461538461537,1.0,1.3235294117647058,1.368421052631579,1.5833333333333333,1.125
1606,1.4193548387096775,2.0,1.0,2.297872340425532,1.1538461538461537,1.0,1.3235294117647058,1.368421052631579,1.5833333333333333,1.125,1.4324324324324325
1607,2.0,1.0,2.297872340425532,1.1538461538461537,1.0,1.3235294117647058,1.368421052631579,1.5833333333333333,1.125,1.4324324324324325,1.15
1608,1.0,2.297872340425532,1.1538461538461537,1.0,1.3235294117647058,1.368421052631579,1.5833333333333333,1.125,1.4324324324324325,1.15,1.5384615384615385
1609,2.297872340425532,1.1538461538461537,1.0,1.3235294117647058,1.368421052631579,1.5833333333333333,1.125,1.4324324324324325,1.15,1.5384615384615385,0.9473684210526315
1610,1.1538461538461537,1.0,1.3235294117647058,1.368421052631579,1.5833333333333333,1.125,1.4324324324324325,1.15,1.5384615384615385,0.9473684210526315,0.9333333333333333
1611,1.0,1.3235294117647058,1.368421052631579,1.5833333333333333,1.125,1.4324324324324325,1.15,1.5384615384615385,0.9473684210526315,0.9333333333333333,1.0434782608695652
1612,1.3235294117647058,1.368421052631579,1.5833333333333333,1.125,1.4324324324324325,1.15,1.5384615384615385,0.9473684210526315,0.9333333333333333,1.0434782608695652,1.7692307692307692
1613,1.368421052631579,1.5833333333333333,1.125,1.4324324324324325,1.15,1.5384615384615385,0.9473684210526315,0.9333333333333333,1.0434782608695652,1.7692307692307692,0.3333333333333333
1614,1.5833333333333333,1.125,1.4324324324324325,1.15,1.5384615384615385,0.9473684210526315,0.9333333333333333,1.0434782608695652,1.7692307692307692,0.3333333333333333,1.0740740740740742
1615,1.125,1.4324324324324325,1.15,1.5384615384615385,0.9473684210526315,0.9333333333333333,1.0434782608695652,1.7692307692307692,0.3333333333333333,1.0740740740740742,0.0
1616,1.4324324324324325,1.15,1.5384615384615385,0.9473684210526315,0.9333333333333333,1.0434782608695652,1.7692307692307692,0.3333333333333333,1.0740740740740742,0.0,1.3043478260869565
1617,1.15,1.5384615384615385,0.9473684210526315,0.9333333333333333,1.0434782608695652,1.7692307692307692,0.3333333333333333,1.0740740740740742,0.0,1.3043478260869565,0.3333333333333333
1618,1.5384615384615385,0.9473684210526315,0.9333333333333333,1.0434782608695652,1.7692307692307692,0.3333333333333333,1.0740740740740742,0.0,1.3043478260869565,0.3333333333333333,1.7727272727272727
1619,0.9473684210526315,0.9333333333333333,1.0434782608695652,1.7692307692307692,0.3333333333333333,1.0740740740740742,0.0,1.3043478260869565,0.3333333333333333,1.7727272727272727,0.3333333333333333
1620,0.9333333333333333,1.0434782608695652,1.7692307692307692,0.3333333333333333,1.0740740740740742,0.0,1.3043478260869565,0.3333333333333333,1.7727272727272727,0.3333333333333333,1.3095238095238095
1621,1.0434782608695652,1.7692307692307692,0.3333333333333333,1.0740740740740742,0.0,1.3043478260869565,0.3333333333333333,1.7727272727272727,0.3333333333333333,1.3095238095238095,1.4166666666666667
1622,1.7692307692307692,0.3333333333333333,1.0740740740740742,0.0,1.3043478260869565,0.3333333333333333,1.7727272727272727,0.3333333333333333,1.3095238095238095,1.4166666666666667,1.6
1623,0.3333333333333333,1.0740740740740742,0.0,1.3043478260869565,0.3333333333333333,1.7727272727272727,0.3333333333333333,1.3095238095238095,1.4166666666666667,1.6,0.5833333333333334
1624,1.0740740740740742,0.0,1.3043478260869565,0.3333333333333333,1.7727272727272727,0.3333333333333333,1.3095238095238095,1.4166666666666667,1.6,0.5833333333333334,1.0222222222222221
1625,0.0,1.3043478260869565,0.3333333333333333,1.7727272727272727,0.3333333333333333,1.3095238095238095,1.4166666666666667,1.6,0.5833333333333334,1.0222222222222221,1.3829787234042554
1626,1.3043478260869565,0.3333333333333333,1.7727272727272727,0.3333333333333333,1.3095238095238095,1.4166666666666667,1.6,0.5833333333333334,1.0222222222222221,1.3829787234042554,0.9310344827586207
1627,0.3333333333333333,1.7727272727272727,0.3333333333333333,1.3095238095238095,1.4166666666666667,1.6,0.5833333333333334,1.0222222222222221,1.3829787234042554,0.9310344827586207,1.5263157894736843
1628,1.7727272727272727,0.3333333333333333,1.3095238095238095,1.4166666666666667,1.6,0.5833333333333334,1.0222222222222221,1.3829787234042554,0.9310344827586207,1.5263157894736843,1.2727272727272727
1629,0.3333333333333333,1.3095238095238095,1.4166666666666667,1.6,0.5833333333333334,1.0222222222222221,1.3829787234042554,0.9310344827586207,1.5263157894736843,1.2727272727272727,0.25
1630,1.3095238095238095,1.4166666666666667,1.6,0.5833333333333334,1.0222222222222221,1.3829787234042554,0.9310344827586207,1.5263157894736843,1.2727272727272727,0.25,1.5576923076923077
1631,1.4166666666666667,1.6,0.5833333333333334,1.0222222222222221,1.3829787234042554,0.9310344827586207,1.5263157894736843,1.2727272727272727,0.25,1.5576923076923077,1.4722222222222223
1632,1.6,0.5833333333333334,1.0222222222222221,1.3829787234042554,0.9310344827586207,1.5263157894736843,1.2727272727272727,0.25,1.5576923076923077,1.4722222222222223,1.6
1633,0.5833333333333334,1.0222222222222221,1.3829787234042554,0.9310344827586207,1.5263157894736843,1.2727272727272727,0.25,1.5576923076923077,1.4722222222222223,1.6,1.6666666666666667
1634,1.0222222222222221,1.3829787234042554,0.9310344827586207,1.5263157894736843,1.2727272727272727,0.25,1.5576923076923077,1.4722222222222223,1.6,1.6666666666666667,0.6666666666666666
1635,1.3829787234042554,0.9310344827586207,1.5263157894736843,1.2727272727272727,0.25,1.5576923076923077,1.4722222222222223,1.6,1.6666666666666667,0.6666666666666666,1.4390243902439024
1636,0.9310344827586207,1.5263157894736843,1.2727272727272727,0.25,1.5576923076923077,1.4722222222222223,1.6,1.6666666666666667,0.6666666666666666,1.4390243902439024,1.7333333333333334
1637,1.5263157894736843,1.2727272727272727,0.25,1.5576923076923077,1.4722222222222223,1.6,1.6666666666666667,0.6666666666666666,1.4390243902439024,1.7333333333333334,1.6875
1638,1.2727272727272727,0.25,1.5576923076923077,1.4722222222222223,1.6,1.6666666666666667,0.6666666666666666,1.4390243902439024,1.7333333333333334,1.6875,1.0555555555555556
1639,0.25,1.5576923076923077,1.4722222222222223,1.6,1.6666666666666667,0.6666666666666666,1.4390243902439024,1.7333333333333334,1.6875,1.0555555555555556,1.7692307692307692
1640,1.5576923076923077,1.4722222222222223,1.6,1.6666666666666667,0.6666666666666666,1.4390243902439024,1.7333333333333334,1.6875,1.0555555555555556,1.7692307692307692,1.0434782608695652
1641,1.4722222222222223,1.6,1.6666666666666667,0.6666666666666666,1.4390243902439024,1.7333333333333334,1.6875,1.0555555555555556,1.7692307692307692,1.0434782608695652,1.5333333333333334
1642,1.6,1.6666666666666667,0.6666666666666666,1.4390243902439024,1.7333333333333334,1.6875,1.0555555555555556,1.7692307692307692,1.0434782608695652,1.5333333333333334,1.2857142857142858
1643,1.6666666666666667,0.6666666666666666,1.4390243902439024,1.7333333333333334,1.6875,1.0555555555555556,1.7692307692307692,1.0434782608695652,1.5333333333333334,1.2857142857142858,0.5714285714285714
1644,0.6666666666666666,1.4390243902439024,1.7333333333333334,1.6875,1.0555555555555556,1.7692307692307692,1.0434782608695652,1.5333333333333334,1.2857142857142858,0.5714285714285714,1.6666666666666667
1645,1.4390243902439024,1.7333333333333334,1.6875,1.0555555555555556,1.7692307692307692,1.0434782608695652,1.5333333333333334,1.2857142857142858,0.5714285714285714,1.6666666666666667,0.8
1646,1.7333333333333334,1.6875,1.0555555555555556,1.7692307692307692,1.0434782608695652,1.5333333333333334,1.2857142857142858,0.5714285714285714,1.6666666666666667,0.8,0.8
1647,1.6875,1.0555555555555556,1.7692307692307692,1.0434782608695652,1.5333333333333334,1.2857142857142858,0.5714285714285714,1.6666666666666667,0.8,0.8,1.7058823529411764
1648,1.0555555555555556,1.7692307692307692,1.0434782608695652,1.5333333333333334,1.2857142857142858,0.5714285714285714,1.6666666666666667,0.8,0.8,1.7058823529411764,1.65
1649,1.7692307692307692,1.0434782608695652,1.5333333333333334,1.2857142857142858,0.5714285714285714,1.6666666666666667,0.8,0.8,1.7058823529411764,1.65,1.2432432432432432
1650,1.0434782608695652,1.5333333333333334,1.2857142857142858,0.5714285714285714,1.6666666666666667,0.8,0.8,1.7058823529411764,1.65,1.2432432432432432,1.3571428571428572
1651,1.5333333333333334,1.2857142857142858,0.5714285714285714,1.6666666666666667,0.8,0.8,1.7058823529411764,1.65,1.2432432432432432,1.3571428571428572,1.7179487179487178
1652,1.2857142857142858,0.5714285714285714,1.6666666666666667,0.8,0.8,1.7058823529411764,1.65,1.2432432432432432,1.3571428571428572,1.7179487179487178,1.0256410256410255
1653,0.5714285714285714,1.6666666666666667,0.8,0.8,1.7058823529411764,1.65,1.2432432432432432,1.3571428571428572,1.7179487179487178,1.0256410256410255,1.1896551724137931
1654,1.6666666666666667,0.8,0.8,1.7058823529411764,1.65,1.2432432432432432,1.3571428571428572,1.7179487179487178,1.0256410256410255,1.1896551724137931,0.4
1655,0.8,0.8,1.7058823529411764,1.65,1.2432432432432432,1.3571428571428572,1.7179487179487178,1.0256410256410255,1.1896551724137931,0.4,1.0555555555555556
1656,0.8,1.7058823529411764,1.65,1.2432432432432432,1.3571428571428572,1.7179487179487178,1.0256410256410255,1.1896551724137931,0.4,1.0555555555555556,1.5
1657,1.7058823529411764,1.65,1.2432432432432432,1.3571428571428572,1.7179487179487178,1.0256410256410255,1.1896551724137931,0.4,1.0555555555555556,1.5,1.5
1658,1.65,1.2432432432432432,1.3571428571428572,1.7179487179487178,1.0256410256410255,1.1896551724137931,0.4,1.0555555555555556,1.5,1.5,0.42857142857142855
1659,1.2432432432432432,1.3571428571428572,1.7179487179487178,1.0256410256410255,1.1896551724137931,0.4,1.0555555555555556,1.5,1.5,0.42857142857142855,0.45454545454545453
1660,1.3571428571428572,1.7179487179487178,1.0256410256410255,1.1896551724137931,0.4,1.0555555555555556,1.5,1.5,0.42857142857142855,0.45454545454545453,0.5384615384615384
1661,1.7179487179487178,1.0256410256410255,1.1896551724137931,0.4,1.0555555555555556,1.5,1.5,0.42857142857142855,0.45454545454545453,0.5384615384615384,1.0666666666666667
1662,1.0256410256410255,1.1896551724137931,0.4,1.0555555555555556,1.5,1.5,0.42857142857142855,0.45454545454545453,0.5384615384615384,1.0666666666666667,1.5384615384615385
1663,1.1896551724137931,0.4,1.0555555555555556,1.5,1.5,0.42857142857142855,0.45454545454545453,0.5384615384615384,1.0666666666666667,1.5384615384615385,1.2173913043478262
1664,0.4,1.0555555555555556,1.5,1.5,0.42857142857142855,0.45454545454545453,0.5384615384615384,1.0666666666666667,1.5384615384615385,1.2173913043478262,0.6
1665,1.0555555555555556,1.5,1.5,0.42857142857142855,0.45454545454545453,0.5384615384615384,1.0666666666666667,1.5384615384615385,1.2173913043478262,0.6,1.8461538461538463
1666,1.5,1.5,0.42857142857142855,0.45454545454545453,0.5384615384615384,1.0666666666666667,1.5384615384615385,1.2173913043478262,0.6,1.8461538461538463,1.4
1667,1.5,0.42857142857142855,0.45454545454545453,0.5384615384615384,1.0666666666666667,1.5384615384615385,1.2173913043478262,0.6,1.8461538461538463,1.4,1.6129032258064515
1668,0.42857142857142855,0.45454545454545453,0.5384615384615384,1.0666666666666667,1.5384615384615385,1.2173913043478262,0.6,1.8461538461538463,1.4,1.6129032258064515,1.9230769230769231
1669,0.45454545454545453,0.5384615384615384,1.0666666666666667,1.5384615384615385,1.2173913043478262,0.6,1.8461538461538463,1.4,1.6129032258064515,1.9230769230769231,1.2
1670,0.5384615384615384,1.0666666666666667,1.5384615384615385,1.2173913043478262,0.6,1.8461538461538463,1.4,1.6129032258064515,1.9230769230769231,1.2,1.1111111111111112
1671,1.0666666666666667,1.5384615384615385,1.2173913043478262,0.6,1.8461538461538463,1.4,1.6129032258064515,1.9230769230769231,1.2,1.1111111111111112,0.0
1672,1.5384615384615385,1.2173913043478262,0.6,1.8461538461538463,1.4,1.6129032258064515,1.9230769230769231,1.2,1.1111111111111112,0.0,0.5
1673,1.2173913043478262,0.6,1.8461538461538463,1.4,1.6129032258064515,1.9230769230769231,1.2,1.1111111111111112,0.0,0.5,0.9285714285714286
1674,1.0,1.0,0.0,0.29411764705882354,1.0,0.42857142857142855,0.0,1.1666666666666667,1.3333333333333333,0.0,0.5714285714285714
1675,1.0,0.0,0.29411764705882354,1.0,0.42857142857142855,0.0,1.1666666666666667,1.3333333333333333,0.0,0.5714285714285714,1.1666666666666667
1676,0.0,0.29411764705882354,1.0,0.42857142857142855,0.0,1.1666666666666667,1.3333333333333333,0.0,0.5714285714285714,1.1666666666666667,0.3333333333333333
1677,0.29411764705882354,1.0,0.42857142857142855,0.0,1.1666666666666667,1.3333333333333333,0.0,0.5714285714285714,1.1666666666666667,0.3333333333333333,0.0
1678,1.0,0.42857142857142855,0.0,1.1666666666666667,1.3333333333333333,0.0,0.5714285714285714,1.1666666666666667,0.3333333333333333,0.0,2.0
1679,0.42857142857142855,0.0,1.1666666666666667,1.3333333333333333,0.0,0.5714285714285714,1.1666666666666667,0.3333333333333333,0.0,2.0,0.0
1680,0.0,1.1666666666666667,1.3333333333333333,0.0,0.5714285714285714,1.1666666666666667,0.3333333333333333,0.0,2.0,0.0,1.0
1681,1.1666666666666667,1.3333333333333333,0.0,0.5714285714285714,1.1666666666666667,0.3333333333333333,0.0,2.0,0.0,1.0,0.5
1682,1.3333333333333333,0.0,0.5714285714285714,1.1666666666666667,0.3333333333333333,0.0,2.0,0.0,1.0,0.5,0.631578947368421
1683,0.0,0.5714285714285714,1.1666666666666667,0.3333333333333333,0.0,2.0,0.0,1.0,0.5,0.631578947368421,0.0
1684,0.5714285714285714,1.1666666666666667,0.3333333333333333,0.0,2.0,0.0,1.0,0.5,0.631578947368421,0.0,1.4285714285714286
1685,1.1666666666666667,0.3333333333333333,0.0,2.0,0.0,1.0,0.5,0.631578947368421,0.0,1.4285714285714286,0.0
1686,0.3333333333333333,0.0,2.0,0.0,1.0,0.5,0.631578947368421,0.0,1.4285714285714286,0.0,2.0
1687,0.0,2.0,0.0,1.0,0.5,0.631578947368421,0.0,1.4285714285714286,0.0,2.0,1.0
1688,2.0,0.0,1.0,0.5,0.631578947368421,0.0,1.4285714285714286,0.0,2.0,1.0,1.0
1689,0.0,1.0,0.5,0.631578947368421,0.0,1.4285714285714286,0.0,2.0,1.0,1.0,0.5882352941176471
1690,1.0,0.5,0.631578947368421,0.0,1.4285714285714286,0.0,2.0,1.0,1.0,0.5882352941176471,1.0666666666666667
1691,1.4166666666666667,1.7142857142857142,1.7777777777777777,3.263157894736842,0.0,1.45,0.14285714285714285,2.3684210526315788,1.2857142857142858,0.6451612903225806,0.5
1692,1.7142857142857142,1.7777777777777777,3.263157894736842,0.0,1.45,0.14285714285714285,2.3684210526315788,1.2857142857142858,0.6451612903225806,0.5,1.9333333333333333
1693,1.7777777777777777,3.263157894736842,0.0,1.45,0.14285714285714285,2.3684210526315788,1.2857142857142858,0.6451612903225806,0.5,1.9333333333333333,0.0
1694,3.263157894736842,0.0,1.45,0.14285714285714285,2.3684210526315788,1.2857142857142858,0.6451612903225806,0.5,1.9333333333333333,0.0,1.8888888888888888
1695,0.0,1.45,0.14285714285714285,2.3684210526315788,1.2857142857142858,0.6451612903225806,0.5,1.9333333333333333,0.0,1.8888888888888888,0.6
1696,1.45,0.14285714285714285,2.3684210526315788,1.2857142857142858,0.6451612903225806,0.5,1.9333333333333333,0.0,1.8888888888888888,0.6,0.0
1697,0.14285714285714285,2.3684210526315788,1.2857142857142858,0.6451612903225806,0.5,1.9333333333333333,0.0,1.8888888888888888,0.6,0.0,1.6428571428571428
1698,2.3684210526315788,1.2857142857142858,0.6451612903225806,0.5,1.9333333333333333,0.0,1.8888888888888888,0.6,0.0,1.6428571428571428,0.9444444444444444
1699,1.2857142857142858,0.6451612903225806,0.5,1.9333333333333333,0.0,1.8888888888888888,0.6,0.0,1.6428571428571428,0.9444444444444444,6.0
1700,0.6451612903225806,0.5,1.9333333333333333,0.0,1.8888888888888888,0.6,0.0,1.6428571428571428,0.9444444444444444,6.0,0.0
1701,0.5,1.9333333333333333,0.0,1.8888888888888888,0.6,0.0,1.6428571428571428,0.9444444444444444,6.0,0.0,0.42857142857142855
1702,1.9333333333333333,0.0,1.8888888888888888,0.6,0.0,1.6428571428571428,0.9444444444444444,6.0,0.0,0.42857142857142855,1.7777777777777777
1703,0.0,1.8888888888888888,0.6,0.0,1.6428571428571428,0.9444444444444444,6.0,0.0,0.42857142857142855,1.7777777777777777,1.6
1704,1.8888888888888888,0.6,0.0,1.6428571428571428,0.9444444444444444,6.0,0.0,0.42857142857142855,1.7777777777777777,1.6,1.0
1705,0.6,0.0,1.6428571428571428,0.9444444444444444,6.0,0.0,0.42857142857142855,1.7777777777777777,1.6,1.0,0.625
1706,0.0,1.6428571428571428,0.9444444444444444,6.0,0.0,0.42857142857142855,1.7777777777777777,1.6,1.0,0.625,0.6666666666666666
1707,1.6428571428571428,0.9444444444444444,6.0,0.0,0.42857142857142855,1.7777777777777777,1.6,1.0,0.625,0.6666666666666666,0.8333333333333334
1708,0.9444444444444444,6.0,0.0,0.42857142857142855,1.7777777777777777,1.6,1.0,0.625,0.6666666666666666,0.8333333333333334,0.6666666666666666
1709,6.0,0.0,0.42857142857142855,1.7777777777777777,1.6,1.0,0.625,0.6666666666666666,0.8333333333333334,0.6666666666666666,1.7142857142857142
1710,0.0,0.42857142857142855,1.7777777777777777,1.6,1.0,0.625,0.6666666666666666,0.8333333333333334,0.6666666666666666,1.7142857142857142,2.0
1711,0.42857142857142855,1.7777777777777777,1.6,1.0,0.625,0.6666666666666666,0.8333333333333334,0.6666666666666666,1.7142857142857142,2.0,1.4545454545454546
1712,1.7777777777777777,1.6,1.0,0.625,0.6666666666666666,0.8333333333333334,0.6666666666666666,1.7142857142857142,2.0,1.4545454545454546,0.0
1713,1.6,1.0,0.625,0.6666666666666666,0.8333333333333334,0.6666666666666666,1.7142857142857142,2.0,1.4545454545454546,0.0,1.1666666666666667
1714,1.0,0.625,0.6666666666666666,0.8333333333333334,0.6666666666666666,1.7142857142857142,2.0,1.4545454545454546,0.0,1.1666666666666667,1.9393939393939394
1715,0.625,0.6666666666666666,0.8333333333333334,0.6666666666666666,1.7142857142857142,2.0,1.4545454545454546,0.0,1.1666666666666667,1.9393939393939394,2.066666666666667
1716,0.6666666666666666,0.8333333333333334,0.6666666666666666,1.7142857142857142,2.0,1.4545454545454546,0.0,1.1666666666666667,1.9393939393939394,2.066666666666667,1.3571428571428572
1717,0.8333333333333334,0.6666666666666666,1.7142857142857142,2.0,1.4545454545454546,0.0,1.1666666666666667,1.9393939393939394,2.066666666666667,1.3571428571428572,1.7272727272727273
1718,0.6666666666666666,1.7142857142857142,2.0,1.4545454545454546,0.0,1.1666666666666667,1.9393939393939394,2.066666666666667,1.3571428571428572,1.7272727272727273,0.5
1719,1.7142857142857142,2.0,1.4545454545454546,0.0,1.1666666666666667,1.9393939393939394,2.066666666666667,1.3571428571428572,1.7272727272727273,0.5,1.8333333333333333
1720,2.0,1.4545454545454546,0.0,1.1666666666666667,1.9393939393939394,2.066666666666667,1.3571428571428572,1.7272727272727273,0.5,1.8333333333333333,3.3846153846153846
1721,1.4545454545454546,0.0,1.1666666666666667,1.9393939393939394,2.066666666666667,1.3571428571428572,1.7272727272727273,0.5,1.8333333333333333,3.3846153846153846,0.8571428571428571
1722,0.0,1.1666666666666667,1.9393939393939394,2.066666666666667,1.3571428571428572,1.7272727272727273,0.5,1.8333333333333333,3.3846153846153846,0.8571428571428571,1.6363636363636365
1723,1.1666666666666667,1.9393939393939394,2.066666666666667,1.3571428571428572,1.7272727272727273,0.5,1.8333333333333333,3.3846153846153846,0.8571428571428571,1.6363636363636365,0.3333333333333333
1724,1.9393939393939394,2.066666666666667,1.3571428571428572,1.7272727272727273,0.5,1.8333333333333333,3.3846153846153846,0.8571428571428571,1.6363636363636365,0.3333333333333333,0.0
1725,2.066666666666667,1.3571428571428572,1.7272727272727273,0.5,1.8333333333333333,3.3846153846153846,0.8571428571428571,1.6363636363636365,0.3333333333333333,0.0,2.5
1726,1.3571428571428572,1.7272727272727273,0.5,1.8333333333333333,3.3846153846153846,0.8571428571428571,1.6363636363636365,0.3333333333333333,0.0,2.5,1.1428571428571428
1727,1.7272727272727273,0.5,1.8333333333333333,3.3846153846153846,0.8571428571428571,1.6363636363636365,0.3333333333333333,0.0,2.5,1.1428571428571428,2.081081081081081
1728,0.5,1.8333333333333333,3.3846153846153846,0.8571428571428571,1.6363636363636365,0.3333333333333333,0.0,2.5,1.1428571428571428,2.081081081081081,2.1
1729,1.8333333333333333,3.3846153846153846,0.8571428571428571,1.6363636363636365,0.3333333333333333,0.0,2.5,1.1428571428571428,2.081081081081081,2.1,2.2
1730,3.3846153846153846,0.8571428571428571,1.6363636363636365,0.3333333333333333,0.0,2.5,1.1428571428571428,2.081081081081081,2.1,2.2,0.0
1731,0.8571428571428571,1.6363636363636365,0.3333333333333333,0.0,2.5,1.1428571428571428,2.081081081081081,2.1,2.2,0.0,1.0
1732,1.6363636363636365,0.3333333333333333,0.0,2.5,1.1428571428571428,2.081081081081081,2.1,2.2,0.0,1.0,1.8461538461538463
1733,0.3333333333333333,0.0,2.5,1.1428571428571428,2.081081081081081,2.1,2.2,0.0,1.0,1.8461538461538463,0.6666666666666666
1734,0.0,2.5,1.1428571428571428,2.081081081081081,2.1,2.2,0.0,1.0,1.8461538461538463,0.6666666666666666,1.8928571428571428
1735,2.5,1.1428571428571428,2.081081081081081,2.1,2.2,0.0,1.0,1.8461538461538463,0.6666666666666666,1.8928571428571428,1.125
1736,1.1428571428571428,2.081081081081081,2.1,2.2,0.0,1.0,1.8461538461538463,0.6666666666666666,1.8928571428571428,1.125,1.9411764705882353
1737,2.081081081081081,2.1,2.2,0.0,1.0,1.8461538461538463,0.6666666666666666,1.8928571428571428,1.125,1.9411764705882353,1.6296296296296295
1738,2.1,2.2,0.0,1.0,1.8461538461538463,0.6666666666666666,1.8928571428571428,1.125,1.9411764705882353,1.6296296296296295,3.125
1739,1.1428571428571428,1.1041666666666667,2.0357142857142856,1.4186046511627908,0.9230769230769231,1.1142857142857143,1.8604651162790697,1.2857142857142858,1.375,1.2,1.5333333333333334
1740,1.1041666666666667,2.0357142857142856,1.4186046511627908,0.9230769230769231,1.1142857142857143,1.8604651162790697,1.2857142857142858,1.375,1.2,1.5333333333333334,1.6071428571428572
1741,2.0357142857142856,1.4186046511627908,0.9230769230769231,1.1142857142857143,1.8604651162790697,1.2857142857142858,1.375,1.2,1.5333333333333334,1.6071428571428572,1.7142857142857142
1742,1.4186046511627908,0.9230769230769231,1.1142857142857143,1.8604651162790697,1.2857142857142858,1.375,1.2,1.5333333333333334,1.6071428571428572,1.7142857142857142,1.3225806451612903
1743,0.9230769230769231,1.1142857142857143,1.8604651162790697,1.2857142857142858,1.375,1.2,1.5333333333333334,1.6071428571428572,1.7142857142857142,1.3225806451612903,1.8666666666666667
1744,1.1142857142857143,1.8604651162790697,1.2857142857142858,1.375,1.2,1.5333333333333334,1.6071428571428572,1.7142857142857142,1.3225806451612903,1.8666666666666667,0.16666666666666666
1745,1.8604651162790697,1.2857142857142858,1.375,1.2,1.5333333333333334,1.6071428571428572,1.7142857142857142,1.3225806451612903,1.8666666666666667,0.16666666666666666,1.3863636363636365
1746,1.2857142857142858,1.375,1.2,1.5333333333333334,1.6071428571428572,1.7142857142857142,1.3225806451612903,1.8666666666666667,0.16666666666666666,1.3863636363636365,0.0
1747,1.375,1.2,1.5333333333333334,1.6071428571428572,1.7142857142857142,1.3225806451612903,1.8666666666666667,0.16666666666666666,1.3863636363636365,0.0,0.0
1748,1.2,1.5333333333333334,1.6071428571428572,1.7142857142857142,1.3225806451612903,1.8666666666666667,0.16666666666666666,1.3863636363636365,0.0,0.0,0.9583333333333334
1749,1.5333333333333334,1.6071428571428572,1.7142857142857142,1.3225806451612903,1.8666666666666667,0.16666666666666666,1.3863636363636365,0.0,0.0,0.9583333333333334,2.0
1750,1.6071428571428572,1.7142857142857142,1.3225806451612903,1.8666666666666667,0.16666666666666666,1.3863636363636365,0.0,0.0,0.9583333333333334,2.0,0.95
1751,1.7142857142857142,1.3225806451612903,1.8666666666666667,0.16666666666666666,1.3863636363636365,0.0,0.0,0.9583333333333334,2.0,0.95,1.6666666666666667
1752,1.3225806451612903,1.8666666666666667,0.16666666666666666,1.3863636363636365,0.0,0.0,0.9583333333333334,2.0,0.95,1.6666666666666667,1.7962962962962963
1753,1.8666666666666667,0.16666666666666666,1.3863636363636365,0.0,0.0,0.9583333333333334,2.0,0.95,1.6666666666666667,1.7962962962962963,1.9545454545454546
1754,0.16666666666666666,1.3863636363636365,0.0,0.0,0.9583333333333334,2.0,0.95,1.6666666666666667,1.7962962962962963,1.9545454545454546,1.4285714285714286
1755,1.3863636363636365,0.0,0.0,0.9583333333333334,2.0,0.95,1.6666666666666667,1.7962962962962963,1.9545454545454546,1.4285714285714286,0.5
1756,0.0,0.0,0.9583333333333334,2.0,0.95,1.6666666666666667,1.7962962962962963,1.9545454545454546,1.4285714285714286,0.5,2.111111111111111
1757,0.0,0.9583333333333334,2.0,0.95,1.6666666666666667,1.7962962962962963,1.9545454545454546,1.4285714285714286,0.5,2.111111111111111,1.125
1758,0.9583333333333334,2.0,0.95,1.6666666666666667,1.7962962962962963,1.9545454545454546,1.4285714285714286,0.5,2.111111111111111,1.125,1.0
1759,2.0,0.95,1.6666666666666667,1.7962962962962963,1.9545454545454546,1.4285714285714286,0.5,2.111111111111111,1.125,1.0,1.125
1760,0.95,1.6666666666666667,1.7962962962962963,1.9545454545454546,1.4285714285714286,0.5,2.111111111111111,1.125,1.0,1.125,1.6
1761,1.6666666666666667,1.7962962962962963,1.9545454545454546,1.4285714285714286,0.5,2.111111111111111,1.125,1.0,1.125,1.6,0.8421052631578947
1762,1.7962962962962963,1.9545454545454546,1.4285714285714286,0.5,2.111111111111111,1.125,1.0,1.125,1.6,0.8421052631578947,1.4285714285714286
1763,1.9545454545454546,1.4285714285714286,0.5,2.111111111111111,1.125,1.0,1.125,1.6,0.8421052631578947,1.4285714285714286,0.16666666666666666
1764,1.4285714285714286,0.5,2.111111111111111,1.125,1.0,1.125,1.6,0.8421052631578947,1.4285714285714286,0.16666666666666666,0.9230769230769231
1765,0.5,2.111111111111111,1.125,1.0,1.125,1.6,0.8421052631578947,1.4285714285714286,0.16666666666666666,0.9230769230769231,1.4
1766,2.111111111111111,1.125,1.0,1.125,1.6,0.8421052631578947,1.4285714285714286,0.16666666666666666,0.9230769230769231,1.4,1.4
1767,1.125,1.0,1.125,1.6,0.8421052631578947,1.4285714285714286,0.16666666666666666,0.9230769230769231,1.4,1.4,2.2758620689655173
1768,0.6666666666666666,0.6666666666666666,1.8,1.3333333333333333,0.25,0.5,0.8,2.0,0.42857142857142855,1.2222222222222223,0.2857142857142857
1769,0.6666666666666666,1.8,1.3333333333333333,0.25,0.5,0.8,2.0,0.42857142857142855,1.2222222222222223,0.2857142857142857,0.0
1770,1.8,1.3333333333333333,0.25,0.5,0.8,2.0,0.42857142857142855,1.2222222222222223,0.2857142857142857,0.0,1.8571428571428572
1771,1.3333333333333333,0.25,0.5,0.8,2.0,0.42857142857142855,1.2222222222222223,0.2857142857142857,0.0,1.8571428571428572,0.9285714285714286
1772,0.25,0.5,0.8,2.0,0.42857142857142855,1.2222222222222223,0.2857142857142857,0.0,1.8571428571428572,0.9285714285714286,0.8571428571428571
1773,0.5,0.8,2.0,0.42857142857142855,1.2222222222222223,0.2857142857142857,0.0,1.8571428571428572,0.9285714285714286,0.8571428571428571,0.5
1774,0.8,2.0,0.42857142857142855,1.2222222222222223,0.2857142857142857,0.0,1.8571428571428572,0.9285714285714286,0.8571428571428571,0.5,0.0
1775,2.0,0.42857142857142855,1.2222222222222223,0.2857142857142857,0.0,1.8571428571428572,0.9285714285714286,0.8571428571428571,0.5,0.0,2.3333333333333335
1776,0.42857142857142855,1.2222222222222223,0.2857142857142857,0.0,1.8571428571428572,0.9285714285714286,0.8571428571428571,0.5,0.0,2.3333333333333335,0.0
1777,1.2222222222222223,0.2857142857142857,0.0,1.8571428571428572,0.9285714285714286,0.8571428571428571,0.5,0.0,2.3333333333333335,0.0,1.1666666666666667
1778,0.2857142857142857,0.0,1.8571428571428572,0.9285714285714286,0.8571428571428571,0.5,0.0,2.3333333333333335,0.0,1.1666666666666667,0.9090909090909091
1779,0.0,1.8571428571428572,0.9285714285714286,0.8571428571428571,0.5,0.0,2.3333333333333335,0.0,1.1666666666666667,0.9090909090909091,0.5
1780,1.8571428571428572,0.9285714285714286,0.8571428571428571,0.5,0.0,2.3333333333333335,0.0,1.1666666666666667,0.9090909090909091,0.5,2.0
1781,0.9285714285714286,0.8571428571428571,0.5,0.0,2.3333333333333335,0.0,1.1666666666666667,0.9090909090909091,0.5,2.0,0.3333333333333333
1782,0.8571428571428571,0.5,0.0,2.3333333333333335,0.0,1.1666666666666667,0.9090909090909091,0.5,2.0,0.3333333333333333,0.5
1783,0.5,0.0,2.3333333333333335,0.0,1.1666666666666667,0.9090909090909091,0.5,2.0,0.3333333333333333,0.5,1.8333333333333333
1784,0.0,2.3333333333333335,0.0,1.1666666666666667,0.9090909090909091,0.5,2.0,0.3333333333333333,0.5,1.8333333333333333,1.0
1785,2.3333333333333335,0.0,1.1666666666666667,0.9090909090909091,0.5,2.0,0.3333333333333333,0.5,1.8333333333333333,1.0,5.0
1786,2.0,1.7142857142857142,1.4166666666666667,2.0,0.0,1.0,2.0,3.0,2.7222222222222223,1.4285714285714286,3.0
1787,1.7142857142857142,1.4166666666666667,2.0,0.0,1.0,2.0,3.0,2.7222222222222223,1.4285714285714286,3.0,1.7142857142857142
1788,1.4166666666666667,2.0,0.0,1.0,2.0,3.0,2.7222222222222223,1.4285714285714286,3.0,1.7142857142857142,1.3333333333333333
1789,2.0,0.0,1.0,2.0,3.0,2.7222222222222223,1.4285714285714286,3.0,1.7142857142857142,1.3333333333333333,1.2857142857142858
1790,0.0,1.0,2.0,3.0,2.7222222222222223,1.4285714285714286,3.0,1.7142857142857142,1.3333333333333333,1.2857142857142858,2.25
1791,1.0,2.0,3.0,2.7222222222222223,1.4285714285714286,3.0,1.7142857142857142,1.3333333333333333,1.2857142857142858,2.25,1.6666666666666667
1792,2.0,3.0,2.7222222222222223,1.4285714285714286,3.0,1.7142857142857142,1.3333333333333333,1.2857142857142858,2.25,1.6666666666666667,1.8571428571428572
1793,3.0,2.7222222222222223,1.4285714285714286,3.0,1.7142857142857142,1.3333333333333333,1.2857142857142858,2.25,1.6666666666666667,1.8571428571428572,2.0
1794,2.7222222222222223,1.4285714285714286,3.0,1.7142857142857142,1.3333333333333333,1.2857142857142858,2.25,1.6666666666666667,1.8571428571428572,2.0,1.0
1795,1.4285714285714286,3.0,1.7142857142857142,1.3333333333333333,1.2857142857142858,2.25,1.6666666666666667,1.8571428571428572,2.0,1.0,0.0
1796,3.0,1.7142857142857142,1.3333333333333333,1.2857142857142858,2.25,1.6666666666666667,1.8571428571428572,2.0,1.0,0.0,1.0
1797,1.7142857142857142,1.3333333333333333,1.2857142857142858,2.25,1.6666666666666667,1.8571428571428572,2.0,1.0,0.0,1.0,1.0
1798,1.3333333333333333,1.2857142857142858,2.25,1.6666666666666667,1.8571428571428572,2.0,1.0,0.0,1.0,1.0,2.2
1799,1.2857142857142858,2.25,1.6666666666666667,1.8571428571428572,2.0,1.0,0.0,1.0,1.0,2.2,1.25
1800,2.25,1.6666666666666667,1.8571428571428572,2.0,1.0,0.0,1.0,1.0,2.2,1.25,2.5
1801,1.6666666666666667,1.8571428571428572,2.0,1.0,0.0,1.0,1.0,2.2,1.25,2.5,0.0
1802,1.8571428571428572,2.0,1.0,0.0,1.0,1.0,2.2,1.25,2.5,0.0,0.625
1803,2.0,1.0,0.0,1.0,1.0,2.2,1.25,2.5,0.0,0.625,1.3333333333333333
1804,1.0,0.0,1.0,1.0,2.2,1.25,2.5,0.0,0.625,1.3333333333333333,0.9
1805,0.0,1.0,1.0,2.2,1.25,2.5,0.0,0.625,1.3333333333333333,0.9,1.25
1806,1.0,1.0,2.2,1.25,2.5,0.0,0.625,1.3333333333333333,0.9,1.25,0.6153846153846154
1807,1.0,2.2,1.25,2.5,0.0,0.625,1.3333333333333333,0.9,1.25,0.6153846153846154,1.0
1808,2.2,1.25,2.5,0.0,0.625,1.3333333333333333,0.9,1.25,0.6153846153846154,1.0,0.3333333333333333
1809,1.25,2.5,0.0,0.625,1.3333333333333333,0.9,1.25,0.6153846153846154,1.0,0.3333333333333333,2.6666666666666665
1810,2.5,0.0,0.625,1.3333333333333333,0.9,1.25,0.6153846153846154,1.0,0.3333333333333333,2.6666666666666665,0.6
1811,0.0,0.625,1.3333333333333333,0.9,1.25,0.6153846153846154,1.0,0.3333333333333333,2.6666666666666665,0.6,0.0
1812,0.625,1.3333333333333333,0.9,1.25,0.6153846153846154,1.0,0.3333333333333333,2.6666666666666665,0.6,0.0,0.8636363636363636
1813,1.3333333333333333,0.9,1.25,0.6153846153846154,1.0,0.3333333333333333,2.6666666666666665,0.6,0.0,0.8636363636363636,1.0
1814,0.9,1.25,0.6153846153846154,1.0,0.3333333333333333,2.6666666666666665,0.6,0.0,0.8636363636363636,1.0,1.2
1815,1.25,0.6153846153846154,1.0,0.3333333333333333,2.6666666666666665,0.6,0.0,0.8636363636363636,1.0,1.2,0.8571428571428571
1816,0.6153846153846154,1.0,0.3333333333333333,2.6666666666666665,0.6,0.0,0.8636363636363636,1.0,1.2,0.8571428571428571,0.875
1817,1.0,0.3333333333333333,2.6666666666666665,0.6,0.0,0.8636363636363636,1.0,1.2,0.8571428571428571,0.875,1.0
1818,0.3333333333333333,2.6666666666666665,0.6,0.0,0.8636363636363636,1.0,1.2,0.8571428571428571,0.875,1.0,0.5
1819,2.6666666666666665,0.6,0.0,0.8636363636363636,1.0,1.2,0.8571428571428571,0.875,1.0,0.5,1.0
1820,0.6,0.0,0.8636363636363636,1.0,1.2,0.8571428571428571,0.875,1.0,0.5,1.0,2.142857142857143
1821,0.0,0.8636363636363636,1.0,1.2,0.8571428571428571,0.875,1.0,0.5,1.0,2.142857142857143,1.5
1822,0.8636363636363636,1.0,1.2,0.8571428571428571,0.875,1.0,0.5,1.0,2.142857142857143,1.5,1.5
1823,1.0,1.2,0.8571428571428571,0.875,1.0,0.5,1.0,2.142857142857143,1.5,1.5,3.5
1824,1.2,0.8571428571428571,0.875,1.0,0.5,1.0,2.142857142857143,1.5,1.5,3.5,1.434782608695652
1825,0.8571428571428571,0.875,1.0,0.5,1.0,2.142857142857143,1.5,1.5,3.5,1.434782608695652,0.6666666666666666
1826,0.875,1.0,0.5,1.0,2.142857142857143,1.5,1.5,3.5,1.434782608695652,0.6666666666666666,0.0
1827,1.0,0.5,1.0,2.142857142857143,1.5,1.5,3.5,1.434782608695652,0.6666666666666666,0.0,1.75
1828,0.5,1.0,2.142857142857143,1.5,1.5,3.5,1.434782608695652,0.6666666666666666,0.0,1.75,0.0
1829,1.0,2.142857142857143,1.5,1.5,3.5,1.434782608695652,0.6666666666666666,0.0,1.75,0.0,0.0
1830,2.142857142857143,1.5,1.5,3.5,1.434782608695652,0.6666666666666666,0.0,1.75,0.0,0.0,2.0
1831,1.5,1.5,3.5,1.434782608695652,0.6666666666666666,0.0,1.75,0.0,0.0,2.0,0.6666666666666666
1832,1.5,3.5,1.434782608695652,0.6666666666666666,0.0,1.75,0.0,0.0,2.0,0.6666666666666666,3.5
1833,3.5,1.434782608695652,0.6666666666666666,0.0,1.75,0.0,0.0,2.0,0.6666666666666666,3.5,1.0
1834,1.434782608695652,0.6666666666666666,0.0,1.75,0.0,0.0,2.0,0.6666666666666666,3.5,1.0,0.5
1835,0.6666666666666666,0.0,1.75,0.0,0.0,2.0,0.6666666666666666,3.5,1.0,0.5,1.0
1836,0.0,1.75,0.0,0.0,2.0,0.6666666666666666,3.5,1.0,0.5,1.0,1.0
1837,1.75,0.0,0.0,2.0,0.6666666666666666,3.5,1.0,0.5,1.0,1.0,1.0
1838,0.0,0.0,2.0,0.6666666666666666,3.5,1.0,0.5,1.0,1.0,1.0,1.0714285714285714
1839,0.0,2.0,0.6666666666666666,3.5,1.0,0.5,1.0,1.0,1.0,1.0714285714285714,1.0666666666666667
1840,2.0,0.6666666666666666,3.5,1.0,0.5,1.0,1.0,1.0,1.0714285714285714,1.0666666666666667,1.5
1841,0.6666666666666666,3.5,1.0,0.5,1.0,1.0,1.0,1.0714285714285714,1.0666666666666667,1.5,1.3333333333333333
1842,3.5,1.0,0.5,1.0,1.0,1.0,1.0714285714285714,1.0666666666666667,1.5,1.3333333333333333,0.0
1843,1.0,0.5,1.0,1.0,1.0,1.0714285714285714,1.0666666666666667,1.5,1.3333333333333333,0.0,0.0
1844,0.5,1.0,1.0,1.0,1.0714285714285714,1.0666666666666667,1.5,1.3333333333333333,0.0,0.0,0.0
1845,1.0,1.0,1.0,1.0714285714285714,1.0666666666666667,1.5,1.3333333333333333,0.0,0.0,0.0,1.6666666666666667
1846,1.0,1.0,1.0714285714285714,1.0666666666666667,1.5,1.3333333333333333,0.0,0.0,0.0,1.6666666666666667,0.5
1847,1.0,1.0714285714285714,1.0666666666666667,1.5,1.3333333333333333,0.0,0.0,0.0,1.6666666666666667,0.5,0.25
1848,1.0714285714285714,1.0666666666666667,1.5,1.3333333333333333,0.0,0.0,0.0,1.6666666666666667,0.5,0.25,1.0
1849,1.0666666666666667,1.5,1.3333333333333333,0.0,0.0,0.0,1.6666666666666667,0.5,0.25,1.0,3.5
1850,1.5,1.3333333333333333,0.0,0.0,0.0,1.6666666666666667,0.5,0.25,1.0,3.5,2.272727272727273
1851,1.3333333333333333,0.0,0.0,0.0,1.6666666666666667,0.5,0.25,1.0,3.5,2.272727272727273,1.1428571428571428
1852,0.0,0.0,0.0,1.6666666666666667,0.5,0.25,1.0,3.5,2.272727272727273,1.1428571428571428,0.0
1853,0.0,0.0,1.6666666666666667,0.5,0.25,1.0,3.5,2.272727272727273,1.1428571428571428,0.0,2.0
1854,0.0,1.6666666666666667,0.5,0.25,1.0,3.5,2.272727272727273,1.1428571428571428,0.0,2.0,0.3333333333333333
1855,1.6666666666666667,0.5,0.25,1.0,3.5,2.272727272727273,1.1428571428571428,0.0,2.0,0.3333333333333333,0.0
1856,0.5,0.25,1.0,3.5,2.272727272727273,1.1428571428571428,0.0,2.0,0.3333333333333333,0.0,0.9545454545454546
1857,0.25,1.0,3.5,2.272727272727273,1.1428571428571428,0.0,2.0,0.3333333333333333,0.0,0.9545454545454546,1.4
1858,1.0,3.5,2.272727272727273,1.1428571428571428,0.0,2.0,0.3333333333333333,0.0,0.9545454545454546,1.4,1.6
1859,3.5,2.272727272727273,1.1428571428571428,0.0,2.0,0.3333333333333333,0.0,0.9545454545454546,1.4,1.6,0.2222222222222222
1860,2.272727272727273,1.1428571428571428,0.0,2.0,0.3333333333333333,0.0,0.9545454545454546,1.4,1.6,0.2222222222222222,0.3333333333333333
1861,1.1428571428571428,0.0,2.0,0.3333333333333333,0.0,0.9545454545454546,1.4,1.6,0.2222222222222222,0.3333333333333333,1.0
1862,0.0,2.0,0.3333333333333333,0.0,0.9545454545454546,1.4,1.6,0.2222222222222222,0.3333333333333333,1.0,1.0
1863,2.0,0.3333333333333333,0.0,0.9545454545454546,1.4,1.6,0.2222222222222222,0.3333333333333333,1.0,1.0,0.3333333333333333
1864,inf,0.2,1.1,0.5,3.090909090909091,0.75,2.0,0.8571428571428571,1.6666666666666667,2.5,2.0
1865,0.2,1.1,0.5,3.090909090909091,0.75,2.0,0.8571428571428571,1.6666666666666667,2.5,2.0,1.4827586206896552
1866,1.1,0.5,3.090909090909091,0.75,2.0,0.8571428571428571,1.6666666666666667,2.5,2.0,1.4827586206896552,1.9090909090909092
1867,0.5,3.090909090909091,0.75,2.0,0.8571428571428571,1.6666666666666667,2.5,2.0,1.4827586206896552,1.9090909090909092,1.4285714285714286
1868,1.3157894736842106,1.0,1.2391304347826086,0.625,1.037037037037037,1.125,1.1,1.5769230769230769,0.8888888888888888,0.5555555555555556,1.435897435897436
1869,1.0,1.2391304347826086,0.625,1.037037037037037,1.125,1.1,1.5769230769230769,0.8888888888888888,0.5555555555555556,1.435897435897436,1.9285714285714286
1870,1.2391304347826086,0.625,1.037037037037037,1.125,1.1,1.5769230769230769,0.8888888888888888,0.5555555555555556,1.435897435897436,1.9285714285714286,1.627906976744186
1871,0.625,1.037037037037037,1.125,1.1,1.5769230769230769,0.8888888888888888,0.5555555555555556,1.435897435897436,1.9285714285714286,1.627906976744186,0.5714285714285714
1872,1.037037037037037,1.125,1.1,1.5769230769230769,0.8888888888888888,0.5555555555555556,1.435897435897436,1.9285714285714286,1.627906976744186,0.5714285714285714,1.1363636363636365
1873,1.125,1.1,1.5769230769230769,0.8888888888888888,0.5555555555555556,1.435897435897436,1.9285714285714286,1.627906976744186,0.5714285714285714,1.1363636363636365,1.0689655172413792
1874,1.1,1.5769230769230769,0.8888888888888888,0.5555555555555556,1.435897435897436,1.9285714285714286,1.627906976744186,0.5714285714285714,1.1363636363636365,1.0689655172413792,1.4651162790697674
1875,1.5769230769230769,0.8888888888888888,0.5555555555555556,1.435897435897436,1.9285714285714286,1.627906976744186,0.5714285714285714,1.1363636363636365,1.0689655172413792,1.4651162790697674,1.0666666666666667
1876,0.8888888888888888,0.5555555555555556,1.435897435897436,1.9285714285714286,1.627906976744186,0.5714285714285714,1.1363636363636365,1.0689655172413792,1.4651162790697674,1.0666666666666667,1.5660377358490567
1877,0.5555555555555556,1.435897435897436,1.9285714285714286,1.627906976744186,0.5714285714285714,1.1363636363636365,1.0689655172413792,1.4651162790697674,1.0666666666666667,1.5660377358490567,1.3076923076923077
1878,1.435897435897436,1.9285714285714286,1.627906976744186,0.5714285714285714,1.1363636363636365,1.0689655172413792,1.4651162790697674,1.0666666666666667,1.5660377358490567,1.3076923076923077,1.7450980392156863
1879,1.9285714285714286,1.627906976744186,0.5714285714285714,1.1363636363636365,1.0689655172413792,1.4651162790697674,1.0666666666666667,1.5660377358490567,1.3076923076923077,1.7450980392156863,1.1363636363636365
1880,1.627906976744186,0.5714285714285714,1.1363636363636365,1.0689655172413792,1.4651162790697674,1.0666666666666667,1.5660377358490567,1.3076923076923077,1.7450980392156863,1.1363636363636365,2.1176470588235294
1881,0.5714285714285714,1.1363636363636365,1.0689655172413792,1.4651162790697674,1.0666666666666667,1.5660377358490567,1.3076923076923077,1.7450980392156863,1.1363636363636365,2.1176470588235294,1.0
1882,1.1363636363636365,1.0689655172413792,1.4651162790697674,1.0666666666666667,1.5660377358490567,1.3076923076923077,1.7450980392156863,1.1363636363636365,2.1176470588235294,1.0,0.8888888888888888
1883,1.0689655172413792,1.4651162790697674,1.0666666666666667,1.5660377358490567,1.3076923076923077,1.7450980392156863,1.1363636363636365,2.1176470588235294,1.0,0.8888888888888888,1.5263157894736843
1884,1.4651162790697674,1.0666666666666667,1.5660377358490567,1.3076923076923077,1.7450980392156863,1.1363636363636365,2.1176470588235294,1.0,0.8888888888888888,1.5263157894736843,1.4166666666666667
1885,1.0666666666666667,1.5660377358490567,1.3076923076923077,1.7450980392156863,1.1363636363636365,2.1176470588235294,1.0,0.8888888888888888,1.5263157894736843,1.4166666666666667,0.5294117647058824
1886,1.5660377358490567,1.3076923076923077,1.7450980392156863,1.1363636363636365,2.1176470588235294,1.0,0.8888888888888888,1.5263157894736843,1.4166666666666667,0.5294117647058824,0.6666666666666666
1887,1.3076923076923077,1.7450980392156863,1.1363636363636365,2.1176470588235294,1.0,0.8888888888888888,1.5263157894736843,1.4166666666666667,0.5294117647058824,0.6666666666666666,1.3170731707317074
1888,1.7450980392156863,1.1363636363636365,2.1176470588235294,1.0,0.8888888888888888,1.5263157894736843,1.4166666666666667,0.5294117647058824,0.6666666666666666,1.3170731707317074,0.0
1889,1.1363636363636365,2.1176470588235294,1.0,0.8888888888888888,1.5263157894736843,1.4166666666666667,0.5294117647058824,0.6666666666666666,1.3170731707317074,0.0,0.9285714285714286
1890,2.1176470588235294,1.0,0.8888888888888888,1.5263157894736843,1.4166666666666667,0.5294117647058824,0.6666666666666666,1.3170731707317074,0.0,0.9285714285714286,0.16666666666666666
1891,1.0,0.8888888888888888,1.5263157894736843,1.4166666666666667,0.5294117647058824,0.6666666666666666,1.3170731707317074,0.0,0.9285714285714286,0.16666666666666666,0.2857142857142857
1892,0.8888888888888888,1.5263157894736843,1.4166666666666667,0.5294117647058824,0.6666666666666666,1.3170731707317074,0.0,0.9285714285714286,0.16666666666666666,0.2857142857142857,0.3333333333333333
1893,1.5263157894736843,1.4166666666666667,0.5294117647058824,0.6666666666666666,1.3170731707317074,0.0,0.9285714285714286,0.16666666666666666,0.2857142857142857,0.3333333333333333,1.2702702702702702
1894,1.4166666666666667,0.5294117647058824,0.6666666666666666,1.3170731707317074,0.0,0.9285714285714286,0.16666666666666666,0.2857142857142857,0.3333333333333333,1.2702702702702702,0.36363636363636365
1895,0.5294117647058824,0.6666666666666666,1.3170731707317074,0.0,0.9285714285714286,0.16666666666666666,0.2857142857142857,0.3333333333333333,1.2702702702702702,0.36363636363636365,1.1428571428571428
1896,0.6666666666666666,1.3170731707317074,0.0,0.9285714285714286,0.16666666666666666,0.2857142857142857,0.3333333333333333,1.2702702702702702,0.36363636363636365,1.1428571428571428,1.5
1897,1.3170731707317074,0.0,0.9285714285714286,0.16666666666666666,0.2857142857142857,0.3333333333333333,1.2702702702702702,0.36363636363636365,1.1428571428571428,1.5,2.0
1898,0.0,0.9285714285714286,0.16666666666666666,0.2857142857142857,0.3333333333333333,1.2702702702702702,0.36363636363636365,1.1428571428571428,1.5,2.0,1.0285714285714285
1899,0.9285714285714286,0.16666666666666666,0.2857142857142857,0.3333333333333333,1.2702702702702702,0.36363636363636365,1.1428571428571428,1.5,2.0,1.0285714285714285,1.4
1900,0.16666666666666666,0.2857142857142857,0.3333333333333333,1.2702702702702702,0.36363636363636365,1.1428571428571428,1.5,2.0,1.0285714285714285,1.4,2.0
1901,0.2857142857142857,0.3333333333333333,1.2702702702702702,0.36363636363636365,1.1428571428571428,1.5,2.0,1.0285714285714285,1.4,2.0,0.375
1902,0.3333333333333333,1.2702702702702702,0.36363636363636365,1.1428571428571428,1.5,2.0,1.0285714285714285,1.4,2.0,0.375,0.4
1903,1.2702702702702702,0.36363636363636365,1.1428571428571428,1.5,2.0,1.0285714285714285,1.4,2.0,0.375,0.4,1.6470588235294117
1904,0.36363636363636365,1.1428571428571428,1.5,2.0,1.0285714285714285,1.4,2.0,0.375,0.4,1.6470588235294117,1.6
1905,1.1428571428571428,1.5,2.0,1.0285714285714285,1.4,2.0,0.375,0.4,1.6470588235294117,1.6,1.3055555555555556
1906,1.5,2.0,1.0285714285714285,1.4,2.0,0.375,0.4,1.6470588235294117,1.6,1.3055555555555556,0.6
1907,2.0,1.0285714285714285,1.4,2.0,0.375,0.4,1.6470588235294117,1.6,1.3055555555555556,0.6,0.6923076923076923
1908,1.0285714285714285,1.4,2.0,0.375,0.4,1.6470588235294117,1.6,1.3055555555555556,0.6,0.6923076923076923,1.4615384615384615
1909,1.4,2.0,0.375,0.4,1.6470588235294117,1.6,1.3055555555555556,0.6,0.6923076923076923,1.4615384615384615,1.0
1910,2.0,0.375,0.4,1.6470588235294117,1.6,1.3055555555555556,0.6,0.6923076923076923,1.4615384615384615,1.0,0.8
1911,0.375,0.4,1.6470588235294117,1.6,1.3055555555555556,0.6,0.6923076923076923,1.4615384615384615,1.0,0.8,0.6
1912,0.4,1.6470588235294117,1.6,1.3055555555555556,0.6,0.6923076923076923,1.4615384615384615,1.0,0.8,0.6,2.0
1913,1.6470588235294117,1.6,1.3055555555555556,0.6,0.6923076923076923,1.4615384615384615,1.0,0.8,0.6,2.0,1.488888888888889
1914,1.6,1.3055555555555556,0.6,0.6923076923076923,1.4615384615384615,1.0,0.8,0.6,2.0,1.488888888888889,0.9523809523809523
1915,1.3055555555555556,0.6,0.6923076923076923,1.4615384615384615,1.0,0.8,0.6,2.0,1.488888888888889,0.9523809523809523,0.6923076923076923
1916,0.6,0.6923076923076923,1.4615384615384615,1.0,0.8,0.6,2.0,1.488888888888889,0.9523809523809523,0.6923076923076923,1.2380952380952381
1917,0.6923076923076923,1.4615384615384615,1.0,0.8,0.6,2.0,1.488888888888889,0.9523809523809523,0.6923076923076923,1.2380952380952381,2.0
1918,1.4615384615384615,1.0,0.8,0.6,2.0,1.488888888888889,0.9523809523809523,0.6923076923076923,1.2380952380952381,2.0,0.42857142857142855
1919,1.0,0.8,0.6,2.0,1.488888888888889,0.9523809523809523,0.6923076923076923,1.2380952380952381,2.0,0.42857142857142855,1.2962962962962963
1920,0.8,0.6,2.0,1.488888888888889,0.9523809523809523,0.6923076923076923,1.2380952380952381,2.0,0.42857142857142855,1.2962962962962963,1.2439024390243902
1921,0.6,2.0,1.488888888888889,0.9523809523809523,0.6923076923076923,1.2380952380952381,2.0,0.42857142857142855,1.2962962962962963,1.2439024390243902,0.9411764705882353
1922,2.0,1.488888888888889,0.9523809523809523,0.6923076923076923,1.2380952380952381,2.0,0.42857142857142855,1.2962962962962963,1.2439024390243902,0.9411764705882353,0.8421052631578947
1923,1.488888888888889,0.9523809523809523,0.6923076923076923,1.2380952380952381,2.0,0.42857142857142855,1.2962962962962963,1.2439024390243902,0.9411764705882353,0.8421052631578947,0.7777777777777778
1924,0.9523809523809523,0.6923076923076923,1.2380952380952381,2.0,0.42857142857142855,1.2962962962962963,1.2439024390243902,0.9411764705882353,0.8421052631578947,0.7777777777777778,1.5
1925,0.6923076923076923,1.2380952380952381,2.0,0.42857142857142855,1.2962962962962963,1.2439024390243902,0.9411764705882353,0.8421052631578947,0.7777777777777778,1.5,1.8333333333333333
1926,1.2380952380952381,2.0,0.42857142857142855,1.2962962962962963,1.2439024390243902,0.9411764705882353,0.8421052631578947,0.7777777777777778,1.5,1.8333333333333333,1.4444444444444444
1927,2.0,0.42857142857142855,1.2962962962962963,1.2439024390243902,0.9411764705882353,0.8421052631578947,0.7777777777777778,1.5,1.8333333333333333,1.4444444444444444,1.380952380952381
1928,0.42857142857142855,1.2962962962962963,1.2439024390243902,0.9411764705882353,0.8421052631578947,0.7777777777777778,1.5,1.8333333333333333,1.4444444444444444,1.380952380952381,0.9230769230769231
1929,1.2962962962962963,1.2439024390243902,0.9411764705882353,0.8421052631578947,0.7777777777777778,1.5,1.8333333333333333,1.4444444444444444,1.380952380952381,0.9230769230769231,1.6
1930,1.2439024390243902,0.9411764705882353,0.8421052631578947,0.7777777777777778,1.5,1.8333333333333333,1.4444444444444444,1.380952380952381,0.9230769230769231,1.6,1.0
1931,0.9411764705882353,0.8421052631578947,0.7777777777777778,1.5,1.8333333333333333,1.4444444444444444,1.380952380952381,0.9230769230769231,1.6,1.0,2.6
1932,1.5,1.5714285714285714,0.75,2.0,1.7142857142857142,1.4285714285714286,0.7857142857142857,1.4761904761904763,0.0,0.0,1.3571428571428572
1933,1.5714285714285714,0.75,2.0,1.7142857142857142,1.4285714285714286,0.7857142857142857,1.4761904761904763,0.0,0.0,1.3571428571428572,1.1428571428571428
1934,0.75,2.0,1.7142857142857142,1.4285714285714286,0.7857142857142857,1.4761904761904763,0.0,0.0,1.3571428571428572,1.1428571428571428,1.4
1935,2.0,1.7142857142857142,1.4285714285714286,0.7857142857142857,1.4761904761904763,0.0,0.0,1.3571428571428572,1.1428571428571428,1.4,1.6666666666666667
1936,1.7142857142857142,1.4285714285714286,0.7857142857142857,1.4761904761904763,0.0,0.0,1.3571428571428572,1.1428571428571428,1.4,1.6666666666666667,2.3333333333333335
1937,1.4285714285714286,0.7857142857142857,1.4761904761904763,0.0,0.0,1.3571428571428572,1.1428571428571428,1.4,1.6666666666666667,2.3333333333333335,1.7
1938,0.7857142857142857,1.4761904761904763,0.0,0.0,1.3571428571428572,1.1428571428571428,1.4,1.6666666666666667,2.3333333333333335,1.7,1.5
1939,1.4761904761904763,0.0,0.0,1.3571428571428572,1.1428571428571428,1.4,1.6666666666666667,2.3333333333333335,1.7,1.5,1.5833333333333333
1940,0.0,0.0,1.3571428571428572,1.1428571428571428,1.4,1.6666666666666667,2.3333333333333335,1.7,1.5,1.5833333333333333,0.2
1941,0.0,1.3571428571428572,1.1428571428571428,1.4,1.6666666666666667,2.3333333333333335,1.7,1.5,1.5833333333333333,0.2,1.3333333333333333
1942,1.3571428571428572,1.1428571428571428,1.4,1.6666666666666667,2.3333333333333335,1.7,1.5,1.5833333333333333,0.2,1.3333333333333333,0.0
1943,1.9210526315789473,2.409090909090909,0.0,1.2608695652173914,1.2142857142857142,1.263157894736842,2.25,0.0,0.8235294117647058,1.5,1.3846153846153846
1944,2.409090909090909,0.0,1.2608695652173914,1.2142857142857142,1.263157894736842,2.25,0.0,0.8235294117647058,1.5,1.3846153846153846,0.9285714285714286
1945,0.0,1.2608695652173914,1.2142857142857142,1.263157894736842,2.25,0.0,0.8235294117647058,1.5,1.3846153846153846,0.9285714285714286,0.14285714285714285
1946,1.5,1.6,1.0,1.0,0.14285714285714285,0.0,1.0,1.0,0.0,9.0,-6.0
1947,1.6,1.0,1.0,0.14285714285714285,0.0,1.0,1.0,0.0,9.0,-6.0,0.6
1948,1.0,1.0,0.14285714285714285,0.0,1.0,1.0,0.0,9.0,-6.0,0.6,1.1851851851851851
1949,0.42857142857142855,1.5,0.75,0.5,1.3636363636363635,0.0,3.5,0.0,1.6666666666666667,0.16666666666666666,0.0
1950,1.5,0.75,0.5,1.3636363636363635,0.0,3.5,0.0,1.6666666666666667,0.16666666666666666,0.0,0.0
1951,0.75,0.5,1.3636363636363635,0.0,3.5,0.0,1.6666666666666667,0.16666666666666666,0.0,0.0,6.0
1952,2.3333333333333335,1.0769230769230769,0.0,0.6842105263157895,1.25,1.0,0.0,1.6666666666666667,1.3636363636363635,0.3333333333333333,1.0434782608695652
1953,1.0769230769230769,0.0,0.6842105263157895,1.25,1.0,0.0,1.6666666666666667,1.3636363636363635,0.3333333333333333,1.0434782608695652,0.0
1954,0.0,0.6842105263157895,1.25,1.0,0.0,1.6666666666666667,1.3636363636363635,0.3333333333333333,1.0434782608695652,0.0,1.875
1955,0.6842105263157895,1.25,1.0,0.0,1.6666666666666667,1.3636363636363635,0.3333333333333333,1.0434782608695652,0.0,1.875,1.4615384615384615
1956,1.25,1.0,0.0,1.6666666666666667,1.3636363636363635,0.3333333333333333,1.0434782608695652,0.0,1.875,1.4615384615384615,1.6666666666666667
1957,1.0,0.0,1.6666666666666667,1.3636363636363635,0.3333333333333333,1.0434782608695652,0.0,1.875,1.4615384615384615,1.6666666666666667,0.625
1958,0.0,1.6666666666666667,1.3636363636363635,0.3333333333333333,1.0434782608695652,0.0,1.875,1.4615384615384615,1.6666666666666667,0.625,1.8571428571428572
1959,1.6666666666666667,1.3636363636363635,0.3333333333333333,1.0434782608695652,0.0,1.875,1.4615384615384615,1.6666666666666667,0.625,1.8571428571428572,0.2222222222222222
1960,1.3636363636363635,0.3333333333333333,1.0434782608695652,0.0,1.875,1.4615384615384615,1.6666666666666667,0.625,1.8571428571428572,0.2222222222222222,0.5
1961,0.3333333333333333,1.0434782608695652,0.0,1.875,1.4615384615384615,1.6666666666666667,0.625,1.8571428571428572,0.2222222222222222,0.5,0.6363636363636364
1962,1.0434782608695652,0.0,1.875,1.4615384615384615,1.6666666666666667,0.625,1.8571428571428572,0.2222222222222222,0.5,0.6363636363636364,1.6153846153846154
1963,0.0,1.875,1.4615384615384615,1.6666666666666667,0.625,1.8571428571428572,0.2222222222222222,0.5,0.6363636363636364,1.6153846153846154,1.4285714285714286
1964,1.875,1.4615384615384615,1.6666666666666667,0.625,1.8571428571428572,0.2222222222222222,0.5,0.6363636363636364,1.6153846153846154,1.4285714285714286,1.25
1965,1.4615384615384615,1.6666666666666667,0.625,1.8571428571428572,0.2222222222222222,0.5,0.6363636363636364,1.6153846153846154,1.4285714285714286,1.25,0.5833333333333334
1966,1.6666666666666667,0.625,1.8571428571428572,0.2222222222222222,0.5,0.6363636363636364,1.6153846153846154,1.4285714285714286,1.25,0.5833333333333334,1.85
1967,0.625,1.8571428571428572,0.2222222222222222,0.5,0.6363636363636364,1.6153846153846154,1.4285714285714286,1.25,0.5833333333333334,1.85,1.3125
1968,1.8571428571428572,0.2222222222222222,0.5,0.6363636363636364,1.6153846153846154,1.4285714285714286,1.25,0.5833333333333334,1.85,1.3125,0.0
1969,0.2222222222222222,0.5,0.6363636363636364,1.6153846153846154,1.4285714285714286,1.25,0.5833333333333334,1.85,1.3125,0.0,1.5294117647058822
1970,0.5,0.6363636363636364,1.6153846153846154,1.4285714285714286,1.25,0.5833333333333334,1.85,1.3125,0.0,1.5294117647058822,0.75
1971,0.6363636363636364,1.6153846153846154,1.4285714285714286,1.25,0.5833333333333334,1.85,1.3125,0.0,1.5294117647058822,0.75,1.3214285714285714
1972,1.6153846153846154,1.4285714285714286,1.25,0.5833333333333334,1.85,1.3125,0.0,1.5294117647058822,0.75,1.3214285714285714,1.435483870967742
1973,1.4285714285714286,1.25,0.5833333333333334,1.85,1.3125,0.0,1.5294117647058822,0.75,1.3214285714285714,1.435483870967742,0.7333333333333333
1974,1.0,0.0,1.2040816326530612,0.0,1.0555555555555556,1.0,1.15,2.25,1.1111111111111112,1.1666666666666667,0.8809523809523809
1975,0.0,1.2040816326530612,0.0,1.0555555555555556,1.0,1.15,2.25,1.1111111111111112,1.1666666666666667,0.8809523809523809,1.4444444444444444
1976,1.2040816326530612,0.0,1.0555555555555556,1.0,1.15,2.25,1.1111111111111112,1.1666666666666667,0.8809523809523809,1.4444444444444444,1.0
1977,0.0,1.0555555555555556,1.0,1.15,2.25,1.1111111111111112,1.1666666666666667,0.8809523809523809,1.4444444444444444,1.0,1.2790697674418605
1978,1.0555555555555556,1.0,1.15,2.25,1.1111111111111112,1.1666666666666667,0.8809523809523809,1.4444444444444444,1.0,1.2790697674418605,1.4
1979,1.0,1.15,2.25,1.1111111111111112,1.1666666666666667,0.8809523809523809,1.4444444444444444,1.0,1.2790697674418605,1.4,0.9210526315789473
1980,1.15,2.25,1.1111111111111112,1.1666666666666667,0.8809523809523809,1.4444444444444444,1.0,1.2790697674418605,1.4,0.9210526315789473,1.25
1981,2.25,1.1111111111111112,1.1666666666666667,0.8809523809523809,1.4444444444444444,1.0,1.2790697674418605,1.4,0.9210526315789473,1.25,1.25
1982,1.1111111111111112,1.1666666666666667,0.8809523809523809,1.4444444444444444,1.0,1.2790697674418605,1.4,0.9210526315789473,1.25,1.25,1.0
1983,1.1666666666666667,0.8809523809523809,1.4444444444444444,1.0,1.2790697674418605,1.4,0.9210526315789473,1.25,1.25,1.0,1.1590909090909092
1984,0.8809523809523809,1.4444444444444444,1.0,1.2790697674418605,1.4,0.9210526315789473,1.25,1.25,1.0,1.1590909090909092,1.0
1985,1.4444444444444444,1.0,1.2790697674418605,1.4,0.9210526315789473,1.25,1.25,1.0,1.1590909090909092,1.0,1.0
1986,1.0,1.2790697674418605,1.4,0.9210526315789473,1.25,1.25,1.0,1.1590909090909092,1.0,1.0,0.6666666666666666
1987,1.2790697674418605,1.4,0.9210526315789473,1.25,1.25,1.0,1.1590909090909092,1.0,1.0,0.6666666666666666,1.5454545454545454
1988,1.4,0.9210526315789473,1.25,1.25,1.0,1.1590909090909092,1.0,1.0,0.6666666666666666,1.5454545454545454,1.5084745762711864
1989,0.9210526315789473,1.25,1.25,1.0,1.1590909090909092,1.0,1.0,0.6666666666666666,1.5454545454545454,1.5084745762711864,1.16
1990,1.25,1.25,1.0,1.1590909090909092,1.0,1.0,0.6666666666666666,1.5454545454545454,1.5084745762711864,1.16,1.6585365853658536
1991,1.25,1.0,1.1590909090909092,1.0,1.0,0.6666666666666666,1.5454545454545454,1.5084745762711864,1.16,1.6585365853658536,0.92
1992,1.0,1.1590909090909092,1.0,1.0,0.6666666666666666,1.5454545454545454,1.5084745762711864,1.16,1.6585365853658536,0.92,1.0714285714285714
1993,1.1590909090909092,1.0,1.0,0.6666666666666666,1.5454545454545454,1.5084745762711864,1.16,1.6585365853658536,0.92,1.0714285714285714,1.1956521739130435
1994,1.0,1.0,0.6666666666666666,1.5454545454545454,1.5084745762711864,1.16,1.6585365853658536,0.92,1.0714285714285714,1.1956521739130435,1.6666666666666667
1995,1.0,0.6666666666666666,1.5454545454545454,1.5084745762711864,1.16,1.6585365853658536,0.92,1.0714285714285714,1.1956521739130435,1.6666666666666667,0.0
1996,0.6666666666666666,1.5454545454545454,1.5084745762711864,1.16,1.6585365853658536,0.92,1.0714285714285714,1.1956521739130435,1.6666666666666667,0.0,1.7692307692307692
1997,1.5454545454545454,1.5084745762711864,1.16,1.6585365853658536,0.92,1.0714285714285714,1.1956521739130435,1.6666666666666667,0.0,1.7692307692307692,1.2857142857142858
1998,1.5084745762711864,1.16,1.6585365853658536,0.92,1.0714285714285714,1.1956521739130435,1.6666666666666667,0.0,1.7692307692307692,1.2857142857142858,1.0
1999,1.16,1.6585365853658536,0.92,1.0714285714285714,1.1956521739130435,1.6666666666666667,0.0,1.7692307692307692,1.2857142857142858,1.0,1.2105263157894737
2000,1.6585365853658536,0.92,1.0714285714285714,1.1956521739130435,1.6666666666666667,0.0,1.7692307692307692,1.2857142857142858,1.0,1.2105263157894737,1.3333333333333333
2001,0.92,1.0714285714285714,1.1956521739130435,1.6666666666666667,0.0,1.7692307692307692,1.2857142857142858,1.0,1.2105263157894737,1.3333333333333333,0.5
2002,1.0714285714285714,1.1956521739130435,1.6666666666666667,0.0,1.7692307692307692,1.2857142857142858,1.0,1.2105263157894737,1.3333333333333333,0.5,1.4791666666666667
2003,1.1956521739130435,1.6666666666666667,0.0,1.7692307692307692,1.2857142857142858,1.0,1.2105263157894737,1.3333333333333333,0.5,1.4791666666666667,1.5172413793103448
2004,1.6666666666666667,0.0,1.7692307692307692,1.2857142857142858,1.0,1.2105263157894737,1.3333333333333333,0.5,1.4791666666666667,1.5172413793103448,1.25
2005,0.0,1.7692307692307692,1.2857142857142858,1.0,1.2105263157894737,1.3333333333333333,0.5,1.4791666666666667,1.5172413793103448,1.25,1.2340425531914894
2006,1.7692307692307692,1.2857142857142858,1.0,1.2105263157894737,1.3333333333333333,0.5,1.4791666666666667,1.5172413793103448,1.25,1.2340425531914894,1.2
2007,1.2857142857142858,1.0,1.2105263157894737,1.3333333333333333,0.5,1.4791666666666667,1.5172413793103448,1.25,1.2340425531914894,1.2,0.8823529411764706
2008,1.0,1.2105263157894737,1.3333333333333333,0.5,1.4791666666666667,1.5172413793103448,1.25,1.2340425531914894,1.2,0.8823529411764706,0.16666666666666666
2009,1.2105263157894737,1.3333333333333333,0.5,1.4791666666666667,1.5172413793103448,1.25,1.2340425531914894,1.2,0.8823529411764706,0.16666666666666666,1.1333333333333333
2010,1.3333333333333333,0.5,1.4791666666666667,1.5172413793103448,1.25,1.2340425531914894,1.2,0.8823529411764706,0.16666666666666666,1.1333333333333333,1.0
2011,0.5,1.4791666666666667,1.5172413793103448,1.25,1.2340425531914894,1.2,0.8823529411764706,0.16666666666666666,1.1333333333333333,1.0,1.4285714285714286
2012,1.4791666666666667,1.5172413793103448,1.25,1.2340425531914894,1.2,0.8823529411764706,0.16666666666666666,1.1333333333333333,1.0,1.4285714285714286,0.7857142857142857
2013,1.5172413793103448,1.25,1.2340425531914894,1.2,0.8823529411764706,0.16666666666666666,1.1333333333333333,1.0,1.4285714285714286,0.7857142857142857,1.0666666666666667
2014,1.25,1.2340425531914894,1.2,0.8823529411764706,0.16666666666666666,1.1333333333333333,1.0,1.4285714285714286,0.7857142857142857,1.0666666666666667,1.4137931034482758
2015,1.2340425531914894,1.2,0.8823529411764706,0.16666666666666666,1.1333333333333333,1.0,1.4285714285714286,0.7857142857142857,1.0666666666666667,1.4137931034482758,0.3333333333333333
2016,1.2,0.8823529411764706,0.16666666666666666,1.1333333333333333,1.0,1.4285714285714286,0.7857142857142857,1.0666666666666667,1.4137931034482758,0.3333333333333333,1.2857142857142858
2017,0.8823529411764706,0.16666666666666666,1.1333333333333333,1.0,1.4285714285714286,0.7857142857142857,1.0666666666666667,1.4137931034482758,0.3333333333333333,1.2857142857142858,1.1363636363636365
2018,0.16666666666666666,1.1333333333333333,1.0,1.4285714285714286,0.7857142857142857,1.0666666666666667,1.4137931034482758,0.3333333333333333,1.2857142857142858,1.1363636363636365,0.0
2019,1.1333333333333333,1.0,1.4285714285714286,0.7857142857142857,1.0666666666666667,1.4137931034482758,0.3333333333333333,1.2857142857142858,1.1363636363636365,0.0,1.0
2020,1.0,1.4285714285714286,0.7857142857142857,1.0666666666666667,1.4137931034482758,0.3333333333333333,1.2857142857142858,1.1363636363636365,0.0,1.0,1.5151515151515151
2021,1.4285714285714286,0.7857142857142857,1.0666666666666667,1.4137931034482758,0.3333333333333333,1.2857142857142858,1.1363636363636365,0.0,1.0,1.5151515151515151,0.8857142857142857
2022,0.7857142857142857,1.0666666666666667,1.4137931034482758,0.3333333333333333,1.2857142857142858,1.1363636363636365,0.0,1.0,1.5151515151515151,0.8857142857142857,1.4074074074074074
2023,1.0666666666666667,1.4137931034482758,0.3333333333333333,1.2857142857142858,1.1363636363636365,0.0,1.0,1.5151515151515151,0.8857142857142857,1.4074074074074074,1.0666666666666667
2024,1.4137931034482758,0.3333333333333333,1.2857142857142858,1.1363636363636365,0.0,1.0,1.5151515151515151,0.8857142857142857,1.4074074074074074,1.0666666666666667,1.0
2025,0.3333333333333333,1.2857142857142858,1.1363636363636365,0.0,1.0,1.5151515151515151,0.8857142857142857,1.4074074074074074,1.0666666666666667,1.0,1.1724137931034482
2026,1.2857142857142858,1.1363636363636365,0.0,1.0,1.5151515151515151,0.8857142857142857,1.4074074074074074,1.0666666666666667,1.0,1.1724137931034482,1.096774193548387
2027,1.1363636363636365,0.0,1.0,1.5151515151515151,0.8857142857142857,1.4074074074074074,1.0666666666666667,1.0,1.1724137931034482,1.096774193548387,1.6818181818181819
2028,0.0,1.0,1.5151515151515151,0.8857142857142857,1.4074074074074074,1.0666666666666667,1.0,1.1724137931034482,1.096774193548387,1.6818181818181819,0.8888888888888888
2029,1.0,1.5151515151515151,0.8857142857142857,1.4074074074074074,1.0666666666666667,1.0,1.1724137931034482,1.096774193548387,1.6818181818181819,0.8888888888888888,1.125
2030,1.5151515151515151,0.8857142857142857,1.4074074074074074,1.0666666666666667,1.0,1.1724137931034482,1.096774193548387,1.6818181818181819,0.8888888888888888,1.125,1.0
2031,0.8857142857142857,1.4074074074074074,1.0666666666666667,1.0,1.1724137931034482,1.096774193548387,1.6818181818181819,0.8888888888888888,1.125,1.0,1.2105263157894737
2032,1.4074074074074074,1.0666666666666667,1.0,1.1724137931034482,1.096774193548387,1.6818181818181819,0.8888888888888888,1.125,1.0,1.2105263157894737,1.148936170212766
2033,1.0666666666666667,1.0,1.1724137931034482,1.096774193548387,1.6818181818181819,0.8888888888888888,1.125,1.0,1.2105263157894737,1.148936170212766,0.3333333333333333
2034,1.0,1.1724137931034482,1.096774193548387,1.6818181818181819,0.8888888888888888,1.125,1.0,1.2105263157894737,1.148936170212766,0.3333333333333333,1.1666666666666667
2035,1.1724137931034482,1.096774193548387,1.6818181818181819,0.8888888888888888,1.125,1.0,1.2105263157894737,1.148936170212766,0.3333333333333333,1.1666666666666667,0.8333333333333334
2036,1.096774193548387,1.6818181818181819,0.8888888888888888,1.125,1.0,1.2105263157894737,1.148936170212766,0.3333333333333333,1.1666666666666667,0.8333333333333334,1.2258064516129032
2037,1.6818181818181819,0.8888888888888888,1.125,1.0,1.2105263157894737,1.148936170212766,0.3333333333333333,1.1666666666666667,0.8333333333333334,1.2258064516129032,0.9
2038,0.8888888888888888,1.125,1.0,1.2105263157894737,1.148936170212766,0.3333333333333333,1.1666666666666667,0.8333333333333334,1.2258064516129032,0.9,1.0526315789473684
2039,1.125,1.0,1.2105263157894737,1.148936170212766,0.3333333333333333,1.1666666666666667,0.8333333333333334,1.2258064516129032,0.9,1.0526315789473684,0.75
2040,1.0,1.2105263157894737,1.148936170212766,0.3333333333333333,1.1666666666666667,0.8333333333333334,1.2258064516129032,0.9,1.0526315789473684,0.75,1.0
2041,1.2105263157894737,1.148936170212766,0.3333333333333333,1.1666666666666667,0.8333333333333334,1.2258064516129032,0.9,1.0526315789473684,0.75,1.0,1.7142857142857142
2042,1.148936170212766,0.3333333333333333,1.1666666666666667,0.8333333333333334,1.2258064516129032,0.9,1.0526315789473684,0.75,1.0,1.7142857142857142,1.3846153846153846
2043,1.0,0.5,0.0,0.3333333333333333,1.0,1.5714285714285714,1.0909090909090908,1.4285714285714286,0.8333333333333334,0.5714285714285714,0.6666666666666666
2044,0.5,0.0,0.3333333333333333,1.0,1.5714285714285714,1.0909090909090908,1.4285714285714286,0.8333333333333334,0.5714285714285714,0.6666666666666666,0.8
2045,0.0,0.3333333333333333,1.0,1.5714285714285714,1.0909090909090908,1.4285714285714286,0.8333333333333334,0.5714285714285714,0.6666666666666666,0.8,1.2413793103448276
2046,0.3333333333333333,1.0,1.5714285714285714,1.0909090909090908,1.4285714285714286,0.8333333333333334,0.5714285714285714,0.6666666666666666,0.8,1.2413793103448276,1.4230769230769231
2047,1.0,1.5714285714285714,1.0909090909090908,1.4285714285714286,0.8333333333333334,0.5714285714285714,0.6666666666666666,0.8,1.2413793103448276,1.4230769230769231,1.411764705882353
2048,1.5714285714285714,1.0909090909090908,1.4285714285714286,0.8333333333333334,0.5714285714285714,0.6666666666666666,0.8,1.2413793103448276,1.4230769230769231,1.411764705882353,1.1818181818181819
2049,1.0909090909090908,1.4285714285714286,0.8333333333333334,0.5714285714285714,0.6666666666666666,0.8,1.2413793103448276,1.4230769230769231,1.411764705882353,1.1818181818181819,0.0
2050,1.4285714285714286,0.8333333333333334,0.5714285714285714,0.6666666666666666,0.8,1.2413793103448276,1.4230769230769231,1.411764705882353,1.1818181818181819,0.0,0.0
2051,0.8333333333333334,0.5714285714285714,0.6666666666666666,0.8,1.2413793103448276,1.4230769230769231,1.411764705882353,1.1818181818181819,0.0,0.0,0.0
2052,0.5714285714285714,0.6666666666666666,0.8,1.2413793103448276,1.4230769230769231,1.411764705882353,1.1818181818181819,0.0,0.0,0.0,0.8
2053,0.4,2.3684210526315788,0.7777777777777778,1.92,0.5,0.5,1.71875,0.45454545454545453,2.411764705882353,2.6470588235294117,1.95
2054,2.3684210526315788,0.7777777777777778,1.92,0.5,0.5,1.71875,0.45454545454545453,2.411764705882353,2.6470588235294117,1.95,2.0526315789473686
2055,0.7777777777777778,1.92,0.5,0.5,1.71875,0.45454545454545453,2.411764705882353,2.6470588235294117,1.95,2.0526315789473686,1.3636363636363635
2056,1.92,0.5,0.5,1.71875,0.45454545454545453,2.411764705882353,2.6470588235294117,1.95,2.0526315789473686,1.3636363636363635,3.6923076923076925
2057,0.5,0.5,1.71875,0.45454545454545453,2.411764705882353,2.6470588235294117,1.95,2.0526315789473686,1.3636363636363635,3.6923076923076925,1.6
2058,0.5,1.71875,0.45454545454545453,2.411764705882353,2.6470588235294117,1.95,2.0526315789473686,1.3636363636363635,3.6923076923076925,1.6,1.55
2059,1.71875,0.45454545454545453,2.411764705882353,2.6470588235294117,1.95,2.0526315789473686,1.3636363636363635,3.6923076923076925,1.6,1.55,5.0
2060,0.45454545454545453,2.411764705882353,2.6470588235294117,1.95,2.0526315789473686,1.3636363636363635,3.6923076923076925,1.6,1.55,5.0,2.6
2061,2.411764705882353,2.6470588235294117,1.95,2.0526315789473686,1.3636363636363635,3.6923076923076925,1.6,1.55,5.0,2.6,2.066666666666667
2062,2.6470588235294117,1.95,2.0526315789473686,1.3636363636363635,3.6923076923076925,1.6,1.55,5.0,2.6,2.066666666666667,1.4545454545454546
2063,1.95,2.0526315789473686,1.3636363636363635,3.6923076923076925,1.6,1.55,5.0,2.6,2.066666666666667,1.4545454545454546,1.1666666666666667
2064,2.0526315789473686,1.3636363636363635,3.6923076923076925,1.6,1.55,5.0,2.6,2.066666666666667,1.4545454545454546,1.1666666666666667,0.2
2065,1.3636363636363635,3.6923076923076925,1.6,1.55,5.0,2.6,2.066666666666667,1.4545454545454546,1.1666666666666667,0.2,0.3333333333333333
2066,3.6923076923076925,1.6,1.55,5.0,2.6,2.066666666666667,1.4545454545454546,1.1666666666666667,0.2,0.3333333333333333,1.8333333333333333
2067,1.6,1.55,5.0,2.6,2.066666666666667,1.4545454545454546,1.1666666666666667,0.2,0.3333333333333333,1.8333333333333333,1.9
2068,1.55,5.0,2.6,2.066666666666667,1.4545454545454546,1.1666666666666667,0.2,0.3333333333333333,1.8333333333333333,1.9,1.0
2069,5.0,2.6,2.066666666666667,1.4545454545454546,1.1666666666666667,0.2,0.3333333333333333,1.8333333333333333,1.9,1.0,0.3333333333333333
2070,2.6,2.066666666666667,1.4545454545454546,1.1666666666666667,0.2,0.3333333333333333,1.8333333333333333,1.9,1.0,0.3333333333333333,2.4285714285714284
2071,2.066666666666667,1.4545454545454546,1.1666666666666667,0.2,0.3333333333333333,1.8333333333333333,1.9,1.0,0.3333333333333333,2.4285714285714284,0.5
2072,1.4545454545454546,1.1666666666666667,0.2,0.3333333333333333,1.8333333333333333,1.9,1.0,0.3333333333333333,2.4285714285714284,0.5,1.85
2073,1.1666666666666667,0.2,0.3333333333333333,1.8333333333333333,1.9,1.0,0.3333333333333333,2.4285714285714284,0.5,1.85,2.1176470588235294
2074,0.2,0.3333333333333333,1.8333333333333333,1.9,1.0,0.3333333333333333,2.4285714285714284,0.5,1.85,2.1176470588235294,1.8888888888888888
2075,0.3333333333333333,1.8333333333333333,1.9,1.0,0.3333333333333333,2.4285714285714284,0.5,1.85,2.1176470588235294,1.8888888888888888,1.375
2076,1.8333333333333333,1.9,1.0,0.3333333333333333,2.4285714285714284,0.5,1.85,2.1176470588235294,1.8888888888888888,1.375,1.4166666666666667
2077,1.9,1.0,0.3333333333333333,2.4285714285714284,0.5,1.85,2.1176470588235294,1.8888888888888888,1.375,1.4166666666666667,1.6
2078,1.0,0.3333333333333333,2.4285714285714284,0.5,1.85,2.1176470588235294,1.8888888888888888,1.375,1.4166666666666667,1.6,2.4444444444444446
2079,0.3333333333333333,2.4285714285714284,0.5,1.85,2.1176470588235294,1.8888888888888888,1.375,1.4166666666666667,1.6,2.4444444444444446,1.8
2080,2.4285714285714284,0.5,1.85,2.1176470588235294,1.8888888888888888,1.375,1.4166666666666667,1.6,2.4444444444444446,1.8,3.4166666666666665
2081,0.5,1.85,2.1176470588235294,1.8888888888888888,1.375,1.4166666666666667,1.6,2.4444444444444446,1.8,3.4166666666666665,1.4285714285714286
2082,1.85,2.1176470588235294,1.8888888888888888,1.375,1.4166666666666667,1.6,2.4444444444444446,1.8,3.4166666666666665,1.4285714285714286,1.4666666666666666
2083,2.1176470588235294,1.8888888888888888,1.375,1.4166666666666667,1.6,2.4444444444444446,1.8,3.4166666666666665,1.4285714285714286,1.4666666666666666,0.0
2084,1.8888888888888888,1.375,1.4166666666666667,1.6,2.4444444444444446,1.8,3.4166666666666665,1.4285714285714286,1.4666666666666666,0.0,0.9
2085,1.375,1.4166666666666667,1.6,2.4444444444444446,1.8,3.4166666666666665,1.4285714285714286,1.4666666666666666,0.0,0.9,0.5
2086,1.4166666666666667,1.6,2.4444444444444446,1.8,3.4166666666666665,1.4285714285714286,1.4666666666666666,0.0,0.9,0.5,2.2142857142857144
2087,1.6,2.4444444444444446,1.8,3.4166666666666665,1.4285714285714286,1.4666666666666666,0.0,0.9,0.5,2.2142857142857144,2.2
2088,2.4444444444444446,1.8,3.4166666666666665,1.4285714285714286,1.4666666666666666,0.0,0.9,0.5,2.2142857142857144,2.2,1.0
2089,1.8,3.4166666666666665,1.4285714285714286,1.4666666666666666,0.0,0.9,0.5,2.2142857142857144,2.2,1.0,1.96
2090,3.4166666666666665,1.4285714285714286,1.4666666666666666,0.0,0.9,0.5,2.2142857142857144,2.2,1.0,1.96,0.42857142857142855
2091,1.4285714285714286,1.4666666666666666,0.0,0.9,0.5,2.2142857142857144,2.2,1.0,1.96,0.42857142857142855,2.5789473684210527
2092,1.4666666666666666,0.0,0.9,0.5,2.2142857142857144,2.2,1.0,1.96,0.42857142857142855,2.5789473684210527,2.823529411764706
2093,0.0,0.9,0.5,2.2142857142857144,2.2,1.0,1.96,0.42857142857142855,2.5789473684210527,2.823529411764706,2.129032258064516
2094,0.9,0.5,2.2142857142857144,2.2,1.0,1.96,0.42857142857142855,2.5789473684210527,2.823529411764706,2.129032258064516,1.1363636363636365
2095,0.5,2.2142857142857144,2.2,1.0,1.96,0.42857142857142855,2.5789473684210527,2.823529411764706,2.129032258064516,1.1363636363636365,2.142857142857143
2096,2.2142857142857144,2.2,1.0,1.96,0.42857142857142855,2.5789473684210527,2.823529411764706,2.129032258064516,1.1363636363636365,2.142857142857143,2.5
2097,2.2,1.0,1.96,0.42857142857142855,2.5789473684210527,2.823529411764706,2.129032258064516,1.1363636363636365,2.142857142857143,2.5,1.6666666666666667
2098,1.0,1.96,0.42857142857142855,2.5789473684210527,2.823529411764706,2.129032258064516,1.1363636363636365,2.142857142857143,2.5,1.6666666666666667,1.0
2099,1.96,0.42857142857142855,2.5789473684210527,2.823529411764706,2.129032258064516,1.1363636363636365,2.142857142857143,2.5,1.6666666666666667,1.0,2.0
2100,0.42857142857142855,2.5789473684210527,2.823529411764706,2.129032258064516,1.1363636363636365,2.142857142857143,2.5,1.6666666666666667,1.0,2.0,1.7142857142857142
2101,2.5789473684210527,2.823529411764706,2.129032258064516,1.1363636363636365,2.142857142857143,2.5,1.6666666666666667,1.0,2.0,1.7142857142857142,0.0
2102,2.823529411764706,2.129032258064516,1.1363636363636365,2.142857142857143,2.5,1.6666666666666667,1.0,2.0,1.7142857142857142,0.0,0.5
2103,2.129032258064516,1.1363636363636365,2.142857142857143,2.5,1.6666666666666667,1.0,2.0,1.7142857142857142,0.0,0.5,1.7142857142857142
2104,1.1363636363636365,2.142857142857143,2.5,1.6666666666666667,1.0,2.0,1.7142857142857142,0.0,0.5,1.7142857142857142,1.0
2105,2.142857142857143,2.5,1.6666666666666667,1.0,2.0,1.7142857142857142,0.0,0.5,1.7142857142857142,1.0,0.8181818181818182
2106,2.5,1.6666666666666667,1.0,2.0,1.7142857142857142,0.0,0.5,1.7142857142857142,1.0,0.8181818181818182,1.625
2107,1.6666666666666667,1.0,2.0,1.7142857142857142,0.0,0.5,1.7142857142857142,1.0,0.8181818181818182,1.625,1.6666666666666667
2108,1.0,2.0,1.7142857142857142,0.0,0.5,1.7142857142857142,1.0,0.8181818181818182,1.625,1.6666666666666667,1.3333333333333333
2109,2.0,1.7142857142857142,0.0,0.5,1.7142857142857142,1.0,0.8181818181818182,1.625,1.6666666666666667,1.3333333333333333,2.272727272727273
2110,1.7142857142857142,0.0,0.5,1.7142857142857142,1.0,0.8181818181818182,1.625,1.6666666666666667,1.3333333333333333,2.272727272727273,5.0
2111,0.0,0.5,1.7142857142857142,1.0,0.8181818181818182,1.625,1.6666666666666667,1.3333333333333333,2.272727272727273,5.0,0.6
2112,0.5,1.7142857142857142,1.0,0.8181818181818182,1.625,1.6666666666666667,1.3333333333333333,2.272727272727273,5.0,0.6,2.4545454545454546
2113,1.7142857142857142,1.0,0.8181818181818182,1.625,1.6666666666666667,1.3333333333333333,2.272727272727273,5.0,0.6,2.4545454545454546,1.2857142857142858
2114,1.0,0.8181818181818182,1.625,1.6666666666666667,1.3333333333333333,2.272727272727273,5.0,0.6,2.4545454545454546,1.2857142857142858,1.1111111111111112
2115,0.8181818181818182,1.625,1.6666666666666667,1.3333333333333333,2.272727272727273,5.0,0.6,2.4545454545454546,1.2857142857142858,1.1111111111111112,1.6666666666666667
2116,1.625,1.6666666666666667,1.3333333333333333,2.272727272727273,5.0,0.6,2.4545454545454546,1.2857142857142858,1.1111111111111112,1.6666666666666667,1.3333333333333333
2117,1.6666666666666667,1.3333333333333333,2.272727272727273,5.0,0.6,2.4545454545454546,1.2857142857142858,1.1111111111111112,1.6666666666666667,1.3333333333333333,1.3888888888888888
2118,1.3333333333333333,2.272727272727273,5.0,0.6,2.4545454545454546,1.2857142857142858,1.1111111111111112,1.6666666666666667,1.3333333333333333,1.3888888888888888,2.2580645161290325
2119,2.272727272727273,5.0,0.6,2.4545454545454546,1.2857142857142858,1.1111111111111112,1.6666666666666667,1.3333333333333333,1.3888888888888888,2.2580645161290325,2.2
2120,5.0,0.6,2.4545454545454546,1.2857142857142858,1.1111111111111112,1.6666666666666667,1.3333333333333333,1.3888888888888888,2.2580645161290325,2.2,1.1428571428571428
2121,0.6,2.4545454545454546,1.2857142857142858,1.1111111111111112,1.6666666666666667,1.3333333333333333,1.3888888888888888,2.2580645161290325,2.2,1.1428571428571428,1.96
2122,2.4545454545454546,1.2857142857142858,1.1111111111111112,1.6666666666666667,1.3333333333333333,1.3888888888888888,2.2580645161290325,2.2,1.1428571428571428,1.96,0.0
2123,1.2857142857142858,1.1111111111111112,1.6666666666666667,1.3333333333333333,1.3888888888888888,2.2580645161290325,2.2,1.1428571428571428,1.96,0.0,0.0
2124,1.1111111111111112,1.6666666666666667,1.3333333333333333,1.3888888888888888,2.2580645161290325,2.2,1.1428571428571428,1.96,0.0,0.0,1.8
2125,1.6666666666666667,1.3333333333333333,1.3888888888888888,2.2580645161290325,2.2,1.1428571428571428,1.96,0.0,0.0,1.8,1.75
2126,1.3333333333333333,1.3888888888888888,2.2580645161290325,2.2,1.1428571428571428,1.96,0.0,0.0,1.8,1.75,1.8421052631578947
2127,1.3888888888888888,2.2580645161290325,2.2,1.1428571428571428,1.96,0.0,0.0,1.8,1.75,1.8421052631578947,0.0
2128,2.2580645161290325,2.2,1.1428571428571428,1.96,0.0,0.0,1.8,1.75,1.8421052631578947,0.0,0.5
2129,2.2,1.1428571428571428,1.96,0.0,0.0,1.8,1.75,1.8421052631578947,0.0,0.5,1.9090909090909092
2130,1.1428571428571428,1.96,0.0,0.0,1.8,1.75,1.8421052631578947,0.0,0.5,1.9090909090909092,1.2258064516129032
2131,1.96,0.0,0.0,1.8,1.75,1.8421052631578947,0.0,0.5,1.9090909090909092,1.2258064516129032,1.5
2132,0.0,0.0,1.8,1.75,1.8421052631578947,0.0,0.5,1.9090909090909092,1.2258064516129032,1.5,0.5
2133,0.0,1.8,1.75,1.8421052631578947,0.0,0.5,1.9090909090909092,1.2258064516129032,1.5,0.5,1.7894736842105263
2134,1.8,1.75,1.8421052631578947,0.0,0.5,1.9090909090909092,1.2258064516129032,1.5,0.5,1.7894736842105263,1.6
2135,1.75,1.8421052631578947,0.0,0.5,1.9090909090909092,1.2258064516129032,1.5,0.5,1.7894736842105263,1.6,1.826086956521739
2136,1.8421052631578947,0.0,0.5,1.9090909090909092,1.2258064516129032,1.5,0.5,1.7894736842105263,1.6,1.826086956521739,1.0
2137,0.0,0.5,1.9090909090909092,1.2258064516129032,1.5,0.5,1.7894736842105263,1.6,1.826086956521739,1.0,1.0
2138,0.72,1.25,1.0,0.6,0.3333333333333333,0.5,1.5,0.9473684210526315,0.0,1.1538461538461537,0.25
2139,1.25,1.0,0.6,0.3333333333333333,0.5,1.5,0.9473684210526315,0.0,1.1538461538461537,0.25,0.125
2140,1.0,0.6,0.3333333333333333,0.5,1.5,0.9473684210526315,0.0,1.1538461538461537,0.25,0.125,1.3414634146341464
2141,0.6,0.3333333333333333,0.5,1.5,0.9473684210526315,0.0,1.1538461538461537,0.25,0.125,1.3414634146341464,0.45454545454545453
2142,0.3333333333333333,0.5,1.5,0.9473684210526315,0.0,1.1538461538461537,0.25,0.125,1.3414634146341464,0.45454545454545453,1.3157894736842106
2143,0.5,1.5,0.9473684210526315,0.0,1.1538461538461537,0.25,0.125,1.3414634146341464,0.45454545454545453,1.3157894736842106,1.5
2144,1.5,0.9473684210526315,0.0,1.1538461538461537,0.25,0.125,1.3414634146341464,0.45454545454545453,1.3157894736842106,1.5,0.25
2145,0.9473684210526315,0.0,1.1538461538461537,0.25,0.125,1.3414634146341464,0.45454545454545453,1.3157894736842106,1.5,0.25,1.2580645161290323
2146,0.0,1.1538461538461537,0.25,0.125,1.3414634146341464,0.45454545454545453,1.3157894736842106,1.5,0.25,1.2580645161290323,0.9285714285714286
2147,1.1538461538461537,0.25,0.125,1.3414634146341464,0.45454545454545453,1.3157894736842106,1.5,0.25,1.2580645161290323,0.9285714285714286,1.4
2148,0.25,0.125,1.3414634146341464,0.45454545454545453,1.3157894736842106,1.5,0.25,1.2580645161290323,0.9285714285714286,1.4,3.0
2149,0.125,1.3414634146341464,0.45454545454545453,1.3157894736842106,1.5,0.25,1.2580645161290323,0.9285714285714286,1.4,3.0,1.5
2150,1.3414634146341464,0.45454545454545453,1.3157894736842106,1.5,0.25,1.2580645161290323,0.9285714285714286,1.4,3.0,1.5,2.159090909090909
2151,0.45454545454545453,1.3157894736842106,1.5,0.25,1.2580645161290323,0.9285714285714286,1.4,3.0,1.5,2.159090909090909,2.0
2152,1.3157894736842106,1.5,0.25,1.2580645161290323,0.9285714285714286,1.4,3.0,1.5,2.159090909090909,2.0,0.0
2153,1.5,0.25,1.2580645161290323,0.9285714285714286,1.4,3.0,1.5,2.159090909090909,2.0,0.0,0.4
2154,0.25,1.2580645161290323,0.9285714285714286,1.4,3.0,1.5,2.159090909090909,2.0,0.0,0.4,1.7727272727272727
2155,1.2580645161290323,0.9285714285714286,1.4,3.0,1.5,2.159090909090909,2.0,0.0,0.4,1.7727272727272727,0.5714285714285714
2156,0.9285714285714286,1.4,3.0,1.5,2.159090909090909,2.0,0.0,0.4,1.7727272727272727,0.5714285714285714,1.7083333333333333
2157,0.0,1.6,0.6666666666666666,1.0,0.0,1.2,2.25,1.5,0.6666666666666666,0.3333333333333333,0.5
2158,1.6,0.6666666666666666,1.0,0.0,1.2,2.25,1.5,0.6666666666666666,0.3333333333333333,0.5,0.8888888888888888
2159,0.6666666666666666,1.0,0.0,1.2,2.25,1.5,0.6666666666666666,0.3333333333333333,0.5,0.8888888888888888,0.0
2160,1.0,0.0,1.2,2.25,1.5,0.6666666666666666,0.3333333333333333,0.5,0.8888888888888888,0.0,1.0
2161,0.0,1.2,2.25,1.5,0.6666666666666666,0.3333333333333333,0.5,0.8888888888888888,0.0,1.0,2.1818181818181817
2162,1.2,2.25,1.5,0.6666666666666666,0.3333333333333333,0.5,0.8888888888888888,0.0,1.0,2.1818181818181817,1.0833333333333333
2163,2.25,1.5,0.6666666666666666,0.3333333333333333,0.5,0.8888888888888888,0.0,1.0,2.1818181818181817,1.0833333333333333,0.25
2164,1.5,0.6666666666666666,0.3333333333333333,0.5,0.8888888888888888,0.0,1.0,2.1818181818181817,1.0833333333333333,0.25,1.5
2165,0.6666666666666666,0.3333333333333333,0.5,0.8888888888888888,0.0,1.0,2.1818181818181817,1.0833333333333333,0.25,1.5,2.1818181818181817
2166,0.3333333333333333,0.5,0.8888888888888888,0.0,1.0,2.1818181818181817,1.0833333333333333,0.25,1.5,2.1818181818181817,0.5
2167,0.5,0.8888888888888888,0.0,1.0,2.1818181818181817,1.0833333333333333,0.25,1.5,2.1818181818181817,0.5,2.2857142857142856
2168,0.8888888888888888,0.0,1.0,2.1818181818181817,1.0833333333333333,0.25,1.5,2.1818181818181817,0.5,2.2857142857142856,3.375
2169,0.0,1.0,2.1818181818181817,1.0833333333333333,0.25,1.5,2.1818181818181817,0.5,2.2857142857142856,3.375,4.333333333333333
2170,0.4,1.1428571428571428,1.0416666666666667,1.8214285714285714,0.0,1.5384615384615385,1.36,0.96,0.0,1.5,1.6885245901639345
2171,1.1428571428571428,1.0416666666666667,1.8214285714285714,0.0,1.5384615384615385,1.36,0.96,0.0,1.5,1.6885245901639345,0.5454545454545454
2172,1.0416666666666667,1.8214285714285714,0.0,1.5384615384615385,1.36,0.96,0.0,1.5,1.6885245901639345,0.5454545454545454,0.5
2173,1.8214285714285714,0.0,1.5384615384615385,1.36,0.96,0.0,1.5,1.6885245901639345,0.5454545454545454,0.5,0.5263157894736842
2174,0.0,1.5384615384615385,1.36,0.96,0.0,1.5,1.6885245901639345,0.5454545454545454,0.5,0.5263157894736842,0.6666666666666666
2175,1.5384615384615385,1.36,0.96,0.0,1.5,1.6885245901639345,0.5454545454545454,0.5,0.5263157894736842,0.6666666666666666,1.1111111111111112
2176,1.36,0.96,0.0,1.5,1.6885245901639345,0.5454545454545454,0.5,0.5263157894736842,0.6666666666666666,1.1111111111111112,0.9
2177,0.96,0.0,1.5,1.6885245901639345,0.5454545454545454,0.5,0.5263157894736842,0.6666666666666666,1.1111111111111112,0.9,1.3214285714285714
2178,0.0,1.5,1.6885245901639345,0.5454545454545454,0.5,0.5263157894736842,0.6666666666666666,1.1111111111111112,0.9,1.3214285714285714,1.21875
2179,1.5,1.6885245901639345,0.5454545454545454,0.5,0.5263157894736842,0.6666666666666666,1.1111111111111112,0.9,1.3214285714285714,1.21875,1.1147540983606556
2180,1.6885245901639345,0.5454545454545454,0.5,0.5263157894736842,0.6666666666666666,1.1111111111111112,0.9,1.3214285714285714,1.21875,1.1147540983606556,1.3333333333333333
2181,0.5454545454545454,0.5,0.5263157894736842,0.6666666666666666,1.1111111111111112,0.9,1.3214285714285714,1.21875,1.1147540983606556,1.3333333333333333,0.0
2182,0.5,0.5263157894736842,0.6666666666666666,1.1111111111111112,0.9,1.3214285714285714,1.21875,1.1147540983606556,1.3333333333333333,0.0,1.0
2183,0.5263157894736842,0.6666666666666666,1.1111111111111112,0.9,1.3214285714285714,1.21875,1.1147540983606556,1.3333333333333333,0.0,1.0,1.0
2184,0.6666666666666666,1.1111111111111112,0.9,1.3214285714285714,1.21875,1.1147540983606556,1.3333333333333333,0.0,1.0,1.0,1.5333333333333334
2185,1.1111111111111112,0.9,1.3214285714285714,1.21875,1.1147540983606556,1.3333333333333333,0.0,1.0,1.0,1.5333333333333334,1.0952380952380953
2186,0.9,1.3214285714285714,1.21875,1.1147540983606556,1.3333333333333333,0.0,1.0,1.0,1.5333333333333334,1.0952380952380953,1.3333333333333333
2187,1.3214285714285714,1.21875,1.1147540983606556,1.3333333333333333,0.0,1.0,1.0,1.5333333333333334,1.0952380952380953,1.3333333333333333,1.0
2188,1.21875,1.1147540983606556,1.3333333333333333,0.0,1.0,1.0,1.5333333333333334,1.0952380952380953,1.3333333333333333,1.0,2.0
2189,1.1147540983606556,1.3333333333333333,0.0,1.0,1.0,1.5333333333333334,1.0952380952380953,1.3333333333333333,1.0,2.0,1.0
2190,1.3333333333333333,0.0,1.0,1.0,1.5333333333333334,1.0952380952380953,1.3333333333333333,1.0,2.0,1.0,1.8333333333333333
2191,0.0,1.0,1.0,1.5333333333333334,1.0952380952380953,1.3333333333333333,1.0,2.0,1.0,1.8333333333333333,1.6428571428571428
2192,1.0,1.0,1.5333333333333334,1.0952380952380953,1.3333333333333333,1.0,2.0,1.0,1.8333333333333333,1.6428571428571428,0.7
2193,1.0,1.5333333333333334,1.0952380952380953,1.3333333333333333,1.0,2.0,1.0,1.8333333333333333,1.6428571428571428,0.7,1.457142857142857
2194,1.5333333333333334,1.0952380952380953,1.3333333333333333,1.0,2.0,1.0,1.8333333333333333,1.6428571428571428,0.7,1.457142857142857,1.625
2195,1.0952380952380953,1.3333333333333333,1.0,2.0,1.0,1.8333333333333333,1.6428571428571428,0.7,1.457142857142857,1.625,1.0857142857142856
2196,1.3333333333333333,1.0,2.0,1.0,1.8333333333333333,1.6428571428571428,0.7,1.457142857142857,1.625,1.0857142857142856,1.68
2197,1.0,2.0,1.0,1.8333333333333333,1.6428571428571428,0.7,1.457142857142857,1.625,1.0857142857142856,1.68,1.2830188679245282
2198,2.0,1.0,1.8333333333333333,1.6428571428571428,0.7,1.457142857142857,1.625,1.0857142857142856,1.68,1.2830188679245282,3.2
2199,1.0,1.8333333333333333,1.6428571428571428,0.7,1.457142857142857,1.625,1.0857142857142856,1.68,1.2830188679245282,3.2,1.6521739130434783
2200,1.8333333333333333,1.6428571428571428,0.7,1.457142857142857,1.625,1.0857142857142856,1.68,1.2830188679245282,3.2,1.6521739130434783,0.0
2201,1.6428571428571428,0.7,1.457142857142857,1.625,1.0857142857142856,1.68,1.2830188679245282,3.2,1.6521739130434783,0.0,1.2222222222222223
2202,0.7,1.457142857142857,1.625,1.0857142857142856,1.68,1.2830188679245282,3.2,1.6521739130434783,0.0,1.2222222222222223,1.5666666666666667
2203,1.457142857142857,1.625,1.0857142857142856,1.68,1.2830188679245282,3.2,1.6521739130434783,0.0,1.2222222222222223,1.5666666666666667,1.2
2204,1.625,1.0857142857142856,1.68,1.2830188679245282,3.2,1.6521739130434783,0.0,1.2222222222222223,1.5666666666666667,1.2,1.5555555555555556
2205,1.0857142857142856,1.68,1.2830188679245282,3.2,1.6521739130434783,0.0,1.2222222222222223,1.5666666666666667,1.2,1.5555555555555556,1.9130434782608696
2206,1.68,1.2830188679245282,3.2,1.6521739130434783,0.0,1.2222222222222223,1.5666666666666667,1.2,1.5555555555555556,1.9130434782608696,1.2448979591836735
2207,1.2830188679245282,3.2,1.6521739130434783,0.0,1.2222222222222223,1.5666666666666667,1.2,1.5555555555555556,1.9130434782608696,1.2448979591836735,1.5964912280701755
2208,3.2,1.6521739130434783,0.0,1.2222222222222223,1.5666666666666667,1.2,1.5555555555555556,1.9130434782608696,1.2448979591836735,1.5964912280701755,1.1142857142857143
2209,1.6521739130434783,0.0,1.2222222222222223,1.5666666666666667,1.2,1.5555555555555556,1.9130434782608696,1.2448979591836735,1.5964912280701755,1.1142857142857143,1.3571428571428572
2210,0.0,1.2222222222222223,1.5666666666666667,1.2,1.5555555555555556,1.9130434782608696,1.2448979591836735,1.5964912280701755,1.1142857142857143,1.3571428571428572,0.0
2211,1.2222222222222223,1.5666666666666667,1.2,1.5555555555555556,1.9130434782608696,1.2448979591836735,1.5964912280701755,1.1142857142857143,1.3571428571428572,0.0,2.2222222222222223
2212,1.5666666666666667,1.2,1.5555555555555556,1.9130434782608696,1.2448979591836735,1.5964912280701755,1.1142857142857143,1.3571428571428572,0.0,2.2222222222222223,2.2758620689655173
2213,1.2,1.5555555555555556,1.9130434782608696,1.2448979591836735,1.5964912280701755,1.1142857142857143,1.3571428571428572,0.0,2.2222222222222223,2.2758620689655173,0.2
2214,1.5555555555555556,1.9130434782608696,1.2448979591836735,1.5964912280701755,1.1142857142857143,1.3571428571428572,0.0,2.2222222222222223,2.2758620689655173,0.2,0.2857142857142857
2215,1.9130434782608696,1.2448979591836735,1.5964912280701755,1.1142857142857143,1.3571428571428572,0.0,2.2222222222222223,2.2758620689655173,0.2,0.2857142857142857,1.2758620689655173
2216,1.2448979591836735,1.5964912280701755,1.1142857142857143,1.3571428571428572,0.0,2.2222222222222223,2.2758620689655173,0.2,0.2857142857142857,1.2758620689655173,0.95
2217,1.5964912280701755,1.1142857142857143,1.3571428571428572,0.0,2.2222222222222223,2.2758620689655173,0.2,0.2857142857142857,1.2758620689655173,0.95,1.1111111111111112
2218,1.1142857142857143,1.3571428571428572,0.0,2.2222222222222223,2.2758620689655173,0.2,0.2857142857142857,1.2758620689655173,0.95,1.1111111111111112,0.9259259259259259
2219,1.3571428571428572,0.0,2.2222222222222223,2.2758620689655173,0.2,0.2857142857142857,1.2758620689655173,0.95,1.1111111111111112,0.9259259259259259,1.15
2220,0.0,2.2222222222222223,2.2758620689655173,0.2,0.2857142857142857,1.2758620689655173,0.95,1.1111111111111112,0.9259259259259259,1.15,0.7692307692307693
2221,2.2222222222222223,2.2758620689655173,0.2,0.2857142857142857,1.2758620689655173,0.95,1.1111111111111112,0.9259259259259259,1.15,0.7692307692307693,0.9333333333333333
2222,2.2758620689655173,0.2,0.2857142857142857,1.2758620689655173,0.95,1.1111111111111112,0.9259259259259259,1.15,0.7692307692307693,0.9333333333333333,1.6818181818181819
2223,0.2,0.2857142857142857,1.2758620689655173,0.95,1.1111111111111112,0.9259259259259259,1.15,0.7692307692307693,0.9333333333333333,1.6818181818181819,0.8571428571428571
2224,0.2857142857142857,1.2758620689655173,0.95,1.1111111111111112,0.9259259259259259,1.15,0.7692307692307693,0.9333333333333333,1.6818181818181819,0.8571428571428571,1.2307692307692308
2225,1.2758620689655173,0.95,1.1111111111111112,0.9259259259259259,1.15,0.7692307692307693,0.9333333333333333,1.6818181818181819,0.8571428571428571,1.2307692307692308,1.4
2226,0.95,1.1111111111111112,0.9259259259259259,1.15,0.7692307692307693,0.9333333333333333,1.6818181818181819,0.8571428571428571,1.2307692307692308,1.4,1.5666666666666667
2227,1.1111111111111112,0.9259259259259259,1.15,0.7692307692307693,0.9333333333333333,1.6818181818181819,0.8571428571428571,1.2307692307692308,1.4,1.5666666666666667,0.6363636363636364
2228,0.9259259259259259,1.15,0.7692307692307693,0.9333333333333333,1.6818181818181819,0.8571428571428571,1.2307692307692308,1.4,1.5666666666666667,0.6363636363636364,1.1063829787234043
2229,1.15,0.7692307692307693,0.9333333333333333,1.6818181818181819,0.8571428571428571,1.2307692307692308,1.4,1.5666666666666667,0.6363636363636364,1.1063829787234043,2.3333333333333335
2230,0.7692307692307693,0.9333333333333333,1.6818181818181819,0.8571428571428571,1.2307692307692308,1.4,1.5666666666666667,0.6363636363636364,1.1063829787234043,2.3333333333333335,0.9545454545454546
2231,0.9333333333333333,1.6818181818181819,0.8571428571428571,1.2307692307692308,1.4,1.5666666666666667,0.6363636363636364,1.1063829787234043,2.3333333333333335,0.9545454545454546,1.2181818181818183
2232,1.6818181818181819,0.8571428571428571,1.2307692307692308,1.4,1.5666666666666667,0.6363636363636364,1.1063829787234043,2.3333333333333335,0.9545454545454546,1.2181818181818183,1.0
2233,0.8571428571428571,1.2307692307692308,1.4,1.5666666666666667,0.6363636363636364,1.1063829787234043,2.3333333333333335,0.9545454545454546,1.2181818181818183,1.0,1.4848484848484849
2234,1.2307692307692308,1.4,1.5666666666666667,0.6363636363636364,1.1063829787234043,2.3333333333333335,0.9545454545454546,1.2181818181818183,1.0,1.4848484848484849,1.2962962962962963
2235,1.4,1.5666666666666667,0.6363636363636364,1.1063829787234043,2.3333333333333335,0.9545454545454546,1.2181818181818183,1.0,1.4848484848484849,1.2962962962962963,1.5555555555555556
2236,1.5666666666666667,0.6363636363636364,1.1063829787234043,2.3333333333333335,0.9545454545454546,1.2181818181818183,1.0,1.4848484848484849,1.2962962962962963,1.5555555555555556,1.0
2237,0.6363636363636364,1.1063829787234043,2.3333333333333335,0.9545454545454546,1.2181818181818183,1.0,1.4848484848484849,1.2962962962962963,1.5555555555555556,1.0,1.7
2238,1.1063829787234043,2.3333333333333335,0.9545454545454546,1.2181818181818183,1.0,1.4848484848484849,1.2962962962962963,1.5555555555555556,1.0,1.7,1.2
2239,2.3333333333333335,0.9545454545454546,1.2181818181818183,1.0,1.4848484848484849,1.2962962962962963,1.5555555555555556,1.0,1.7,1.2,1.3333333333333333
2240,0.9545454545454546,1.2181818181818183,1.0,1.4848484848484849,1.2962962962962963,1.5555555555555556,1.0,1.7,1.2,1.3333333333333333,1.54
2241,1.2181818181818183,1.0,1.4848484848484849,1.2962962962962963,1.5555555555555556,1.0,1.7,1.2,1.3333333333333333,1.54,1.5873015873015872
2242,1.0,1.4848484848484849,1.2962962962962963,1.5555555555555556,1.0,1.7,1.2,1.3333333333333333,1.54,1.5873015873015872,0.9259259259259259
2243,1.4848484848484849,1.2962962962962963,1.5555555555555556,1.0,1.7,1.2,1.3333333333333333,1.54,1.5873015873015872,0.9259259259259259,1.1702127659574468
2244,1.2962962962962963,1.5555555555555556,1.0,1.7,1.2,1.3333333333333333,1.54,1.5873015873015872,0.9259259259259259,1.1702127659574468,1.9722222222222223
2245,1.5555555555555556,1.0,1.7,1.2,1.3333333333333333,1.54,1.5873015873015872,0.9259259259259259,1.1702127659574468,1.9722222222222223,1.0740740740740742
2246,1.0,1.7,1.2,1.3333333333333333,1.54,1.5873015873015872,0.9259259259259259,1.1702127659574468,1.9722222222222223,1.0740740740740742,0.7142857142857143
2247,1.7,1.2,1.3333333333333333,1.54,1.5873015873015872,0.9259259259259259,1.1702127659574468,1.9722222222222223,1.0740740740740742,0.7142857142857143,1.0
2248,1.2,1.3333333333333333,1.54,1.5873015873015872,0.9259259259259259,1.1702127659574468,1.9722222222222223,1.0740740740740742,0.7142857142857143,1.0,0.6875
2249,1.3333333333333333,1.54,1.5873015873015872,0.9259259259259259,1.1702127659574468,1.9722222222222223,1.0740740740740742,0.7142857142857143,1.0,0.6875,1.4107142857142858
2250,1.54,1.5873015873015872,0.9259259259259259,1.1702127659574468,1.9722222222222223,1.0740740740740742,0.7142857142857143,1.0,0.6875,1.4107142857142858,0.6666666666666666
2251,1.5873015873015872,0.9259259259259259,1.1702127659574468,1.9722222222222223,1.0740740740740742,0.7142857142857143,1.0,0.6875,1.4107142857142858,0.6666666666666666,1.3636363636363635
2252,0.9259259259259259,1.1702127659574468,1.9722222222222223,1.0740740740740742,0.7142857142857143,1.0,0.6875,1.4107142857142858,0.6666666666666666,1.3636363636363635,1.15
2253,1.1702127659574468,1.9722222222222223,1.0740740740740742,0.7142857142857143,1.0,0.6875,1.4107142857142858,0.6666666666666666,1.3636363636363635,1.15,1.82
2254,1.9722222222222223,1.0740740740740742,0.7142857142857143,1.0,0.6875,1.4107142857142858,0.6666666666666666,1.3636363636363635,1.15,1.82,0.625
2255,1.0740740740740742,0.7142857142857143,1.0,0.6875,1.4107142857142858,0.6666666666666666,1.3636363636363635,1.15,1.82,0.625,3.1875
2256,0.7142857142857143,1.0,0.6875,1.4107142857142858,0.6666666666666666,1.3636363636363635,1.15,1.82,0.625,3.1875,1.2456140350877194
2257,1.0,0.6875,1.4107142857142858,0.6666666666666666,1.3636363636363635,1.15,1.82,0.625,3.1875,1.2456140350877194,1.3396226415094339
2258,0.6875,1.4107142857142858,0.6666666666666666,1.3636363636363635,1.15,1.82,0.625,3.1875,1.2456140350877194,1.3396226415094339,1.4727272727272727
2259,1.4107142857142858,0.6666666666666666,1.3636363636363635,1.15,1.82,0.625,3.1875,1.2456140350877194,1.3396226415094339,1.4727272727272727,1.12
2260,0.6666666666666666,1.3636363636363635,1.15,1.82,0.625,3.1875,1.2456140350877194,1.3396226415094339,1.4727272727272727,1.12,1.3636363636363635
2261,1.3636363636363635,1.15,1.82,0.625,3.1875,1.2456140350877194,1.3396226415094339,1.4727272727272727,1.12,1.3636363636363635,1.196078431372549
2262,1.15,1.82,0.625,3.1875,1.2456140350877194,1.3396226415094339,1.4727272727272727,1.12,1.3636363636363635,1.196078431372549,1.1538461538461537
2263,1.82,0.625,3.1875,1.2456140350877194,1.3396226415094339,1.4727272727272727,1.12,1.3636363636363635,1.196078431372549,1.1538461538461537,1.7166666666666666
2264,0.625,3.1875,1.2456140350877194,1.3396226415094339,1.4727272727272727,1.12,1.3636363636363635,1.196078431372549,1.1538461538461537,1.7166666666666666,1.3620689655172413
2265,3.1875,1.2456140350877194,1.3396226415094339,1.4727272727272727,1.12,1.3636363636363635,1.196078431372549,1.1538461538461537,1.7166666666666666,1.3620689655172413,1.2115384615384615
2266,1.2456140350877194,1.3396226415094339,1.4727272727272727,1.12,1.3636363636363635,1.196078431372549,1.1538461538461537,1.7166666666666666,1.3620689655172413,1.2115384615384615,0.8947368421052632
2267,1.3396226415094339,1.4727272727272727,1.12,1.3636363636363635,1.196078431372549,1.1538461538461537,1.7166666666666666,1.3620689655172413,1.2115384615384615,0.8947368421052632,1.2777777777777777
2268,1.0,1.125,1.2857142857142858,1.0,0.9642857142857143,1.0,0.0,0.9,0.0,2.0,1.0
2269,1.5555555555555556,1.0,2.357142857142857,0.5,1.4878048780487805,1.2857142857142858,0.9473684210526315,1.1428571428571428,1.15,0.0,0.0
2270,1.0,2.357142857142857,0.5,1.4878048780487805,1.2857142857142858,0.9473684210526315,1.1428571428571428,1.15,0.0,0.0,0.6923076923076923
2271,2.357142857142857,0.5,1.4878048780487805,1.2857142857142858,0.9473684210526315,1.1428571428571428,1.15,0.0,0.0,0.6923076923076923,0.2857142857142857
2272,0.5,1.4878048780487805,1.2857142857142858,0.9473684210526315,1.1428571428571428,1.15,0.0,0.0,0.6923076923076923,0.2857142857142857,1.8181818181818181
2273,1.4878048780487805,1.2857142857142858,0.9473684210526315,1.1428571428571428,1.15,0.0,0.0,0.6923076923076923,0.2857142857142857,1.8181818181818181,0.8571428571428571
2274,1.2857142857142858,0.9473684210526315,1.1428571428571428,1.15,0.0,0.0,0.6923076923076923,0.2857142857142857,1.8181818181818181,0.8571428571428571,1.0
2275,0.9473684210526315,1.1428571428571428,1.15,0.0,0.0,0.6923076923076923,0.2857142857142857,1.8181818181818181,0.8571428571428571,1.0,1.4285714285714286
2276,1.1428571428571428,1.15,0.0,0.0,0.6923076923076923,0.2857142857142857,1.8181818181818181,0.8571428571428571,1.0,1.4285714285714286,1.5
2277,1.15,0.0,0.0,0.6923076923076923,0.2857142857142857,1.8181818181818181,0.8571428571428571,1.0,1.4285714285714286,1.5,1.55
2278,0.0,0.0,0.6923076923076923,0.2857142857142857,1.8181818181818181,0.8571428571428571,1.0,1.4285714285714286,1.5,1.55,1.2857142857142858
2279,0.0,0.6923076923076923,0.2857142857142857,1.8181818181818181,0.8571428571428571,1.0,1.4285714285714286,1.5,1.55,1.2857142857142858,0.6923076923076923
2280,0.5172413793103449,1.1666666666666667,1.0,1.2,0.8333333333333334,1.1,0.75,1.0,0.5,1.3448275862068966,0.0
2281,1.1666666666666667,1.0,1.2,0.8333333333333334,1.1,0.75,1.0,0.5,1.3448275862068966,0.0,0.8888888888888888
2282,1.0,1.2,0.8333333333333334,1.1,0.75,1.0,0.5,1.3448275862068966,0.0,0.8888888888888888,0.5555555555555556
2283,1.2,0.8333333333333334,1.1,0.75,1.0,0.5,1.3448275862068966,0.0,0.8888888888888888,0.5555555555555556,0.25
2284,0.8333333333333334,1.1,0.75,1.0,0.5,1.3448275862068966,0.0,0.8888888888888888,0.5555555555555556,0.25,1.1666666666666667
2285,1.1,0.75,1.0,0.5,1.3448275862068966,0.0,0.8888888888888888,0.5555555555555556,0.25,1.1666666666666667,0.0
2286,0.75,1.0,0.5,1.3448275862068966,0.0,0.8888888888888888,0.5555555555555556,0.25,1.1666666666666667,0.0,1.25
2287,1.0,0.5,1.3448275862068966,0.0,0.8888888888888888,0.5555555555555556,0.25,1.1666666666666667,0.0,1.25,0.8333333333333334
2288,0.5,1.3448275862068966,0.0,0.8888888888888888,0.5555555555555556,0.25,1.1666666666666667,0.0,1.25,0.8333333333333334,0.0
2289,1.3448275862068966,0.0,0.8888888888888888,0.5555555555555556,0.25,1.1666666666666667,0.0,1.25,0.8333333333333334,0.0,0.3
2290,0.0,0.8888888888888888,0.5555555555555556,0.25,1.1666666666666667,0.0,1.25,0.8333333333333334,0.0,0.3,1.4193548387096775
2291,0.8888888888888888,0.5555555555555556,0.25,1.1666666666666667,0.0,1.25,0.8333333333333334,0.0,0.3,1.4193548387096775,0.6
2292,0.5555555555555556,0.25,1.1666666666666667,0.0,1.25,0.8333333333333334,0.0,0.3,1.4193548387096775,0.6,0.0
2293,0.25,1.1666666666666667,0.0,1.25,0.8333333333333334,0.0,0.3,1.4193548387096775,0.6,0.0,1.8571428571428572
2294,1.1666666666666667,0.0,1.25,0.8333333333333334,0.0,0.3,1.4193548387096775,0.6,0.0,1.8571428571428572,1.3157894736842106
2295,0.0,1.25,0.8333333333333334,0.0,0.3,1.4193548387096775,0.6,0.0,1.8571428571428572,1.3157894736842106,1.3076923076923077
2296,1.25,0.8333333333333334,0.0,0.3,1.4193548387096775,0.6,0.0,1.8571428571428572,1.3157894736842106,1.3076923076923077,1.5616438356164384
2297,0.8333333333333334,0.0,0.3,1.4193548387096775,0.6,0.0,1.8571428571428572,1.3157894736842106,1.3076923076923077,1.5616438356164384,0.16666666666666666
2298,0.0,0.3,1.4193548387096775,0.6,0.0,1.8571428571428572,1.3157894736842106,1.3076923076923077,1.5616438356164384,0.16666666666666666,1.2826086956521738
2299,0.3,1.4193548387096775,0.6,0.0,1.8571428571428572,1.3157894736842106,1.3076923076923077,1.5616438356164384,0.16666666666666666,1.2826086956521738,1.4
2300,1.4193548387096775,0.6,0.0,1.8571428571428572,1.3157894736842106,1.3076923076923077,1.5616438356164384,0.16666666666666666,1.2826086956521738,1.4,1.0769230769230769
2301,0.6,0.0,1.8571428571428572,1.3157894736842106,1.3076923076923077,1.5616438356164384,0.16666666666666666,1.2826086956521738,1.4,1.0769230769230769,0.9655172413793104
2302,0.0,1.8571428571428572,1.3157894736842106,1.3076923076923077,1.5616438356164384,0.16666666666666666,1.2826086956521738,1.4,1.0769230769230769,0.9655172413793104,0.0
2303,1.8571428571428572,1.3157894736842106,1.3076923076923077,1.5616438356164384,0.16666666666666666,1.2826086956521738,1.4,1.0769230769230769,0.9655172413793104,0.0,1.0
2304,1.3157894736842106,1.3076923076923077,1.5616438356164384,0.16666666666666666,1.2826086956521738,1.4,1.0769230769230769,0.9655172413793104,0.0,1.0,0.8260869565217391
2305,1.3076923076923077,1.5616438356164384,0.16666666666666666,1.2826086956521738,1.4,1.0769230769230769,0.9655172413793104,0.0,1.0,0.8260869565217391,0.0
2306,1.5616438356164384,0.16666666666666666,1.2826086956521738,1.4,1.0769230769230769,0.9655172413793104,0.0,1.0,0.8260869565217391,0.0,1.6666666666666667
2307,0.16666666666666666,1.2826086956521738,1.4,1.0769230769230769,0.9655172413793104,0.0,1.0,0.8260869565217391,0.0,1.6666666666666667,1.0833333333333333
2308,1.2826086956521738,1.4,1.0769230769230769,0.9655172413793104,0.0,1.0,0.8260869565217391,0.0,1.6666666666666667,1.0833333333333333,1.5333333333333334
2309,1.4,1.0769230769230769,0.9655172413793104,0.0,1.0,0.8260869565217391,0.0,1.6666666666666667,1.0833333333333333,1.5333333333333334,0.6666666666666666
2310,1.0769230769230769,0.9655172413793104,0.0,1.0,0.8260869565217391,0.0,1.6666666666666667,1.0833333333333333,1.5333333333333334,0.6666666666666666,1.4285714285714286
2311,0.9655172413793104,0.0,1.0,0.8260869565217391,0.0,1.6666666666666667,1.0833333333333333,1.5333333333333334,0.6666666666666666,1.4285714285714286,0.9375
2312,0.0,1.0,0.8260869565217391,0.0,1.6666666666666667,1.0833333333333333,1.5333333333333334,0.6666666666666666,1.4285714285714286,0.9375,1.3333333333333333
2313,1.0,0.8260869565217391,0.0,1.6666666666666667,1.0833333333333333,1.5333333333333334,0.6666666666666666,1.4285714285714286,0.9375,1.3333333333333333,0.7142857142857143
2314,0.8260869565217391,0.0,1.6666666666666667,1.0833333333333333,1.5333333333333334,0.6666666666666666,1.4285714285714286,0.9375,1.3333333333333333,0.7142857142857143,1.631578947368421
2315,0.0,1.6666666666666667,1.0833333333333333,1.5333333333333334,0.6666666666666666,1.4285714285714286,0.9375,1.3333333333333333,0.7142857142857143,1.631578947368421,0.75
2316,1.6666666666666667,1.0833333333333333,1.5333333333333334,0.6666666666666666,1.4285714285714286,0.9375,1.3333333333333333,0.7142857142857143,1.631578947368421,0.75,1.368421052631579
2317,1.0833333333333333,1.5333333333333334,0.6666666666666666,1.4285714285714286,0.9375,1.3333333333333333,0.7142857142857143,1.631578947368421,0.75,1.368421052631579,1.0303030303030303
2318,1.5333333333333334,0.6666666666666666,1.4285714285714286,0.9375,1.3333333333333333,0.7142857142857143,1.631578947368421,0.75,1.368421052631579,1.0303030303030303,1.1428571428571428
2319,0.6666666666666666,1.4285714285714286,0.9375,1.3333333333333333,0.7142857142857143,1.631578947368421,0.75,1.368421052631579,1.0303030303030303,1.1428571428571428,0.9743589743589743
2320,1.4285714285714286,0.9375,1.3333333333333333,0.7142857142857143,1.631578947368421,0.75,1.368421052631579,1.0303030303030303,1.1428571428571428,0.9743589743589743,3.0
2321,0.9375,1.3333333333333333,0.7142857142857143,1.631578947368421,0.75,1.368421052631579,1.0303030303030303,1.1428571428571428,0.9743589743589743,3.0,0.0
2322,1.3333333333333333,0.7142857142857143,1.631578947368421,0.75,1.368421052631579,1.0303030303030303,1.1428571428571428,0.9743589743589743,3.0,0.0,1.3333333333333333
2323,0.7142857142857143,1.631578947368421,0.75,1.368421052631579,1.0303030303030303,1.1428571428571428,0.9743589743589743,3.0,0.0,1.3333333333333333,1.05
2324,1.631578947368421,0.75,1.368421052631579,1.0303030303030303,1.1428571428571428,0.9743589743589743,3.0,0.0,1.3333333333333333,1.05,1.0666666666666667
2325,0.75,1.368421052631579,1.0303030303030303,1.1428571428571428,0.9743589743589743,3.0,0.0,1.3333333333333333,1.05,1.0666666666666667,1.2352941176470589
2326,1.368421052631579,1.0303030303030303,1.1428571428571428,0.9743589743589743,3.0,0.0,1.3333333333333333,1.05,1.0666666666666667,1.2352941176470589,0.8333333333333334
2327,1.0303030303030303,1.1428571428571428,0.9743589743589743,3.0,0.0,1.3333333333333333,1.05,1.0666666666666667,1.2352941176470589,0.8333333333333334,2.1666666666666665
2328,1.1428571428571428,0.9743589743589743,3.0,0.0,1.3333333333333333,1.05,1.0666666666666667,1.2352941176470589,0.8333333333333334,2.1666666666666665,1.1333333333333333
2329,0.9743589743589743,3.0,0.0,1.3333333333333333,1.05,1.0666666666666667,1.2352941176470589,0.8333333333333334,2.1666666666666665,1.1333333333333333,1.0
2330,3.0,0.0,1.3333333333333333,1.05,1.0666666666666667,1.2352941176470589,0.8333333333333334,2.1666666666666665,1.1333333333333333,1.0,0.7142857142857143
2331,0.0,1.3333333333333333,1.05,1.0666666666666667,1.2352941176470589,0.8333333333333334,2.1666666666666665,1.1333333333333333,1.0,0.7142857142857143,1.1578947368421053
2332,1.3333333333333333,1.05,1.0666666666666667,1.2352941176470589,0.8333333333333334,2.1666666666666665,1.1333333333333333,1.0,0.7142857142857143,1.1578947368421053,1.5333333333333334
2333,1.05,1.0666666666666667,1.2352941176470589,0.8333333333333334,2.1666666666666665,1.1333333333333333,1.0,0.7142857142857143,1.1578947368421053,1.5333333333333334,0.5
2334,1.0666666666666667,1.2352941176470589,0.8333333333333334,2.1666666666666665,1.1333333333333333,1.0,0.7142857142857143,1.1578947368421053,1.5333333333333334,0.5,
2335,1.2352941176470589,0.8333333333333334,2.1666666666666665,1.1333333333333333,1.0,0.7142857142857143,1.1578947368421053,1.5333333333333334,0.5,,2.0
2336,0.8333333333333334,2.1666666666666665,1.1333333333333333,1.0,0.7142857142857143,1.1578947368421053,1.5333333333333334,0.5,,2.0,1.375
2337,2.1666666666666665,1.1333333333333333,1.0,0.7142857142857143,1.1578947368421053,1.5333333333333334,0.5,,2.0,1.375,0.75
2338,1.1333333333333333,1.0,0.7142857142857143,1.1578947368421053,1.5333333333333334,0.5,,2.0,1.375,0.75,1.2692307692307692
2339,1.0,0.7142857142857143,1.1578947368421053,1.5333333333333334,0.5,,2.0,1.375,0.75,1.2692307692307692,1.4666666666666666
2340,0.7142857142857143,1.1578947368421053,1.5333333333333334,0.5,,2.0,1.375,0.75,1.2692307692307692,1.4666666666666666,1.0
2341,1.1578947368421053,1.5333333333333334,0.5,,2.0,1.375,0.75,1.2692307692307692,1.4666666666666666,1.0,1.0
2342,1.5333333333333334,0.5,,2.0,1.375,0.75,1.2692307692307692,1.4666666666666666,1.0,1.0,1.793103448275862
2343,0.5,,2.0,1.375,0.75,1.2692307692307692,1.4666666666666666,1.0,1.0,1.793103448275862,0.36363636363636365
2344,,2.0,1.375,0.75,1.2692307692307692,1.4666666666666666,1.0,1.0,1.793103448275862,0.36363636363636365,1.1363636363636365
2345,2.0,1.375,0.75,1.2692307692307692,1.4666666666666666,1.0,1.0,1.793103448275862,0.36363636363636365,1.1363636363636365,1.6
2346,1.375,0.75,1.2692307692307692,1.4666666666666666,1.0,1.0,1.793103448275862,0.36363636363636365,1.1363636363636365,1.6,0.8571428571428571
2347,0.75,1.2692307692307692,1.4666666666666666,1.0,1.0,1.793103448275862,0.36363636363636365,1.1363636363636365,1.6,0.8571428571428571,1.3863636363636365
2348,1.2692307692307692,1.4666666666666666,1.0,1.0,1.793103448275862,0.36363636363636365,1.1363636363636365,1.6,0.8571428571428571,1.3863636363636365,0.9130434782608695
2349,1.4666666666666666,1.0,1.0,1.793103448275862,0.36363636363636365,1.1363636363636365,1.6,0.8571428571428571,1.3863636363636365,0.9130434782608695,1.125
2350,1.0,1.0,1.793103448275862,0.36363636363636365,1.1363636363636365,1.6,0.8571428571428571,1.3863636363636365,0.9130434782608695,1.125,1.4042553191489362
2351,1.0,1.793103448275862,0.36363636363636365,1.1363636363636365,1.6,0.8571428571428571,1.3863636363636365,0.9130434782608695,1.125,1.4042553191489362,1.09375
2352,1.793103448275862,0.36363636363636365,1.1363636363636365,1.6,0.8571428571428571,1.3863636363636365,0.9130434782608695,1.125,1.4042553191489362,1.09375,1.6666666666666667
2353,0.36363636363636365,1.1363636363636365,1.6,0.8571428571428571,1.3863636363636365,0.9130434782608695,1.125,1.4042553191489362,1.09375,1.6666666666666667,0.0
2354,1.1363636363636365,1.6,0.8571428571428571,1.3863636363636365,0.9130434782608695,1.125,1.4042553191489362,1.09375,1.6666666666666667,0.0,0.3333333333333333
2355,1.6,0.8571428571428571,1.3863636363636365,0.9130434782608695,1.125,1.4042553191489362,1.09375,1.6666666666666667,0.0,0.3333333333333333,1.1428571428571428
2356,0.8571428571428571,1.3863636363636365,0.9130434782608695,1.125,1.4042553191489362,1.09375,1.6666666666666667,0.0,0.3333333333333333,1.1428571428571428,1.3902439024390243
2357,1.3863636363636365,0.9130434782608695,1.125,1.4042553191489362,1.09375,1.6666666666666667,0.0,0.3333333333333333,1.1428571428571428,1.3902439024390243,1.08
2358,0.9130434782608695,1.125,1.4042553191489362,1.09375,1.6666666666666667,0.0,0.3333333333333333,1.1428571428571428,1.3902439024390243,1.08,0.3333333333333333
2359,1.125,1.4042553191489362,1.09375,1.6666666666666667,0.0,0.3333333333333333,1.1428571428571428,1.3902439024390243,1.08,0.3333333333333333,1.6944444444444444
2360,1.4042553191489362,1.09375,1.6666666666666667,0.0,0.3333333333333333,1.1428571428571428,1.3902439024390243,1.08,0.3333333333333333,1.6944444444444444,0.5652173913043478
2361,1.09375,1.6666666666666667,0.0,0.3333333333333333,1.1428571428571428,1.3902439024390243,1.08,0.3333333333333333,1.6944444444444444,0.5652173913043478,0.967741935483871
2362,1.6666666666666667,0.0,0.3333333333333333,1.1428571428571428,1.3902439024390243,1.08,0.3333333333333333,1.6944444444444444,0.5652173913043478,0.967741935483871,0.5
2363,0.0,0.3333333333333333,1.1428571428571428,1.3902439024390243,1.08,0.3333333333333333,1.6944444444444444,0.5652173913043478,0.967741935483871,0.5,1.9285714285714286
2364,0.3333333333333333,1.1428571428571428,1.3902439024390243,1.08,0.3333333333333333,1.6944444444444444,0.5652173913043478,0.967741935483871,0.5,1.9285714285714286,2.5
2365,1.1428571428571428,1.3902439024390243,1.08,0.3333333333333333,1.6944444444444444,0.5652173913043478,0.967741935483871,0.5,1.9285714285714286,2.5,1.15625
2366,1.3902439024390243,1.08,0.3333333333333333,1.6944444444444444,0.5652173913043478,0.967741935483871,0.5,1.9285714285714286,2.5,1.15625,0.25
2367,1.08,0.3333333333333333,1.6944444444444444,0.5652173913043478,0.967741935483871,0.5,1.9285714285714286,2.5,1.15625,0.25,0.9310344827586207
2368,0.3333333333333333,1.6944444444444444,0.5652173913043478,0.967741935483871,0.5,1.9285714285714286,2.5,1.15625,0.25,0.9310344827586207,1.4814814814814814
2369,1.6944444444444444,0.5652173913043478,0.967741935483871,0.5,1.9285714285714286,2.5,1.15625,0.25,0.9310344827586207,1.4814814814814814,1.2075471698113207
2370,0.5652173913043478,0.967741935483871,0.5,1.9285714285714286,2.5,1.15625,0.25,0.9310344827586207,1.4814814814814814,1.2075471698113207,0.6666666666666666
2371,0.967741935483871,0.5,1.9285714285714286,2.5,1.15625,0.25,0.9310344827586207,1.4814814814814814,1.2075471698113207,0.6666666666666666,1.25
2372,0.5,1.9285714285714286,2.5,1.15625,0.25,0.9310344827586207,1.4814814814814814,1.2075471698113207,0.6666666666666666,1.25,0.8
2373,1.9285714285714286,2.5,1.15625,0.25,0.9310344827586207,1.4814814814814814,1.2075471698113207,0.6666666666666666,1.25,0.8,1.0285714285714285
2374,2.5,1.15625,0.25,0.9310344827586207,1.4814814814814814,1.2075471698113207,0.6666666666666666,1.25,0.8,1.0285714285714285,1.05
2375,1.15625,0.25,0.9310344827586207,1.4814814814814814,1.2075471698113207,0.6666666666666666,1.25,0.8,1.0285714285714285,1.05,1.0909090909090908
2376,0.25,0.9310344827586207,1.4814814814814814,1.2075471698113207,0.6666666666666666,1.25,0.8,1.0285714285714285,1.05,1.0909090909090908,1.5625
2377,0.9310344827586207,1.4814814814814814,1.2075471698113207,0.6666666666666666,1.25,0.8,1.0285714285714285,1.05,1.0909090909090908,1.5625,0.782608695652174
2378,1.4814814814814814,1.2075471698113207,0.6666666666666666,1.25,0.8,1.0285714285714285,1.05,1.0909090909090908,1.5625,0.782608695652174,0.7692307692307693
2379,1.2075471698113207,0.6666666666666666,1.25,0.8,1.0285714285714285,1.05,1.0909090909090908,1.5625,0.782608695652174,0.7692307692307693,0.0
2380,0.6666666666666666,1.25,0.8,1.0285714285714285,1.05,1.0909090909090908,1.5625,0.782608695652174,0.7692307692307693,0.0,0.0
2381,1.25,0.8,1.0285714285714285,1.05,1.0909090909090908,1.5625,0.782608695652174,0.7692307692307693,0.0,0.0,1.0
2382,0.8,1.0285714285714285,1.05,1.0909090909090908,1.5625,0.782608695652174,0.7692307692307693,0.0,0.0,1.0,0.0
2383,1.0285714285714285,1.05,1.0909090909090908,1.5625,0.782608695652174,0.7692307692307693,0.0,0.0,1.0,0.0,0.5
2384,1.05,1.0909090909090908,1.5625,0.782608695652174,0.7692307692307693,0.0,0.0,1.0,0.0,0.5,1.6938775510204083
2385,1.0909090909090908,1.5625,0.782608695652174,0.7692307692307693,0.0,0.0,1.0,0.0,0.5,1.6938775510204083,1.380952380952381
2386,1.5625,0.782608695652174,0.7692307692307693,0.0,0.0,1.0,0.0,0.5,1.6938775510204083,1.380952380952381,1.3333333333333333
2387,0.782608695652174,0.7692307692307693,0.0,0.0,1.0,0.0,0.5,1.6938775510204083,1.380952380952381,1.3333333333333333,0.5172413793103449
2388,0.7692307692307693,0.0,0.0,1.0,0.0,0.5,1.6938775510204083,1.380952380952381,1.3333333333333333,0.5172413793103449,1.5789473684210527
2389,0.0,0.0,1.0,0.0,0.5,1.6938775510204083,1.380952380952381,1.3333333333333333,0.5172413793103449,1.5789473684210527,0.5
2390,0.0,1.0,0.0,0.5,1.6938775510204083,1.380952380952381,1.3333333333333333,0.5172413793103449,1.5789473684210527,0.5,1.5
2391,1.0,0.0,0.5,1.6938775510204083,1.380952380952381,1.3333333333333333,0.5172413793103449,1.5789473684210527,0.5,1.5,0.2857142857142857
2392,0.0,0.5,1.6938775510204083,1.380952380952381,1.3333333333333333,0.5172413793103449,1.5789473684210527,0.5,1.5,0.2857142857142857,1.55
2393,0.5,1.6938775510204083,1.380952380952381,1.3333333333333333,0.5172413793103449,1.5789473684210527,0.5,1.5,0.2857142857142857,1.55,1.6829268292682926
2394,1.6938775510204083,1.380952380952381,1.3333333333333333,0.5172413793103449,1.5789473684210527,0.5,1.5,0.2857142857142857,1.55,1.6829268292682926,1.0625
2395,1.380952380952381,1.3333333333333333,0.5172413793103449,1.5789473684210527,0.5,1.5,0.2857142857142857,1.55,1.6829268292682926,1.0625,1.44
2396,1.3333333333333333,0.5172413793103449,1.5789473684210527,0.5,1.5,0.2857142857142857,1.55,1.6829268292682926,1.0625,1.44,1.5
2397,0.5172413793103449,1.5789473684210527,0.5,1.5,0.2857142857142857,1.55,1.6829268292682926,1.0625,1.44,1.5,1.3421052631578947
2398,1.5789473684210527,0.5,1.5,0.2857142857142857,1.55,1.6829268292682926,1.0625,1.44,1.5,1.3421052631578947,1.15
2399,0.5,1.5,0.2857142857142857,1.55,1.6829268292682926,1.0625,1.44,1.5,1.3421052631578947,1.15,1.6
2400,1.5,0.2857142857142857,1.55,1.6829268292682926,1.0625,1.44,1.5,1.3421052631578947,1.15,1.6,1.2857142857142858
2401,0.2857142857142857,1.55,1.6829268292682926,1.0625,1.44,1.5,1.3421052631578947,1.15,1.6,1.2857142857142858,0.7619047619047619
2402,1.55,1.6829268292682926,1.0625,1.44,1.5,1.3421052631578947,1.15,1.6,1.2857142857142858,0.7619047619047619,1.16
2403,1.6829268292682926,1.0625,1.44,1.5,1.3421052631578947,1.15,1.6,1.2857142857142858,0.7619047619047619,1.16,1.375
2404,1.0625,1.44,1.5,1.3421052631578947,1.15,1.6,1.2857142857142858,0.7619047619047619,1.16,1.375,1.2272727272727273
2405,1.44,1.5,1.3421052631578947,1.15,1.6,1.2857142857142858,0.7619047619047619,1.16,1.375,1.2272727272727273,1.8043478260869565
2406,1.5,1.3421052631578947,1.15,1.6,1.2857142857142858,0.7619047619047619,1.16,1.375,1.2272727272727273,1.8043478260869565,0.6428571428571429
2407,1.3421052631578947,1.15,1.6,1.2857142857142858,0.7619047619047619,1.16,1.375,1.2272727272727273,1.8043478260869565,0.6428571428571429,0.0
2408,1.15,1.6,1.2857142857142858,0.7619047619047619,1.16,1.375,1.2272727272727273,1.8043478260869565,0.6428571428571429,0.0,1.3142857142857143
2409,1.6,1.2857142857142858,0.7619047619047619,1.16,1.375,1.2272727272727273,1.8043478260869565,0.6428571428571429,0.0,1.3142857142857143,0.0
2410,1.2857142857142858,0.7619047619047619,1.16,1.375,1.2272727272727273,1.8043478260869565,0.6428571428571429,0.0,1.3142857142857143,0.0,1.4545454545454546
2411,0.7619047619047619,1.16,1.375,1.2272727272727273,1.8043478260869565,0.6428571428571429,0.0,1.3142857142857143,0.0,1.4545454545454546,1.3448275862068966
2412,1.16,1.375,1.2272727272727273,1.8043478260869565,0.6428571428571429,0.0,1.3142857142857143,0.0,1.4545454545454546,1.3448275862068966,1.7234042553191489
2413,1.375,1.2272727272727273,1.8043478260869565,0.6428571428571429,0.0,1.3142857142857143,0.0,1.4545454545454546,1.3448275862068966,1.7234042553191489,1.2666666666666666
2414,1.2272727272727273,1.8043478260869565,0.6428571428571429,0.0,1.3142857142857143,0.0,1.4545454545454546,1.3448275862068966,1.7234042553191489,1.2666666666666666,1.3333333333333333
2415,1.8043478260869565,0.6428571428571429,0.0,1.3142857142857143,0.0,1.4545454545454546,1.3448275862068966,1.7234042553191489,1.2666666666666666,1.3333333333333333,0.7142857142857143
2416,0.6428571428571429,0.0,1.3142857142857143,0.0,1.4545454545454546,1.3448275862068966,1.7234042553191489,1.2666666666666666,1.3333333333333333,0.7142857142857143,1.3103448275862069
2417,0.0,1.3142857142857143,0.0,1.4545454545454546,1.3448275862068966,1.7234042553191489,1.2666666666666666,1.3333333333333333,0.7142857142857143,1.3103448275862069,1.88
2418,1.3142857142857143,0.0,1.4545454545454546,1.3448275862068966,1.7234042553191489,1.2666666666666666,1.3333333333333333,0.7142857142857143,1.3103448275862069,1.88,0.2857142857142857
2419,0.0,1.4545454545454546,1.3448275862068966,1.7234042553191489,1.2666666666666666,1.3333333333333333,0.7142857142857143,1.3103448275862069,1.88,0.2857142857142857,1.326086956521739
2420,1.4545454545454546,1.3448275862068966,1.7234042553191489,1.2666666666666666,1.3333333333333333,0.7142857142857143,1.3103448275862069,1.88,0.2857142857142857,1.326086956521739,1.4615384615384615
2421,1.3448275862068966,1.7234042553191489,1.2666666666666666,1.3333333333333333,0.7142857142857143,1.3103448275862069,1.88,0.2857142857142857,1.326086956521739,1.4615384615384615,1.4285714285714286
2422,1.7234042553191489,1.2666666666666666,1.3333333333333333,0.7142857142857143,1.3103448275862069,1.88,0.2857142857142857,1.326086956521739,1.4615384615384615,1.4285714285714286,0.7142857142857143
2423,1.2666666666666666,1.3333333333333333,0.7142857142857143,1.3103448275862069,1.88,0.2857142857142857,1.326086956521739,1.4615384615384615,1.4285714285714286,0.7142857142857143,1.263157894736842
2424,1.3333333333333333,0.7142857142857143,1.3103448275862069,1.88,0.2857142857142857,1.326086956521739,1.4615384615384615,1.4285714285714286,0.7142857142857143,1.263157894736842,1.6428571428571428
2425,0.7142857142857143,1.3103448275862069,1.88,0.2857142857142857,1.326086956521739,1.4615384615384615,1.4285714285714286,0.7142857142857143,1.263157894736842,1.6428571428571428,1.3714285714285714
2426,1.3103448275862069,1.88,0.2857142857142857,1.326086956521739,1.4615384615384615,1.4285714285714286,0.7142857142857143,1.263157894736842,1.6428571428571428,1.3714285714285714,0.7692307692307693
2427,1.5,0.75,1.5833333333333333,1.3333333333333333,1.6666666666666667,1.9375,1.7222222222222223,1.0,1.7241379310344827,0.7777777777777778,0.625
2428,0.75,1.5833333333333333,1.3333333333333333,1.6666666666666667,1.9375,1.7222222222222223,1.0,1.7241379310344827,0.7777777777777778,0.625,0.0
2429,1.5833333333333333,1.3333333333333333,1.6666666666666667,1.9375,1.7222222222222223,1.0,1.7241379310344827,0.7777777777777778,0.625,0.0,1.0
2430,1.3333333333333333,1.6666666666666667,1.9375,1.7222222222222223,1.0,1.7241379310344827,0.7777777777777778,0.625,0.0,1.0,1.3333333333333333
2431,1.6666666666666667,1.9375,1.7222222222222223,1.0,1.7241379310344827,0.7777777777777778,0.625,0.0,1.0,1.3333333333333333,1.1379310344827587
2432,1.9375,1.7222222222222223,1.0,1.7241379310344827,0.7777777777777778,0.625,0.0,1.0,1.3333333333333333,1.1379310344827587,1.5714285714285714
2433,1.7222222222222223,1.0,1.7241379310344827,0.7777777777777778,0.625,0.0,1.0,1.3333333333333333,1.1379310344827587,1.5714285714285714,1.864864864864865
2434,1.0,1.7241379310344827,0.7777777777777778,0.625,0.0,1.0,1.3333333333333333,1.1379310344827587,1.5714285714285714,1.864864864864865,1.3333333333333333
2435,1.7241379310344827,0.7777777777777778,0.625,0.0,1.0,1.3333333333333333,1.1379310344827587,1.5714285714285714,1.864864864864865,1.3333333333333333,0.5
2436,0.7777777777777778,0.625,0.0,1.0,1.3333333333333333,1.1379310344827587,1.5714285714285714,1.864864864864865,1.3333333333333333,0.5,0.5
2437,0.625,0.0,1.0,1.3333333333333333,1.1379310344827587,1.5714285714285714,1.864864864864865,1.3333333333333333,0.5,0.5,1.1111111111111112
2438,0.0,1.0,1.3333333333333333,1.1379310344827587,1.5714285714285714,1.864864864864865,1.3333333333333333,0.5,0.5,1.1111111111111112,4.0
2439,1.0,1.3333333333333333,1.1379310344827587,1.5714285714285714,1.864864864864865,1.3333333333333333,0.5,0.5,1.1111111111111112,4.0,1.1071428571428572
2440,1.3333333333333333,1.1379310344827587,1.5714285714285714,1.864864864864865,1.3333333333333333,0.5,0.5,1.1111111111111112,4.0,1.1071428571428572,0.0
2441,1.1379310344827587,1.5714285714285714,1.864864864864865,1.3333333333333333,0.5,0.5,1.1111111111111112,4.0,1.1071428571428572,0.0,1.8125
2442,1.5714285714285714,1.864864864864865,1.3333333333333333,0.5,0.5,1.1111111111111112,4.0,1.1071428571428572,0.0,1.8125,1.0
2443,1.864864864864865,1.3333333333333333,0.5,0.5,1.1111111111111112,4.0,1.1071428571428572,0.0,1.8125,1.0,1.85
2444,1.3333333333333333,0.5,0.5,1.1111111111111112,4.0,1.1071428571428572,0.0,1.8125,1.0,1.85,0.8181818181818182
2445,0.5,0.5,1.1111111111111112,4.0,1.1071428571428572,0.0,1.8125,1.0,1.85,0.8181818181818182,0.25
2446,0.5,1.1111111111111112,4.0,1.1071428571428572,0.0,1.8125,1.0,1.85,0.8181818181818182,0.25,1.125
2447,1.1111111111111112,4.0,1.1071428571428572,0.0,1.8125,1.0,1.85,0.8181818181818182,0.25,1.125,0.8181818181818182
2448,4.0,1.1071428571428572,0.0,1.8125,1.0,1.85,0.8181818181818182,0.25,1.125,0.8181818181818182,1.2857142857142858
2449,1.1071428571428572,0.0,1.8125,1.0,1.85,0.8181818181818182,0.25,1.125,0.8181818181818182,1.2857142857142858,0.5833333333333334
2450,0.0,1.8125,1.0,1.85,0.8181818181818182,0.25,1.125,0.8181818181818182,1.2857142857142858,0.5833333333333334,1.2727272727272727
2451,1.8125,1.0,1.85,0.8181818181818182,0.25,1.125,0.8181818181818182,1.2857142857142858,0.5833333333333334,1.2727272727272727,0.8888888888888888
2452,1.0,1.85,0.8181818181818182,0.25,1.125,0.8181818181818182,1.2857142857142858,0.5833333333333334,1.2727272727272727,0.8888888888888888,0.6842105263157895
2453,1.85,0.8181818181818182,0.25,1.125,0.8181818181818182,1.2857142857142858,0.5833333333333334,1.2727272727272727,0.8888888888888888,0.6842105263157895,1.0
2454,0.8181818181818182,0.25,1.125,0.8181818181818182,1.2857142857142858,0.5833333333333334,1.2727272727272727,0.8888888888888888,0.6842105263157895,1.0,0.6
2455,0.25,1.125,0.8181818181818182,1.2857142857142858,0.5833333333333334,1.2727272727272727,0.8888888888888888,0.6842105263157895,1.0,0.6,1.0
2456,1.125,0.8181818181818182,1.2857142857142858,0.5833333333333334,1.2727272727272727,0.8888888888888888,0.6842105263157895,1.0,0.6,1.0,1.6666666666666667
2457,0.8181818181818182,1.2857142857142858,0.5833333333333334,1.2727272727272727,0.8888888888888888,0.6842105263157895,1.0,0.6,1.0,1.6666666666666667,1.0666666666666667
2458,1.2857142857142858,0.5833333333333334,1.2727272727272727,0.8888888888888888,0.6842105263157895,1.0,0.6,1.0,1.6666666666666667,1.0666666666666667,0.0
2459,0.5833333333333334,1.2727272727272727,0.8888888888888888,0.6842105263157895,1.0,0.6,1.0,1.6666666666666667,1.0666666666666667,0.0,1.0
2460,1.2727272727272727,0.8888888888888888,0.6842105263157895,1.0,0.6,1.0,1.6666666666666667,1.0666666666666667,0.0,1.0,1.6666666666666667
2461,0.8888888888888888,0.6842105263157895,1.0,0.6,1.0,1.6666666666666667,1.0666666666666667,0.0,1.0,1.6666666666666667,0.5833333333333334
2462,0.6842105263157895,1.0,0.6,1.0,1.6666666666666667,1.0666666666666667,0.0,1.0,1.6666666666666667,0.5833333333333334,1.3157894736842106
2463,1.0,0.6,1.0,1.6666666666666667,1.0666666666666667,0.0,1.0,1.6666666666666667,0.5833333333333334,1.3157894736842106,0.45454545454545453
2464,0.6,1.0,1.6666666666666667,1.0666666666666667,0.0,1.0,1.6666666666666667,0.5833333333333334,1.3157894736842106,0.45454545454545453,2.375
2465,1.0,1.6666666666666667,1.0666666666666667,0.0,1.0,1.6666666666666667,0.5833333333333334,1.3157894736842106,0.45454545454545453,2.375,1.0
2466,1.6666666666666667,1.0666666666666667,0.0,1.0,1.6666666666666667,0.5833333333333334,1.3157894736842106,0.45454545454545453,2.375,1.0,1.0952380952380953
2467,1.0666666666666667,0.0,1.0,1.6666666666666667,0.5833333333333334,1.3157894736842106,0.45454545454545453,2.375,1.0,1.0952380952380953,2.0
2468,0.0,1.0,1.6666666666666667,0.5833333333333334,1.3157894736842106,0.45454545454545453,2.375,1.0,1.0952380952380953,2.0,1.0
2469,1.0,1.6666666666666667,0.5833333333333334,1.3157894736842106,0.45454545454545453,2.375,1.0,1.0952380952380953,2.0,1.0,2.6666666666666665
2470,1.6666666666666667,0.5833333333333334,1.3157894736842106,0.45454545454545453,2.375,1.0,1.0952380952380953,2.0,1.0,2.6666666666666665,0.16666666666666666
2471,0.5833333333333334,1.3157894736842106,0.45454545454545453,2.375,1.0,1.0952380952380953,2.0,1.0,2.6666666666666665,0.16666666666666666,1.4
2472,1.3157894736842106,0.45454545454545453,2.375,1.0,1.0952380952380953,2.0,1.0,2.6666666666666665,0.16666666666666666,1.4,1.4
2473,0.45454545454545453,2.375,1.0,1.0952380952380953,2.0,1.0,2.6666666666666665,0.16666666666666666,1.4,1.4,0.0
2474,2.375,1.0,1.0952380952380953,2.0,1.0,2.6666666666666665,0.16666666666666666,1.4,1.4,0.0,0.7941176470588235
2475,1.0,1.0952380952380953,2.0,1.0,2.6666666666666665,0.16666666666666666,1.4,1.4,0.0,0.7941176470588235,1.0909090909090908
2476,1.0952380952380953,2.0,1.0,2.6666666666666665,0.16666666666666666,1.4,1.4,0.0,0.7941176470588235,1.0909090909090908,1.0740740740740742
2477,2.0,1.0,2.6666666666666665,0.16666666666666666,1.4,1.4,0.0,0.7941176470588235,1.0909090909090908,1.0740740740740742,0.5
2478,1.0,2.6666666666666665,0.16666666666666666,1.4,1.4,0.0,0.7941176470588235,1.0909090909090908,1.0740740740740742,0.5,1.1
2479,2.6666666666666665,0.16666666666666666,1.4,1.4,0.0,0.7941176470588235,1.0909090909090908,1.0740740740740742,0.5,1.1,0.5454545454545454
2480,0.16666666666666666,1.4,1.4,0.0,0.7941176470588235,1.0909090909090908,1.0740740740740742,0.5,1.1,0.5454545454545454,0.0
2481,1.4,1.4,0.0,0.7941176470588235,1.0909090909090908,1.0740740740740742,0.5,1.1,0.5454545454545454,0.0,0.3
2482,1.4,0.0,0.7941176470588235,1.0909090909090908,1.0740740740740742,0.5,1.1,0.5454545454545454,0.0,0.3,0.5714285714285714
2483,0.0,0.7941176470588235,1.0909090909090908,1.0740740740740742,0.5,1.1,0.5454545454545454,0.0,0.3,0.5714285714285714,1.0
2484,0.7941176470588235,1.0909090909090908,1.0740740740740742,0.5,1.1,0.5454545454545454,0.0,0.3,0.5714285714285714,1.0,0.375
2485,1.0909090909090908,1.0740740740740742,0.5,1.1,0.5454545454545454,0.0,0.3,0.5714285714285714,1.0,0.375,1.0
2486,1.0740740740740742,0.5,1.1,0.5454545454545454,0.0,0.3,0.5714285714285714,1.0,0.375,1.0,1.2
2487,0.5,1.1,0.5454545454545454,0.0,0.3,0.5714285714285714,1.0,0.375,1.0,1.2,1.0909090909090908
2488,1.1,0.5454545454545454,0.0,0.3,0.5714285714285714,1.0,0.375,1.0,1.2,1.0909090909090908,1.0
2489,0.5454545454545454,0.0,0.3,0.5714285714285714,1.0,0.375,1.0,1.2,1.0909090909090908,1.0,1.6111111111111112
2490,0.0,0.3,0.5714285714285714,1.0,0.375,1.0,1.2,1.0909090909090908,1.0,1.6111111111111112,1.0
2491,0.3,0.5714285714285714,1.0,0.375,1.0,1.2,1.0909090909090908,1.0,1.6111111111111112,1.0,0.5555555555555556
2492,0.5714285714285714,1.0,0.375,1.0,1.2,1.0909090909090908,1.0,1.6111111111111112,1.0,0.5555555555555556,0.0
2493,1.0,0.375,1.0,1.2,1.0909090909090908,1.0,1.6111111111111112,1.0,0.5555555555555556,0.0,1.8529411764705883
2494,0.375,1.0,1.2,1.0909090909090908,1.0,1.6111111111111112,1.0,0.5555555555555556,0.0,1.8529411764705883,3.0
2495,1.0,1.2,1.0909090909090908,1.0,1.6111111111111112,1.0,0.5555555555555556,0.0,1.8529411764705883,3.0,1.375
2496,1.2,1.0909090909090908,1.0,1.6111111111111112,1.0,0.5555555555555556,0.0,1.8529411764705883,3.0,1.375,1.2380952380952381
2497,1.0909090909090908,1.0,1.6111111111111112,1.0,0.5555555555555556,0.0,1.8529411764705883,3.0,1.375,1.2380952380952381,1.7333333333333334
2498,1.1,0.25,1.2903225806451613,1.1764705882352942,1.1470588235294117,1.48,0.5,1.6122448979591837,1.4464285714285714,1.1851851851851851,0.0
2499,0.25,1.2903225806451613,1.1764705882352942,1.1470588235294117,1.48,0.5,1.6122448979591837,1.4464285714285714,1.1851851851851851,0.0,1.297872340425532
2500,1.2903225806451613,1.1764705882352942,1.1470588235294117,1.48,0.5,1.6122448979591837,1.4464285714285714,1.1851851851851851,0.0,1.297872340425532,1.2647058823529411
2501,1.1764705882352942,1.1470588235294117,1.48,0.5,1.6122448979591837,1.4464285714285714,1.1851851851851851,0.0,1.297872340425532,1.2647058823529411,1.1428571428571428
2502,1.1470588235294117,1.48,0.5,1.6122448979591837,1.4464285714285714,1.1851851851851851,0.0,1.297872340425532,1.2647058823529411,1.1428571428571428,1.25
2503,1.48,0.5,1.6122448979591837,1.4464285714285714,1.1851851851851851,0.0,1.297872340425532,1.2647058823529411,1.1428571428571428,1.25,1.5294117647058822
2504,0.5,1.6122448979591837,1.4464285714285714,1.1851851851851851,0.0,1.297872340425532,1.2647058823529411,1.1428571428571428,1.25,1.5294117647058822,0.8
2505,1.6122448979591837,1.4464285714285714,1.1851851851851851,0.0,1.297872340425532,1.2647058823529411,1.1428571428571428,1.25,1.5294117647058822,0.8,2.0
2506,1.4464285714285714,1.1851851851851851,0.0,1.297872340425532,1.2647058823529411,1.1428571428571428,1.25,1.5294117647058822,0.8,2.0,0.8571428571428571
2507,1.1851851851851851,0.0,1.297872340425532,1.2647058823529411,1.1428571428571428,1.25,1.5294117647058822,0.8,2.0,0.8571428571428571,1.3548387096774193
2508,0.0,1.297872340425532,1.2647058823529411,1.1428571428571428,1.25,1.5294117647058822,0.8,2.0,0.8571428571428571,1.3548387096774193,1.3043478260869565
2509,1.297872340425532,1.2647058823529411,1.1428571428571428,1.25,1.5294117647058822,0.8,2.0,0.8571428571428571,1.3548387096774193,1.3043478260869565,0.3333333333333333
2510,1.2647058823529411,1.1428571428571428,1.25,1.5294117647058822,0.8,2.0,0.8571428571428571,1.3548387096774193,1.3043478260869565,0.3333333333333333,0.8571428571428571
2511,1.1428571428571428,1.25,1.5294117647058822,0.8,2.0,0.8571428571428571,1.3548387096774193,1.3043478260869565,0.3333333333333333,0.8571428571428571,1.6904761904761905
2512,1.25,1.5294117647058822,0.8,2.0,0.8571428571428571,1.3548387096774193,1.3043478260869565,0.3333333333333333,0.8571428571428571,1.6904761904761905,2.0652173913043477
2513,1.5294117647058822,0.8,2.0,0.8571428571428571,1.3548387096774193,1.3043478260869565,0.3333333333333333,0.8571428571428571,1.6904761904761905,2.0652173913043477,0.7142857142857143
2514,0.8,2.0,0.8571428571428571,1.3548387096774193,1.3043478260869565,0.3333333333333333,0.8571428571428571,1.6904761904761905,2.0652173913043477,0.7142857142857143,1.4482758620689655
2515,2.0,0.8571428571428571,1.3548387096774193,1.3043478260869565,0.3333333333333333,0.8571428571428571,1.6904761904761905,2.0652173913043477,0.7142857142857143,1.4482758620689655,1.6428571428571428
2516,0.8571428571428571,1.3548387096774193,1.3043478260869565,0.3333333333333333,0.8571428571428571,1.6904761904761905,2.0652173913043477,0.7142857142857143,1.4482758620689655,1.6428571428571428,1.625
2517,1.3548387096774193,1.3043478260869565,0.3333333333333333,0.8571428571428571,1.6904761904761905,2.0652173913043477,0.7142857142857143,1.4482758620689655,1.6428571428571428,1.625,1.1666666666666667
2518,1.3043478260869565,0.3333333333333333,0.8571428571428571,1.6904761904761905,2.0652173913043477,0.7142857142857143,1.4482758620689655,1.6428571428571428,1.625,1.1666666666666667,0.16666666666666666
2519,0.3333333333333333,0.8571428571428571,1.6904761904761905,2.0652173913043477,0.7142857142857143,1.4482758620689655,1.6428571428571428,1.625,1.1666666666666667,0.16666666666666666,1.1
2520,0.8571428571428571,1.6904761904761905,2.0652173913043477,0.7142857142857143,1.4482758620689655,1.6428571428571428,1.625,1.1666666666666667,0.16666666666666666,1.1,1.0227272727272727
2521,1.6904761904761905,2.0652173913043477,0.7142857142857143,1.4482758620689655,1.6428571428571428,1.625,1.1666666666666667,0.16666666666666666,1.1,1.0227272727272727,1.203125
2522,2.0652173913043477,0.7142857142857143,1.4482758620689655,1.6428571428571428,1.625,1.1666666666666667,0.16666666666666666,1.1,1.0227272727272727,1.203125,0.9
2523,0.7142857142857143,1.4482758620689655,1.6428571428571428,1.625,1.1666666666666667,0.16666666666666666,1.1,1.0227272727272727,1.203125,0.9,1.3404255319148937
2524,1.4482758620689655,1.6428571428571428,1.625,1.1666666666666667,0.16666666666666666,1.1,1.0227272727272727,1.203125,0.9,1.3404255319148937,1.25
2525,1.6428571428571428,1.625,1.1666666666666667,0.16666666666666666,1.1,1.0227272727272727,1.203125,0.9,1.3404255319148937,1.25,1.3488372093023255
2526,1.625,1.1666666666666667,0.16666666666666666,1.1,1.0227272727272727,1.203125,0.9,1.3404255319148937,1.25,1.3488372093023255,1.2592592592592593
2527,1.1666666666666667,0.16666666666666666,1.1,1.0227272727272727,1.203125,0.9,1.3404255319148937,1.25,1.3488372093023255,1.2592592592592593,1.1428571428571428
2528,0.16666666666666666,1.1,1.0227272727272727,1.203125,0.9,1.3404255319148937,1.25,1.3488372093023255,1.2592592592592593,1.1428571428571428,1.711111111111111
2529,1.1,1.0227272727272727,1.203125,0.9,1.3404255319148937,1.25,1.3488372093023255,1.2592592592592593,1.1428571428571428,1.711111111111111,0.6666666666666666
2530,1.0227272727272727,1.203125,0.9,1.3404255319148937,1.25,1.3488372093023255,1.2592592592592593,1.1428571428571428,1.711111111111111,0.6666666666666666,0.7692307692307693
2531,1.203125,0.9,1.3404255319148937,1.25,1.3488372093023255,1.2592592592592593,1.1428571428571428,1.711111111111111,0.6666666666666666,0.7692307692307693,1.1764705882352942
2532,0.9,1.3404255319148937,1.25,1.3488372093023255,1.2592592592592593,1.1428571428571428,1.711111111111111,0.6666666666666666,0.7692307692307693,1.1764705882352942,1.7647058823529411
2533,1.3404255319148937,1.25,1.3488372093023255,1.2592592592592593,1.1428571428571428,1.711111111111111,0.6666666666666666,0.7692307692307693,1.1764705882352942,1.7647058823529411,1.0
2534,1.25,1.3488372093023255,1.2592592592592593,1.1428571428571428,1.711111111111111,0.6666666666666666,0.7692307692307693,1.1764705882352942,1.7647058823529411,1.0,1.25
2535,1.3488372093023255,1.2592592592592593,1.1428571428571428,1.711111111111111,0.6666666666666666,0.7692307692307693,1.1764705882352942,1.7647058823529411,1.0,1.25,0.8125
2536,1.2592592592592593,1.1428571428571428,1.711111111111111,0.6666666666666666,0.7692307692307693,1.1764705882352942,1.7647058823529411,1.0,1.25,0.8125,1.3658536585365855
2537,1.1428571428571428,1.711111111111111,0.6666666666666666,0.7692307692307693,1.1764705882352942,1.7647058823529411,1.0,1.25,0.8125,1.3658536585365855,1.3235294117647058
2538,1.711111111111111,0.6666666666666666,0.7692307692307693,1.1764705882352942,1.7647058823529411,1.0,1.25,0.8125,1.3658536585365855,1.3235294117647058,0.3333333333333333
2539,0.6666666666666666,0.7692307692307693,1.1764705882352942,1.7647058823529411,1.0,1.25,0.8125,1.3658536585365855,1.3235294117647058,0.3333333333333333,1.2380952380952381
2540,0.7692307692307693,1.1764705882352942,1.7647058823529411,1.0,1.25,0.8125,1.3658536585365855,1.3235294117647058,0.3333333333333333,1.2380952380952381,1.68
2541,1.1764705882352942,1.7647058823529411,1.0,1.25,0.8125,1.3658536585365855,1.3235294117647058,0.3333333333333333,1.2380952380952381,1.68,1.1
2542,1.7647058823529411,1.0,1.25,0.8125,1.3658536585365855,1.3235294117647058,0.3333333333333333,1.2380952380952381,1.68,1.1,1.5625
2543,1.0,1.25,0.8125,1.3658536585365855,1.3235294117647058,0.3333333333333333,1.2380952380952381,1.68,1.1,1.5625,1.3255813953488371
2544,1.25,0.8125,1.3658536585365855,1.3235294117647058,0.3333333333333333,1.2380952380952381,1.68,1.1,1.5625,1.3255813953488371,1.7894736842105263
2545,0.8125,1.3658536585365855,1.3235294117647058,0.3333333333333333,1.2380952380952381,1.68,1.1,1.5625,1.3255813953488371,1.7894736842105263,0.6538461538461539
2546,1.3658536585365855,1.3235294117647058,0.3333333333333333,1.2380952380952381,1.68,1.1,1.5625,1.3255813953488371,1.7894736842105263,0.6538461538461539,1.4545454545454546
2547,1.3235294117647058,0.3333333333333333,1.2380952380952381,1.68,1.1,1.5625,1.3255813953488371,1.7894736842105263,0.6538461538461539,1.4545454545454546,1.5714285714285714
2548,0.3333333333333333,1.2380952380952381,1.68,1.1,1.5625,1.3255813953488371,1.7894736842105263,0.6538461538461539,1.4545454545454546,1.5714285714285714,0.8666666666666667
2549,1.2380952380952381,1.68,1.1,1.5625,1.3255813953488371,1.7894736842105263,0.6538461538461539,1.4545454545454546,1.5714285714285714,0.8666666666666667,0.8333333333333334
2550,1.68,1.1,1.5625,1.3255813953488371,1.7894736842105263,0.6538461538461539,1.4545454545454546,1.5714285714285714,0.8666666666666667,0.8333333333333334,0.2222222222222222
2551,1.1,1.5625,1.3255813953488371,1.7894736842105263,0.6538461538461539,1.4545454545454546,1.5714285714285714,0.8666666666666667,0.8333333333333334,0.2222222222222222,1.6666666666666667
2552,1.5625,1.3255813953488371,1.7894736842105263,0.6538461538461539,1.4545454545454546,1.5714285714285714,0.8666666666666667,0.8333333333333334,0.2222222222222222,1.6666666666666667,1.4313725490196079
2553,1.3255813953488371,1.7894736842105263,0.6538461538461539,1.4545454545454546,1.5714285714285714,0.8666666666666667,0.8333333333333334,0.2222222222222222,1.6666666666666667,1.4313725490196079,1.5263157894736843
2554,1.7894736842105263,0.6538461538461539,1.4545454545454546,1.5714285714285714,0.8666666666666667,0.8333333333333334,0.2222222222222222,1.6666666666666667,1.4313725490196079,1.5263157894736843,0.4
2555,0.6538461538461539,1.4545454545454546,1.5714285714285714,0.8666666666666667,0.8333333333333334,0.2222222222222222,1.6666666666666667,1.4313725490196079,1.5263157894736843,0.4,1.3529411764705883
2556,1.4545454545454546,1.5714285714285714,0.8666666666666667,0.8333333333333334,0.2222222222222222,1.6666666666666667,1.4313725490196079,1.5263157894736843,0.4,1.3529411764705883,1.543859649122807
2557,0.0,0.0,1.0,1.0,0.4,1.0,0.3333333333333333,0.0,0.0,0.0,1.0
2558,0.0,1.0,1.0,0.4,1.0,0.3333333333333333,0.0,0.0,0.0,1.0,1.0
2559,1.0,1.0,0.4,1.0,0.3333333333333333,0.0,0.0,0.0,1.0,1.0,1.2
2560,1.0,0.4,1.0,0.3333333333333333,0.0,0.0,0.0,1.0,1.0,1.2,0.0
2561,0.4,1.0,0.3333333333333333,0.0,0.0,0.0,1.0,1.0,1.2,0.0,0.4
2562,1.0,0.3333333333333333,0.0,0.0,0.0,1.0,1.0,1.2,0.0,0.4,0.5
2563,1.0,1.32,0.4,0.6666666666666666,1.2857142857142858,0.5,0.7894736842105263,0.0,1.2727272727272727,0.8461538461538461,1.1
2564,1.32,0.4,0.6666666666666666,1.2857142857142858,0.5,0.7894736842105263,0.0,1.2727272727272727,0.8461538461538461,1.1,1.6363636363636365
2565,0.4,0.6666666666666666,1.2857142857142858,0.5,0.7894736842105263,0.0,1.2727272727272727,0.8461538461538461,1.1,1.6363636363636365,1.3888888888888888
2566,0.6666666666666666,1.2857142857142858,0.5,0.7894736842105263,0.0,1.2727272727272727,0.8461538461538461,1.1,1.6363636363636365,1.3888888888888888,1.6349206349206349
2567,1.2857142857142858,0.5,0.7894736842105263,0.0,1.2727272727272727,0.8461538461538461,1.1,1.6363636363636365,1.3888888888888888,1.6349206349206349,0.0
2568,0.5,0.7894736842105263,0.0,1.2727272727272727,0.8461538461538461,1.1,1.6363636363636365,1.3888888888888888,1.6349206349206349,0.0,1.0
2569,0.7894736842105263,0.0,1.2727272727272727,0.8461538461538461,1.1,1.6363636363636365,1.3888888888888888,1.6349206349206349,0.0,1.0,1.5
2570,0.0,1.2727272727272727,0.8461538461538461,1.1,1.6363636363636365,1.3888888888888888,1.6349206349206349,0.0,1.0,1.5,1.5625
2571,1.2727272727272727,0.8461538461538461,1.1,1.6363636363636365,1.3888888888888888,1.6349206349206349,0.0,1.0,1.5,1.5625,1.1111111111111112
2572,0.8461538461538461,1.1,1.6363636363636365,1.3888888888888888,1.6349206349206349,0.0,1.0,1.5,1.5625,1.1111111111111112,1.4166666666666667
2573,1.1,1.6363636363636365,1.3888888888888888,1.6349206349206349,0.0,1.0,1.5,1.5625,1.1111111111111112,1.4166666666666667,0.9333333333333333
2574,1.6363636363636365,1.3888888888888888,1.6349206349206349,0.0,1.0,1.5,1.5625,1.1111111111111112,1.4166666666666667,0.9333333333333333,1.56
2575,1.3888888888888888,1.6349206349206349,0.0,1.0,1.5,1.5625,1.1111111111111112,1.4166666666666667,0.9333333333333333,1.56,0.625
2576,1.6349206349206349,0.0,1.0,1.5,1.5625,1.1111111111111112,1.4166666666666667,0.9333333333333333,1.56,0.625,1.3333333333333333
2577,0.0,1.0,1.5,1.5625,1.1111111111111112,1.4166666666666667,0.9333333333333333,1.56,0.625,1.3333333333333333,1.2727272727272727
2578,1.0,1.5,1.5625,1.1111111111111112,1.4166666666666667,0.9333333333333333,1.56,0.625,1.3333333333333333,1.2727272727272727,1.2162162162162162
2579,1.5,1.5625,1.1111111111111112,1.4166666666666667,0.9333333333333333,1.56,0.625,1.3333333333333333,1.2727272727272727,1.2162162162162162,1.4814814814814814
2580,1.5625,1.1111111111111112,1.4166666666666667,0.9333333333333333,1.56,0.625,1.3333333333333333,1.2727272727272727,1.2162162162162162,1.4814814814814814,1.3333333333333333
2581,1.1111111111111112,1.4166666666666667,0.9333333333333333,1.56,0.625,1.3333333333333333,1.2727272727272727,1.2162162162162162,1.4814814814814814,1.3333333333333333,1.5714285714285714
2582,1.4166666666666667,0.9333333333333333,1.56,0.625,1.3333333333333333,1.2727272727272727,1.2162162162162162,1.4814814814814814,1.3333333333333333,1.5714285714285714,3.0
2583,0.9333333333333333,1.56,0.625,1.3333333333333333,1.2727272727272727,1.2162162162162162,1.4814814814814814,1.3333333333333333,1.5714285714285714,3.0,1.7777777777777777
2584,1.56,0.625,1.3333333333333333,1.2727272727272727,1.2162162162162162,1.4814814814814814,1.3333333333333333,1.5714285714285714,3.0,1.7777777777777777,1.7692307692307692
2585,0.625,1.3333333333333333,1.2727272727272727,1.2162162162162162,1.4814814814814814,1.3333333333333333,1.5714285714285714,3.0,1.7777777777777777,1.7692307692307692,0.5
2586,1.3333333333333333,1.2727272727272727,1.2162162162162162,1.4814814814814814,1.3333333333333333,1.5714285714285714,3.0,1.7777777777777777,1.7692307692307692,0.5,1.0769230769230769
2587,1.2727272727272727,1.2162162162162162,1.4814814814814814,1.3333333333333333,1.5714285714285714,3.0,1.7777777777777777,1.7692307692307692,0.5,1.0769230769230769,1.1714285714285715
2588,1.2162162162162162,1.4814814814814814,1.3333333333333333,1.5714285714285714,3.0,1.7777777777777777,1.7692307692307692,0.5,1.0769230769230769,1.1714285714285715,1.7272727272727273
2589,1.4814814814814814,1.3333333333333333,1.5714285714285714,3.0,1.7777777777777777,1.7692307692307692,0.5,1.0769230769230769,1.1714285714285715,1.7272727272727273,1.1666666666666667
2590,1.3333333333333333,1.5714285714285714,3.0,1.7777777777777777,1.7692307692307692,0.5,1.0769230769230769,1.1714285714285715,1.7272727272727273,1.1666666666666667,0.5
2591,1.5714285714285714,3.0,1.7777777777777777,1.7692307692307692,0.5,1.0769230769230769,1.1714285714285715,1.7272727272727273,1.1666666666666667,0.5,0.8333333333333334
2592,3.0,1.7777777777777777,1.7692307692307692,0.5,1.0769230769230769,1.1714285714285715,1.7272727272727273,1.1666666666666667,0.5,0.8333333333333334,0.9375
2593,1.7777777777777777,1.7692307692307692,0.5,1.0769230769230769,1.1714285714285715,1.7272727272727273,1.1666666666666667,0.5,0.8333333333333334,0.9375,1.9230769230769231
2594,1.7692307692307692,0.5,1.0769230769230769,1.1714285714285715,1.7272727272727273,1.1666666666666667,0.5,0.8333333333333334,0.9375,1.9230769230769231,1.7833333333333334
2595,0.5,1.0769230769230769,1.1714285714285715,1.7272727272727273,1.1666666666666667,0.5,0.8333333333333334,0.9375,1.9230769230769231,1.7833333333333334,0.0
2596,0.75,1.4444444444444444,0.5,1.205128205128205,0.75,0.9166666666666666,1.0,1.8888888888888888,0.5,2.5294117647058822,2.6666666666666665
2597,1.4444444444444444,0.5,1.205128205128205,0.75,0.9166666666666666,1.0,1.8888888888888888,0.5,2.5294117647058822,2.6666666666666665,0.0
2598,0.5,1.205128205128205,0.75,0.9166666666666666,1.0,1.8888888888888888,0.5,2.5294117647058822,2.6666666666666665,0.0,0.7916666666666666
2599,1.205128205128205,0.75,0.9166666666666666,1.0,1.8888888888888888,0.5,2.5294117647058822,2.6666666666666665,0.0,0.7916666666666666,1.9285714285714286
2600,0.75,0.9166666666666666,1.0,1.8888888888888888,0.5,2.5294117647058822,2.6666666666666665,0.0,0.7916666666666666,1.9285714285714286,0.8461538461538461
2601,0.9166666666666666,1.0,1.8888888888888888,0.5,2.5294117647058822,2.6666666666666665,0.0,0.7916666666666666,1.9285714285714286,0.8461538461538461,1.5555555555555556
2602,1.0,1.8888888888888888,0.5,2.5294117647058822,2.6666666666666665,0.0,0.7916666666666666,1.9285714285714286,0.8461538461538461,1.5555555555555556,1.3333333333333333
2603,1.8888888888888888,0.5,2.5294117647058822,2.6666666666666665,0.0,0.7916666666666666,1.9285714285714286,0.8461538461538461,1.5555555555555556,1.3333333333333333,1.0357142857142858
2604,0.5,2.5294117647058822,2.6666666666666665,0.0,0.7916666666666666,1.9285714285714286,0.8461538461538461,1.5555555555555556,1.3333333333333333,1.0357142857142858,0.3333333333333333
2605,2.5294117647058822,2.6666666666666665,0.0,0.7916666666666666,1.9285714285714286,0.8461538461538461,1.5555555555555556,1.3333333333333333,1.0357142857142858,0.3333333333333333,0.3333333333333333
2606,2.6666666666666665,0.0,0.7916666666666666,1.9285714285714286,0.8461538461538461,1.5555555555555556,1.3333333333333333,1.0357142857142858,0.3333333333333333,0.3333333333333333,0.7777777777777778
2607,0.0,0.7916666666666666,1.9285714285714286,0.8461538461538461,1.5555555555555556,1.3333333333333333,1.0357142857142858,0.3333333333333333,0.3333333333333333,0.7777777777777778,2.0
2608,0.7916666666666666,1.9285714285714286,0.8461538461538461,1.5555555555555556,1.3333333333333333,1.0357142857142858,0.3333333333333333,0.3333333333333333,0.7777777777777778,2.0,0.8
2609,1.9285714285714286,0.8461538461538461,1.5555555555555556,1.3333333333333333,1.0357142857142858,0.3333333333333333,0.3333333333333333,0.7777777777777778,2.0,0.8,1.5555555555555556
2610,0.8461538461538461,1.5555555555555556,1.3333333333333333,1.0357142857142858,0.3333333333333333,0.3333333333333333,0.7777777777777778,2.0,0.8,1.5555555555555556,2.0
2611,1.3571428571428572,0.0,2.5,1.2857142857142858,1.2222222222222223,1.0,1.3,0.25,2.25,0.6666666666666666,1.5
2612,0.0,2.5,1.2857142857142858,1.2222222222222223,1.0,1.3,0.25,2.25,0.6666666666666666,1.5,1.5555555555555556
2613,2.5,1.2857142857142858,1.2222222222222223,1.0,1.3,0.25,2.25,0.6666666666666666,1.5,1.5555555555555556,1.0
2614,1.2857142857142858,1.2222222222222223,1.0,1.3,0.25,2.25,0.6666666666666666,1.5,1.5555555555555556,1.0,0.5
2615,1.2222222222222223,1.0,1.3,0.25,2.25,0.6666666666666666,1.5,1.5555555555555556,1.0,0.5,0.3333333333333333
2616,1.0,1.3,0.25,2.25,0.6666666666666666,1.5,1.5555555555555556,1.0,0.5,0.3333333333333333,0.6470588235294118
2617,1.3,0.25,2.25,0.6666666666666666,1.5,1.5555555555555556,1.0,0.5,0.3333333333333333,0.6470588235294118,0.6666666666666666
2618,0.25,2.25,0.6666666666666666,1.5,1.5555555555555556,1.0,0.5,0.3333333333333333,0.6470588235294118,0.6666666666666666,0.3333333333333333
2619,2.25,0.6666666666666666,1.5,1.5555555555555556,1.0,0.5,0.3333333333333333,0.6470588235294118,0.6666666666666666,0.3333333333333333,0.6428571428571429
2620,0.6666666666666666,1.5,1.5555555555555556,1.0,0.5,0.3333333333333333,0.6470588235294118,0.6666666666666666,0.3333333333333333,0.6428571428571429,1.7894736842105263
2621,1.5,1.5555555555555556,1.0,0.5,0.3333333333333333,0.6470588235294118,0.6666666666666666,0.3333333333333333,0.6428571428571429,1.7894736842105263,1.5833333333333333
2622,1.5555555555555556,1.0,0.5,0.3333333333333333,0.6470588235294118,0.6666666666666666,0.3333333333333333,0.6428571428571429,1.7894736842105263,1.5833333333333333,1.6666666666666667
2623,1.0,0.5,0.3333333333333333,0.6470588235294118,0.6666666666666666,0.3333333333333333,0.6428571428571429,1.7894736842105263,1.5833333333333333,1.6666666666666667,0.25
2624,0.5,0.3333333333333333,0.6470588235294118,0.6666666666666666,0.3333333333333333,0.6428571428571429,1.7894736842105263,1.5833333333333333,1.6666666666666667,0.25,0.6666666666666666
2625,0.3333333333333333,0.6470588235294118,0.6666666666666666,0.3333333333333333,0.6428571428571429,1.7894736842105263,1.5833333333333333,1.6666666666666667,0.25,0.6666666666666666,0.0
2626,0.6470588235294118,0.6666666666666666,0.3333333333333333,0.6428571428571429,1.7894736842105263,1.5833333333333333,1.6666666666666667,0.25,0.6666666666666666,0.0,0.3333333333333333
2627,0.6666666666666666,0.3333333333333333,0.6428571428571429,1.7894736842105263,1.5833333333333333,1.6666666666666667,0.25,0.6666666666666666,0.0,0.3333333333333333,1.3076923076923077
2628,0.3333333333333333,0.6428571428571429,1.7894736842105263,1.5833333333333333,1.6666666666666667,0.25,0.6666666666666666,0.0,0.3333333333333333,1.3076923076923077,0.0
2629,0.6428571428571429,1.7894736842105263,1.5833333333333333,1.6666666666666667,0.25,0.6666666666666666,0.0,0.3333333333333333,1.3076923076923077,0.0,0.42857142857142855
2630,1.7894736842105263,1.5833333333333333,1.6666666666666667,0.25,0.6666666666666666,0.0,0.3333333333333333,1.3076923076923077,0.0,0.42857142857142855,1.0
2631,1.5833333333333333,1.6666666666666667,0.25,0.6666666666666666,0.0,0.3333333333333333,1.3076923076923077,0.0,0.42857142857142855,1.0,0.8571428571428571
2632,1.6666666666666667,0.25,0.6666666666666666,0.0,0.3333333333333333,1.3076923076923077,0.0,0.42857142857142855,1.0,0.8571428571428571,0.9615384615384616
2633,0.25,0.6666666666666666,0.0,0.3333333333333333,1.3076923076923077,0.0,0.42857142857142855,1.0,0.8571428571428571,0.9615384615384616,1.0
2634,0.6666666666666666,0.0,0.3333333333333333,1.3076923076923077,0.0,0.42857142857142855,1.0,0.8571428571428571,0.9615384615384616,1.0,0.8571428571428571
2635,0.0,0.3333333333333333,1.3076923076923077,0.0,0.42857142857142855,1.0,0.8571428571428571,0.9615384615384616,1.0,0.8571428571428571,0.7857142857142857
2636,0.3333333333333333,1.3076923076923077,0.0,0.42857142857142855,1.0,0.8571428571428571,0.9615384615384616,1.0,0.8571428571428571,0.7857142857142857,0.0
2637,1.3076923076923077,0.0,0.42857142857142855,1.0,0.8571428571428571,0.9615384615384616,1.0,0.8571428571428571,0.7857142857142857,0.0,1.3333333333333333
2638,0.0,0.42857142857142855,1.0,0.8571428571428571,0.9615384615384616,1.0,0.8571428571428571,0.7857142857142857,0.0,1.3333333333333333,1.125
2639,0.42857142857142855,1.0,0.8571428571428571,0.9615384615384616,1.0,0.8571428571428571,0.7857142857142857,0.0,1.3333333333333333,1.125,1.4285714285714286
2640,1.0,0.8571428571428571,0.9615384615384616,1.0,0.8571428571428571,0.7857142857142857,0.0,1.3333333333333333,1.125,1.4285714285714286,1.0909090909090908
2641,0.8571428571428571,0.9615384615384616,1.0,0.8571428571428571,0.7857142857142857,0.0,1.3333333333333333,1.125,1.4285714285714286,1.0909090909090908,0.3333333333333333
2642,0.9615384615384616,1.0,0.8571428571428571,0.7857142857142857,0.0,1.3333333333333333,1.125,1.4285714285714286,1.0909090909090908,0.3333333333333333,1.3888888888888888
2643,1.0,0.8571428571428571,0.7857142857142857,0.0,1.3333333333333333,1.125,1.4285714285714286,1.0909090909090908,0.3333333333333333,1.3888888888888888,1.0714285714285714
2644,0.8571428571428571,0.7857142857142857,0.0,1.3333333333333333,1.125,1.4285714285714286,1.0909090909090908,0.3333333333333333,1.3888888888888888,1.0714285714285714,0.7692307692307693
2645,0.7857142857142857,0.0,1.3333333333333333,1.125,1.4285714285714286,1.0909090909090908,0.3333333333333333,1.3888888888888888,1.0714285714285714,0.7692307692307693,1.45
2646,0.0,1.3333333333333333,1.125,1.4285714285714286,1.0909090909090908,0.3333333333333333,1.3888888888888888,1.0714285714285714,0.7692307692307693,1.45,2.0588235294117645
2647,1.3333333333333333,1.125,1.4285714285714286,1.0909090909090908,0.3333333333333333,1.3888888888888888,1.0714285714285714,0.7692307692307693,1.45,2.0588235294117645,1.2222222222222223
2648,1.125,1.4285714285714286,1.0909090909090908,0.3333333333333333,1.3888888888888888,1.0714285714285714,0.7692307692307693,1.45,2.0588235294117645,1.2222222222222223,1.0384615384615385
2649,1.4285714285714286,1.0909090909090908,0.3333333333333333,1.3888888888888888,1.0714285714285714,0.7692307692307693,1.45,2.0588235294117645,1.2222222222222223,1.0384615384615385,1.15
2650,1.0909090909090908,0.3333333333333333,1.3888888888888888,1.0714285714285714,0.7692307692307693,1.45,2.0588235294117645,1.2222222222222223,1.0384615384615385,1.15,0.7142857142857143
2651,1.4,1.6666666666666667,0.25,1.8666666666666667,1.3,0.0,0.9090909090909091,0.0,0.25,1.7647058823529411,0.75
2652,1.6666666666666667,0.25,1.8666666666666667,1.3,0.0,0.9090909090909091,0.0,0.25,1.7647058823529411,0.75,1.027027027027027
2653,0.25,1.8666666666666667,1.3,0.0,0.9090909090909091,0.0,0.25,1.7647058823529411,0.75,1.027027027027027,1.5121951219512195
2654,1.8666666666666667,1.3,0.0,0.9090909090909091,0.0,0.25,1.7647058823529411,0.75,1.027027027027027,1.5121951219512195,1.8695652173913044
2655,1.3,0.0,0.9090909090909091,0.0,0.25,1.7647058823529411,0.75,1.027027027027027,1.5121951219512195,1.8695652173913044,0.0
2656,0.0,0.9090909090909091,0.0,0.25,1.7647058823529411,0.75,1.027027027027027,1.5121951219512195,1.8695652173913044,0.0,1.4166666666666667
2657,0.9090909090909091,0.0,0.25,1.7647058823529411,0.75,1.027027027027027,1.5121951219512195,1.8695652173913044,0.0,1.4166666666666667,1.0
2658,0.0,0.25,1.7647058823529411,0.75,1.027027027027027,1.5121951219512195,1.8695652173913044,0.0,1.4166666666666667,1.0,0.3333333333333333
2659,0.25,1.7647058823529411,0.75,1.027027027027027,1.5121951219512195,1.8695652173913044,0.0,1.4166666666666667,1.0,0.3333333333333333,1.4705882352941178
2660,1.7647058823529411,0.75,1.027027027027027,1.5121951219512195,1.8695652173913044,0.0,1.4166666666666667,1.0,0.3333333333333333,1.4705882352941178,1.0
2661,1.6904761904761905,0.6923076923076923,0.0,0.3333333333333333,0.5,1.2222222222222223,1.1428571428571428,1.0,0.6363636363636364,1.28,1.7142857142857142
2662,0.6923076923076923,0.0,0.3333333333333333,0.5,1.2222222222222223,1.1428571428571428,1.0,0.6363636363636364,1.28,1.7142857142857142,1.0
2663,0.0,0.3333333333333333,0.5,1.2222222222222223,1.1428571428571428,1.0,0.6363636363636364,1.28,1.7142857142857142,1.0,0.0
2664,0.3333333333333333,0.5,1.2222222222222223,1.1428571428571428,1.0,0.6363636363636364,1.28,1.7142857142857142,1.0,0.0,0.8888888888888888
2665,0.5,1.2222222222222223,1.1428571428571428,1.0,0.6363636363636364,1.28,1.7142857142857142,1.0,0.0,0.8888888888888888,0.4
2666,1.2222222222222223,1.1428571428571428,1.0,0.6363636363636364,1.28,1.7142857142857142,1.0,0.0,0.8888888888888888,0.4,0.7777777777777778
2667,1.1428571428571428,1.0,0.6363636363636364,1.28,1.7142857142857142,1.0,0.0,0.8888888888888888,0.4,0.7777777777777778,0.8888888888888888
2668,1.0,0.6363636363636364,1.28,1.7142857142857142,1.0,0.0,0.8888888888888888,0.4,0.7777777777777778,0.8888888888888888,1.3703703703703705
2669,0.6363636363636364,1.28,1.7142857142857142,1.0,0.0,0.8888888888888888,0.4,0.7777777777777778,0.8888888888888888,1.3703703703703705,1.0666666666666667
2670,1.28,1.7142857142857142,1.0,0.0,0.8888888888888888,0.4,0.7777777777777778,0.8888888888888888,1.3703703703703705,1.0666666666666667,1.04
2671,1.7142857142857142,1.0,0.0,0.8888888888888888,0.4,0.7777777777777778,0.8888888888888888,1.3703703703703705,1.0666666666666667,1.04,1.5789473684210527
2672,1.0,0.0,0.8888888888888888,0.4,0.7777777777777778,0.8888888888888888,1.3703703703703705,1.0666666666666667,1.04,1.5789473684210527,0.782608695652174
2673,0.0,0.8888888888888888,0.4,0.7777777777777778,0.8888888888888888,1.3703703703703705,1.0666666666666667,1.04,1.5789473684210527,0.782608695652174,0.5
2674,0.8888888888888888,0.4,0.7777777777777778,0.8888888888888888,1.3703703703703705,1.0666666666666667,1.04,1.5789473684210527,0.782608695652174,0.5,2.1666666666666665
2675,0.4,0.7777777777777778,0.8888888888888888,1.3703703703703705,1.0666666666666667,1.04,1.5789473684210527,0.782608695652174,0.5,2.1666666666666665,2.090909090909091
2676,0.7777777777777778,0.8888888888888888,1.3703703703703705,1.0666666666666667,1.04,1.5789473684210527,0.782608695652174,0.5,2.1666666666666665,2.090909090909091,1.8888888888888888
2677,0.8888888888888888,1.3703703703703705,1.0666666666666667,1.04,1.5789473684210527,0.782608695652174,0.5,2.1666666666666665,2.090909090909091,1.8888888888888888,1.5
2678,1.3703703703703705,1.0666666666666667,1.04,1.5789473684210527,0.782608695652174,0.5,2.1666666666666665,2.090909090909091,1.8888888888888888,1.5,0.4
2679,1.0666666666666667,1.04,1.5789473684210527,0.782608695652174,0.5,2.1666666666666665,2.090909090909091,1.8888888888888888,1.5,0.4,1.0
2680,1.04,1.5789473684210527,0.782608695652174,0.5,2.1666666666666665,2.090909090909091,1.8888888888888888,1.5,0.4,1.0,0.9
2681,1.5789473684210527,0.782608695652174,0.5,2.1666666666666665,2.090909090909091,1.8888888888888888,1.5,0.4,1.0,0.9,0.4
2682,0.782608695652174,0.5,2.1666666666666665,2.090909090909091,1.8888888888888888,1.5,0.4,1.0,0.9,0.4,1.6470588235294117
2683,0.5,2.1666666666666665,2.090909090909091,1.8888888888888888,1.5,0.4,1.0,0.9,0.4,1.6470588235294117,2.5454545454545454
2684,2.1666666666666665,2.090909090909091,1.8888888888888888,1.5,0.4,1.0,0.9,0.4,1.6470588235294117,2.5454545454545454,1.2307692307692308
2685,2.090909090909091,1.8888888888888888,1.5,0.4,1.0,0.9,0.4,1.6470588235294117,2.5454545454545454,1.2307692307692308,1.105263157894737
2686,1.8888888888888888,1.5,0.4,1.0,0.9,0.4,1.6470588235294117,2.5454545454545454,1.2307692307692308,1.105263157894737,1.5
2687,1.5,0.4,1.0,0.9,0.4,1.6470588235294117,2.5454545454545454,1.2307692307692308,1.105263157894737,1.5,1.4285714285714286
2688,0.4,1.0,0.9,0.4,1.6470588235294117,2.5454545454545454,1.2307692307692308,1.105263157894737,1.5,1.4285714285714286,1.5
2689,1.0,0.9,0.4,1.6470588235294117,2.5454545454545454,1.2307692307692308,1.105263157894737,1.5,1.4285714285714286,1.5,1.55
2690,0.9,0.4,1.6470588235294117,2.5454545454545454,1.2307692307692308,1.105263157894737,1.5,1.4285714285714286,1.5,1.55,1.105263157894737
2691,0.4,1.6470588235294117,2.5454545454545454,1.2307692307692308,1.105263157894737,1.5,1.4285714285714286,1.5,1.55,1.105263157894737,0.3
2692,1.6470588235294117,2.5454545454545454,1.2307692307692308,1.105263157894737,1.5,1.4285714285714286,1.5,1.55,1.105263157894737,0.3,1.3333333333333333
2693,2.5454545454545454,1.2307692307692308,1.105263157894737,1.5,1.4285714285714286,1.5,1.55,1.105263157894737,0.3,1.3333333333333333,0.8666666666666667
2694,1.2307692307692308,1.105263157894737,1.5,1.4285714285714286,1.5,1.55,1.105263157894737,0.3,1.3333333333333333,0.8666666666666667,4.0
2695,1.105263157894737,1.5,1.4285714285714286,1.5,1.55,1.105263157894737,0.3,1.3333333333333333,0.8666666666666667,4.0,1.0
2696,1.5,1.4285714285714286,1.5,1.55,1.105263157894737,0.3,1.3333333333333333,0.8666666666666667,4.0,1.0,0.1
2697,1.4285714285714286,1.5,1.55,1.105263157894737,0.3,1.3333333333333333,0.8666666666666667,4.0,1.0,0.1,1.0555555555555556
2698,1.5,1.55,1.105263157894737,0.3,1.3333333333333333,0.8666666666666667,4.0,1.0,0.1,1.0555555555555556,1.1111111111111112
2699,1.55,1.105263157894737,0.3,1.3333333333333333,0.8666666666666667,4.0,1.0,0.1,1.0555555555555556,1.1111111111111112,0.5909090909090909
2700,1.105263157894737,0.3,1.3333333333333333,0.8666666666666667,4.0,1.0,0.1,1.0555555555555556,1.1111111111111112,0.5909090909090909,0.0
2701,0.3,1.3333333333333333,0.8666666666666667,4.0,1.0,0.1,1.0555555555555556,1.1111111111111112,0.5909090909090909,0.0,1.125
2702,1.3333333333333333,0.8666666666666667,4.0,1.0,0.1,1.0555555555555556,1.1111111111111112,0.5909090909090909,0.0,1.125,1.0384615384615385
2703,0.8571428571428571,0.0,1.0,2.0,3.857142857142857,1.0,0.6,0.6666666666666666,1.25,0.0,1.4444444444444444
2704,0.0,0.25,1.375,0.5,0.2,0.0,1.0,0.5,1.125,0.0,0.2
2705,0.25,1.375,0.5,0.2,0.0,1.0,0.5,1.125,0.0,0.2,0.0
2706,1.375,0.5,0.2,0.0,1.0,0.5,1.125,0.0,0.2,0.0,0.25
2707,0.5,0.2,0.0,1.0,0.5,1.125,0.0,0.2,0.0,0.25,0.0
2708,0.2,0.0,1.0,0.5,1.125,0.0,0.2,0.0,0.25,0.0,0.0
2709,0.0,1.0,0.5,1.125,0.0,0.2,0.0,0.25,0.0,0.0,0.0
2710,1.0,0.5,1.125,0.0,0.2,0.0,0.25,0.0,0.0,0.0,1.0
2711,1.5,1.4705882352941178,1.5,0.7777777777777778,1.8888888888888888,0.7368421052631579,1.0,0.5,1.6666666666666667,0.5,0.4
2712,1.4705882352941178,1.5,0.7777777777777778,1.8888888888888888,0.7368421052631579,1.0,0.5,1.6666666666666667,0.5,0.4,1.0
2713,1.5,0.7777777777777778,1.8888888888888888,0.7368421052631579,1.0,0.5,1.6666666666666667,0.5,0.4,1.0,2.5
2714,0.7777777777777778,1.8888888888888888,0.7368421052631579,1.0,0.5,1.6666666666666667,0.5,0.4,1.0,2.5,0.0
2715,1.8888888888888888,0.7368421052631579,1.0,0.5,1.6666666666666667,0.5,0.4,1.0,2.5,0.0,1.6
2716,0.7368421052631579,1.0,0.5,1.6666666666666667,0.5,0.4,1.0,2.5,0.0,1.6,4.0
2717,1.0,0.5,1.6666666666666667,0.5,0.4,1.0,2.5,0.0,1.6,4.0,1.4
2718,2.2857142857142856,1.4,0.0,2.0,0.6666666666666666,1.4,1.8,2.272727272727273,0.6666666666666666,0.8333333333333334,1.0
2719,1.4,0.0,2.0,0.6666666666666666,1.4,1.8,2.272727272727273,0.6666666666666666,0.8333333333333334,1.0,0.0
2720,0.0,2.0,0.6666666666666666,1.4,1.8,2.272727272727273,0.6666666666666666,0.8333333333333334,1.0,0.0,0.3333333333333333
2721,2.0,0.6666666666666666,1.4,1.8,2.272727272727273,0.6666666666666666,0.8333333333333334,1.0,0.0,0.3333333333333333,0.8571428571428571
2722,0.6666666666666666,1.4,1.8,2.272727272727273,0.6666666666666666,0.8333333333333334,1.0,0.0,0.3333333333333333,0.8571428571428571,1.0
2723,1.4,1.8,2.272727272727273,0.6666666666666666,0.8333333333333334,1.0,0.0,0.3333333333333333,0.8571428571428571,1.0,0.3333333333333333
2724,1.8,2.272727272727273,0.6666666666666666,0.8333333333333334,1.0,0.0,0.3333333333333333,0.8571428571428571,1.0,0.3333333333333333,1.0
2725,2.272727272727273,0.6666666666666666,0.8333333333333334,1.0,0.0,0.3333333333333333,0.8571428571428571,1.0,0.3333333333333333,1.0,0.5
2726,0.6666666666666666,0.8333333333333334,1.0,0.0,0.3333333333333333,0.8571428571428571,1.0,0.3333333333333333,1.0,0.5,2.6666666666666665
2727,0.6666666666666666,0.8333333333333334,0.65,0.2857142857142857,0.0,2.625,1.1875,0.6666666666666666,2.0714285714285716,2.272727272727273,1.2608695652173914
2728,0.8333333333333334,0.65,0.2857142857142857,0.0,2.625,1.1875,0.6666666666666666,2.0714285714285716,2.272727272727273,1.2608695652173914,1.05
2729,0.65,0.2857142857142857,0.0,2.625,1.1875,0.6666666666666666,2.0714285714285716,2.272727272727273,1.2608695652173914,1.05,3.0
2730,0.2857142857142857,0.0,2.625,1.1875,0.6666666666666666,2.0714285714285716,2.272727272727273,1.2608695652173914,1.05,3.0,1.5
2731,0.0,2.625,1.1875,0.6666666666666666,2.0714285714285716,2.272727272727273,1.2608695652173914,1.05,3.0,1.5,0.0
2732,2.625,1.1875,0.6666666666666666,2.0714285714285716,2.272727272727273,1.2608695652173914,1.05,3.0,1.5,0.0,0.6
2733,1.1875,0.6666666666666666,2.0714285714285716,2.272727272727273,1.2608695652173914,1.05,3.0,1.5,0.0,0.6,1.7692307692307692
2734,0.6666666666666666,2.0714285714285716,2.272727272727273,1.2608695652173914,1.05,3.0,1.5,0.0,0.6,1.7692307692307692,0.5
2735,2.0714285714285716,2.272727272727273,1.2608695652173914,1.05,3.0,1.5,0.0,0.6,1.7692307692307692,0.5,1.6666666666666667
2736,2.272727272727273,1.2608695652173914,1.05,3.0,1.5,0.0,0.6,1.7692307692307692,0.5,1.6666666666666667,0.7
2737,1.2608695652173914,1.05,3.0,1.5,0.0,0.6,1.7692307692307692,0.5,1.6666666666666667,0.7,1.5714285714285714
2738,1.05,3.0,1.5,0.0,0.6,1.7692307692307692,0.5,1.6666666666666667,0.7,1.5714285714285714,2.125
2739,3.0,1.5,0.0,0.6,1.7692307692307692,0.5,1.6666666666666667,0.7,1.5714285714285714,2.125,1.4318181818181819
2740,1.5,0.0,0.6,1.7692307692307692,0.5,1.6666666666666667,0.7,1.5714285714285714,2.125,1.4318181818181819,0.8
2741,0.0,0.6,1.7692307692307692,0.5,1.6666666666666667,0.7,1.5714285714285714,2.125,1.4318181818181819,0.8,1.0
2742,0.6,1.7692307692307692,0.5,1.6666666666666667,0.7,1.5714285714285714,2.125,1.4318181818181819,0.8,1.0,2.3333333333333335
2743,1.7692307692307692,0.5,1.6666666666666667,0.7,1.5714285714285714,2.125,1.4318181818181819,0.8,1.0,2.3333333333333335,1.4
2744,0.5,1.6666666666666667,0.7,1.5714285714285714,2.125,1.4318181818181819,0.8,1.0,2.3333333333333335,1.4,0.7619047619047619
2745,1.6666666666666667,0.7,1.5714285714285714,2.125,1.4318181818181819,0.8,1.0,2.3333333333333335,1.4,0.7619047619047619,0.5
2746,0.7,1.5714285714285714,2.125,1.4318181818181819,0.8,1.0,2.3333333333333335,1.4,0.7619047619047619,0.5,1.7419354838709677
2747,1.5714285714285714,2.125,1.4318181818181819,0.8,1.0,2.3333333333333335,1.4,0.7619047619047619,0.5,1.7419354838709677,1.2857142857142858
2748,2.125,1.4318181818181819,0.8,1.0,2.3333333333333335,1.4,0.7619047619047619,0.5,1.7419354838709677,1.2857142857142858,0.6363636363636364
2749,1.4318181818181819,0.8,1.0,2.3333333333333335,1.4,0.7619047619047619,0.5,1.7419354838709677,1.2857142857142858,0.6363636363636364,1.3
2750,0.8,1.0,2.3333333333333335,1.4,0.7619047619047619,0.5,1.7419354838709677,1.2857142857142858,0.6363636363636364,1.3,1.7142857142857142
2751,1.0,2.3333333333333335,1.4,0.7619047619047619,0.5,1.7419354838709677,1.2857142857142858,0.6363636363636364,1.3,1.7142857142857142,1.2857142857142858
2752,2.3333333333333335,1.4,0.7619047619047619,0.5,1.7419354838709677,1.2857142857142858,0.6363636363636364,1.3,1.7142857142857142,1.2857142857142858,0.9629629629629629
2753,1.4,0.7619047619047619,0.5,1.7419354838709677,1.2857142857142858,0.6363636363636364,1.3,1.7142857142857142,1.2857142857142858,0.9629629629629629,1.12
2754,0.7619047619047619,0.5,1.7419354838709677,1.2857142857142858,0.6363636363636364,1.3,1.7142857142857142,1.2857142857142858,0.9629629629629629,1.12,1.0
2755,0.5,1.7419354838709677,1.2857142857142858,0.6363636363636364,1.3,1.7142857142857142,1.2857142857142858,0.9629629629629629,1.12,1.0,1.4333333333333333
2756,1.7419354838709677,1.2857142857142858,0.6363636363636364,1.3,1.7142857142857142,1.2857142857142858,0.9629629629629629,1.12,1.0,1.4333333333333333,1.75
2757,1.2857142857142858,0.6363636363636364,1.3,1.7142857142857142,1.2857142857142858,0.9629629629629629,1.12,1.0,1.4333333333333333,1.75,0.7058823529411765
2758,0.6363636363636364,1.3,1.7142857142857142,1.2857142857142858,0.9629629629629629,1.12,1.0,1.4333333333333333,1.75,0.7058823529411765,1.1428571428571428
2759,1.3,1.7142857142857142,1.2857142857142858,0.9629629629629629,1.12,1.0,1.4333333333333333,1.75,0.7058823529411765,1.1428571428571428,1.5142857142857142
2760,1.7142857142857142,1.2857142857142858,0.9629629629629629,1.12,1.0,1.4333333333333333,1.75,0.7058823529411765,1.1428571428571428,1.5142857142857142,0.5
2761,1.2857142857142858,0.9629629629629629,1.12,1.0,1.4333333333333333,1.75,0.7058823529411765,1.1428571428571428,1.5142857142857142,0.5,0.5
2762,0.9629629629629629,1.12,1.0,1.4333333333333333,1.75,0.7058823529411765,1.1428571428571428,1.5142857142857142,0.5,0.5,2.8333333333333335
2763,1.12,1.0,1.4333333333333333,1.75,0.7058823529411765,1.1428571428571428,1.5142857142857142,0.5,0.5,2.8333333333333335,1.0196078431372548
2764,1.0,1.4333333333333333,1.75,0.7058823529411765,1.1428571428571428,1.5142857142857142,0.5,0.5,2.8333333333333335,1.0196078431372548,1.4666666666666666
2765,1.4333333333333333,1.75,0.7058823529411765,1.1428571428571428,1.5142857142857142,0.5,0.5,2.8333333333333335,1.0196078431372548,1.4666666666666666,1.0
2766,1.75,0.7058823529411765,1.1428571428571428,1.5142857142857142,0.5,0.5,2.8333333333333335,1.0196078431372548,1.4666666666666666,1.0,0.9629629629629629
2767,0.7058823529411765,1.1428571428571428,1.5142857142857142,0.5,0.5,2.8333333333333335,1.0196078431372548,1.4666666666666666,1.0,0.9629629629629629,1.25
2768,1.4166666666666667,1.0,0.6666666666666666,1.0,1.4210526315789473,2.0,1.3541666666666667,1.2727272727272727,0.625,1.1176470588235294,1.0
2769,1.0,0.6666666666666666,1.0,1.4210526315789473,2.0,1.3541666666666667,1.2727272727272727,0.625,1.1176470588235294,1.0,2.3636363636363638
2770,0.6666666666666666,1.0,1.4210526315789473,2.0,1.3541666666666667,1.2727272727272727,0.625,1.1176470588235294,1.0,2.3636363636363638,1.1923076923076923
2771,1.0,1.4210526315789473,2.0,1.3541666666666667,1.2727272727272727,0.625,1.1176470588235294,1.0,2.3636363636363638,1.1923076923076923,0.6666666666666666
2772,1.4210526315789473,2.0,1.3541666666666667,1.2727272727272727,0.625,1.1176470588235294,1.0,2.3636363636363638,1.1923076923076923,0.6666666666666666,0.0
2773,2.0,1.3541666666666667,1.2727272727272727,0.625,1.1176470588235294,1.0,2.3636363636363638,1.1923076923076923,0.6666666666666666,0.0,1.8666666666666667
2774,1.3541666666666667,1.2727272727272727,0.625,1.1176470588235294,1.0,2.3636363636363638,1.1923076923076923,0.6666666666666666,0.0,1.8666666666666667,0.0
2775,1.2727272727272727,0.625,1.1176470588235294,1.0,2.3636363636363638,1.1923076923076923,0.6666666666666666,0.0,1.8666666666666667,0.0,1.1
2776,0.625,1.1176470588235294,1.0,2.3636363636363638,1.1923076923076923,0.6666666666666666,0.0,1.8666666666666667,0.0,1.1,0.6666666666666666
2777,1.1176470588235294,1.0,2.3636363636363638,1.1923076923076923,0.6666666666666666,0.0,1.8666666666666667,0.0,1.1,0.6666666666666666,1.0
2778,1.0,2.3636363636363638,1.1923076923076923,0.6666666666666666,0.0,1.8666666666666667,0.0,1.1,0.6666666666666666,1.0,0.8076923076923077
2779,2.3636363636363638,1.1923076923076923,0.6666666666666666,0.0,1.8666666666666667,0.0,1.1,0.6666666666666666,1.0,0.8076923076923077,0.9583333333333334
2780,1.1923076923076923,0.6666666666666666,0.0,1.8666666666666667,0.0,1.1,0.6666666666666666,1.0,0.8076923076923077,0.9583333333333334,1.7
2781,0.6666666666666666,0.0,1.8666666666666667,0.0,1.1,0.6666666666666666,1.0,0.8076923076923077,0.9583333333333334,1.7,0.6
2782,0.0,1.8666666666666667,0.0,1.1,0.6666666666666666,1.0,0.8076923076923077,0.9583333333333334,1.7,0.6,1.0714285714285714
2783,1.8666666666666667,0.0,1.1,0.6666666666666666,1.0,0.8076923076923077,0.9583333333333334,1.7,0.6,1.0714285714285714,0.0
2784,0.0,1.1,0.6666666666666666,1.0,0.8076923076923077,0.9583333333333334,1.7,0.6,1.0714285714285714,0.0,1.5
2785,1.1,0.6666666666666666,1.0,0.8076923076923077,0.9583333333333334,1.7,0.6,1.0714285714285714,0.0,1.5,2.4166666666666665
2786,0.6666666666666666,1.0,0.8076923076923077,0.9583333333333334,1.7,0.6,1.0714285714285714,0.0,1.5,2.4166666666666665,1.6
2787,1.0,0.8076923076923077,0.9583333333333334,1.7,0.6,1.0714285714285714,0.0,1.5,2.4166666666666665,1.6,0.5
2788,0.8076923076923077,0.9583333333333334,1.7,0.6,1.0714285714285714,0.0,1.5,2.4166666666666665,1.6,0.5,1.35
2789,0.9583333333333334,1.7,0.6,1.0714285714285714,0.0,1.5,2.4166666666666665,1.6,0.5,1.35,0.0
2790,1.7307692307692308,1.1219512195121952,1.5952380952380953,1.4,0.5555555555555556,1.0,1.4545454545454546,1.5333333333333334,0.7272727272727273,1.2424242424242424,1.2424242424242424
2791,1.1219512195121952,1.5952380952380953,1.4,0.5555555555555556,1.0,1.4545454545454546,1.5333333333333334,0.7272727272727273,1.2424242424242424,1.2424242424242424,1.3
2792,1.5952380952380953,1.4,0.5555555555555556,1.0,1.4545454545454546,1.5333333333333334,0.7272727272727273,1.2424242424242424,1.2424242424242424,1.3,0.625
2793,1.4,0.5555555555555556,1.0,1.4545454545454546,1.5333333333333334,0.7272727272727273,1.2424242424242424,1.2424242424242424,1.3,0.625,1.25
2794,0.5555555555555556,1.0,1.4545454545454546,1.5333333333333334,0.7272727272727273,1.2424242424242424,1.2424242424242424,1.3,0.625,1.25,1.4821428571428572
2795,1.0,1.4545454545454546,1.5333333333333334,0.7272727272727273,1.2424242424242424,1.2424242424242424,1.3,0.625,1.25,1.4821428571428572,0.5714285714285714
2796,1.4545454545454546,1.5333333333333334,0.7272727272727273,1.2424242424242424,1.2424242424242424,1.3,0.625,1.25,1.4821428571428572,0.5714285714285714,0.0
2797,1.5333333333333334,0.7272727272727273,1.2424242424242424,1.2424242424242424,1.3,0.625,1.25,1.4821428571428572,0.5714285714285714,0.0,0.375
2798,0.7272727272727273,1.2424242424242424,1.2424242424242424,1.3,0.625,1.25,1.4821428571428572,0.5714285714285714,0.0,0.375,1.2
2799,1.2424242424242424,1.2424242424242424,1.3,0.625,1.25,1.4821428571428572,0.5714285714285714,0.0,0.375,1.2,1.0666666666666667
2800,1.2424242424242424,1.3,0.625,1.25,1.4821428571428572,0.5714285714285714,0.0,0.375,1.2,1.0666666666666667,1.2173913043478262
2801,1.3,0.625,1.25,1.4821428571428572,0.5714285714285714,0.0,0.375,1.2,1.0666666666666667,1.2173913043478262,0.7
2802,0.625,1.25,1.4821428571428572,0.5714285714285714,0.0,0.375,1.2,1.0666666666666667,1.2173913043478262,0.7,1.5925925925925926
2803,1.25,1.4821428571428572,0.5714285714285714,0.0,0.375,1.2,1.0666666666666667,1.2173913043478262,0.7,1.5925925925925926,1.2708333333333333
2804,1.4821428571428572,0.5714285714285714,0.0,0.375,1.2,1.0666666666666667,1.2173913043478262,0.7,1.5925925925925926,1.2708333333333333,0.9090909090909091
2805,0.5714285714285714,0.0,0.375,1.2,1.0666666666666667,1.2173913043478262,0.7,1.5925925925925926,1.2708333333333333,0.9090909090909091,1.4363636363636363
2806,0.0,0.375,1.2,1.0666666666666667,1.2173913043478262,0.7,1.5925925925925926,1.2708333333333333,0.9090909090909091,1.4363636363636363,0.59375
2807,0.375,1.2,1.0666666666666667,1.2173913043478262,0.7,1.5925925925925926,1.2708333333333333,0.9090909090909091,1.4363636363636363,0.59375,1.7254901960784315
2808,1.2,1.0666666666666667,1.2173913043478262,0.7,1.5925925925925926,1.2708333333333333,0.9090909090909091,1.4363636363636363,0.59375,1.7254901960784315,1.0
2809,1.0666666666666667,1.2173913043478262,0.7,1.5925925925925926,1.2708333333333333,0.9090909090909091,1.4363636363636363,0.59375,1.7254901960784315,1.0,0.9333333333333333
2810,1.2173913043478262,0.7,1.5925925925925926,1.2708333333333333,0.9090909090909091,1.4363636363636363,0.59375,1.7254901960784315,1.0,0.9333333333333333,1.4827586206896552
2811,0.7,1.5925925925925926,1.2708333333333333,0.9090909090909091,1.4363636363636363,0.59375,1.7254901960784315,1.0,0.9333333333333333,1.4827586206896552,0.5
2812,1.5925925925925926,1.2708333333333333,0.9090909090909091,1.4363636363636363,0.59375,1.7254901960784315,1.0,0.9333333333333333,1.4827586206896552,0.5,0.23076923076923078
2813,1.2708333333333333,0.9090909090909091,1.4363636363636363,0.59375,1.7254901960784315,1.0,0.9333333333333333,1.4827586206896552,0.5,0.23076923076923078,0.14285714285714285
2814,0.9090909090909091,1.4363636363636363,0.59375,1.7254901960784315,1.0,0.9333333333333333,1.4827586206896552,0.5,0.23076923076923078,0.14285714285714285,0.5555555555555556
2815,1.4363636363636363,0.59375,1.7254901960784315,1.0,0.9333333333333333,1.4827586206896552,0.5,0.23076923076923078,0.14285714285714285,0.5555555555555556,1.696969696969697
2816,0.59375,1.7254901960784315,1.0,0.9333333333333333,1.4827586206896552,0.5,0.23076923076923078,0.14285714285714285,0.5555555555555556,1.696969696969697,2.0
2817,1.7254901960784315,1.0,0.9333333333333333,1.4827586206896552,0.5,0.23076923076923078,0.14285714285714285,0.5555555555555556,1.696969696969697,2.0,1.1818181818181819
2818,1.0,0.9333333333333333,1.4827586206896552,0.5,0.23076923076923078,0.14285714285714285,0.5555555555555556,1.696969696969697,2.0,1.1818181818181819,0.6666666666666666
2819,0.9333333333333333,1.4827586206896552,0.5,0.23076923076923078,0.14285714285714285,0.5555555555555556,1.696969696969697,2.0,1.1818181818181819,0.6666666666666666,0.25
2820,1.4827586206896552,0.5,0.23076923076923078,0.14285714285714285,0.5555555555555556,1.696969696969697,2.0,1.1818181818181819,0.6666666666666666,0.25,0.8695652173913043
2821,0.5,0.23076923076923078,0.14285714285714285,0.5555555555555556,1.696969696969697,2.0,1.1818181818181819,0.6666666666666666,0.25,0.8695652173913043,1.2564102564102564
2822,0.23076923076923078,0.14285714285714285,0.5555555555555556,1.696969696969697,2.0,1.1818181818181819,0.6666666666666666,0.25,0.8695652173913043,1.2564102564102564,0.8461538461538461
2823,0.14285714285714285,0.5555555555555556,1.696969696969697,2.0,1.1818181818181819,0.6666666666666666,0.25,0.8695652173913043,1.2564102564102564,0.8461538461538461,0.4444444444444444
2824,0.5555555555555556,1.696969696969697,2.0,1.1818181818181819,0.6666666666666666,0.25,0.8695652173913043,1.2564102564102564,0.8461538461538461,0.4444444444444444,1.435897435897436
2825,1.696969696969697,2.0,1.1818181818181819,0.6666666666666666,0.25,0.8695652173913043,1.2564102564102564,0.8461538461538461,0.4444444444444444,1.435897435897436,1.2702702702702702
2826,2.0,1.1818181818181819,0.6666666666666666,0.25,0.8695652173913043,1.2564102564102564,0.8461538461538461,0.4444444444444444,1.435897435897436,1.2702702702702702,0.8
2827,1.1818181818181819,0.6666666666666666,0.25,0.8695652173913043,1.2564102564102564,0.8461538461538461,0.4444444444444444,1.435897435897436,1.2702702702702702,0.8,0.8648648648648649
2828,0.6666666666666666,0.25,0.8695652173913043,1.2564102564102564,0.8461538461538461,0.4444444444444444,1.435897435897436,1.2702702702702702,0.8,0.8648648648648649,0.9473684210526315
2829,0.25,0.8695652173913043,1.2564102564102564,0.8461538461538461,0.4444444444444444,1.435897435897436,1.2702702702702702,0.8,0.8648648648648649,0.9473684210526315,1.435897435897436
2830,0.8695652173913043,1.2564102564102564,0.8461538461538461,0.4444444444444444,1.435897435897436,1.2702702702702702,0.8,0.8648648648648649,0.9473684210526315,1.435897435897436,1.6101694915254237
2831,1.2564102564102564,0.8461538461538461,0.4444444444444444,1.435897435897436,1.2702702702702702,0.8,0.8648648648648649,0.9473684210526315,1.435897435897436,1.6101694915254237,1.206896551724138
2832,0.8461538461538461,0.4444444444444444,1.435897435897436,1.2702702702702702,0.8,0.8648648648648649,0.9473684210526315,1.435897435897436,1.6101694915254237,1.206896551724138,0.8333333333333334
2833,0.4444444444444444,1.435897435897436,1.2702702702702702,0.8,0.8648648648648649,0.9473684210526315,1.435897435897436,1.6101694915254237,1.206896551724138,0.8333333333333334,1.1875
2834,1.435897435897436,1.2702702702702702,0.8,0.8648648648648649,0.9473684210526315,1.435897435897436,1.6101694915254237,1.206896551724138,0.8333333333333334,1.1875,0.7843137254901961
2835,1.2702702702702702,0.8,0.8648648648648649,0.9473684210526315,1.435897435897436,1.6101694915254237,1.206896551724138,0.8333333333333334,1.1875,0.7843137254901961,0.5769230769230769
2836,0.8,0.8648648648648649,0.9473684210526315,1.435897435897436,1.6101694915254237,1.206896551724138,0.8333333333333334,1.1875,0.7843137254901961,0.5769230769230769,1.255813953488372
2837,0.8648648648648649,0.9473684210526315,1.435897435897436,1.6101694915254237,1.206896551724138,0.8333333333333334,1.1875,0.7843137254901961,0.5769230769230769,1.255813953488372,2.1481481481481484
2838,0.9473684210526315,1.435897435897436,1.6101694915254237,1.206896551724138,0.8333333333333334,1.1875,0.7843137254901961,0.5769230769230769,1.255813953488372,2.1481481481481484,0.5
2839,1.3170731707317074,2.111111111111111,1.9,3.3333333333333335,0.7142857142857143,1.0,1.2727272727272727,1.0,0.8333333333333334,0.7272727272727273,0.0
2840,2.111111111111111,1.9,3.3333333333333335,0.7142857142857143,1.0,1.2727272727272727,1.0,0.8333333333333334,0.7272727272727273,0.0,2.5714285714285716
2841,1.9,3.3333333333333335,0.7142857142857143,1.0,1.2727272727272727,1.0,0.8333333333333334,0.7272727272727273,0.0,2.5714285714285716,1.2777777777777777
2842,3.3333333333333335,0.7142857142857143,1.0,1.2727272727272727,1.0,0.8333333333333334,0.7272727272727273,0.0,2.5714285714285716,1.2777777777777777,1.25
2843,0.7142857142857143,1.0,1.2727272727272727,1.0,0.8333333333333334,0.7272727272727273,0.0,2.5714285714285716,1.2777777777777777,1.25,0.8333333333333334
2844,1.0,1.2727272727272727,1.0,0.8333333333333334,0.7272727272727273,0.0,2.5714285714285716,1.2777777777777777,1.25,0.8333333333333334,0.25
2845,1.2727272727272727,1.0,0.8333333333333334,0.7272727272727273,0.0,2.5714285714285716,1.2777777777777777,1.25,0.8333333333333334,0.25,1.3333333333333333
2846,1.0,0.8333333333333334,0.7272727272727273,0.0,2.5714285714285716,1.2777777777777777,1.25,0.8333333333333334,0.25,1.3333333333333333,1.7916666666666667
2847,0.8333333333333334,0.7272727272727273,0.0,2.5714285714285716,1.2777777777777777,1.25,0.8333333333333334,0.25,1.3333333333333333,1.7916666666666667,0.36363636363636365
2848,0.7272727272727273,0.0,2.5714285714285716,1.2777777777777777,1.25,0.8333333333333334,0.25,1.3333333333333333,1.7916666666666667,0.36363636363636365,2.0344827586206895
2849,0.0,2.5714285714285716,1.2777777777777777,1.25,0.8333333333333334,0.25,1.3333333333333333,1.7916666666666667,0.36363636363636365,2.0344827586206895,1.9090909090909092
2850,2.5714285714285716,1.2777777777777777,1.25,0.8333333333333334,0.25,1.3333333333333333,1.7916666666666667,0.36363636363636365,2.0344827586206895,1.9090909090909092,1.1904761904761905
2851,1.2777777777777777,1.25,0.8333333333333334,0.25,1.3333333333333333,1.7916666666666667,0.36363636363636365,2.0344827586206895,1.9090909090909092,1.1904761904761905,0.14285714285714285
2852,0.0,6.0,1.5454545454545454,0.5,1.7692307692307692,0.3333333333333333,2.75,0.6666666666666666,1.4285714285714286,2.8,1.6
2853,6.0,1.5454545454545454,0.5,1.7692307692307692,0.3333333333333333,2.75,0.6666666666666666,1.4285714285714286,2.8,1.6,1.3333333333333333
2854,1.5454545454545454,0.5,1.7692307692307692,0.3333333333333333,2.75,0.6666666666666666,1.4285714285714286,2.8,1.6,1.3333333333333333,0.6
2855,0.5,1.7692307692307692,0.3333333333333333,2.75,0.6666666666666666,1.4285714285714286,2.8,1.6,1.3333333333333333,0.6,1.2857142857142858
2856,1.7692307692307692,0.3333333333333333,2.75,0.6666666666666666,1.4285714285714286,2.8,1.6,1.3333333333333333,0.6,1.2857142857142858,0.0
2857,0.3333333333333333,2.75,0.6666666666666666,1.4285714285714286,2.8,1.6,1.3333333333333333,0.6,1.2857142857142858,0.0,2.0
2858,2.75,0.6666666666666666,1.4285714285714286,2.8,1.6,1.3333333333333333,0.6,1.2857142857142858,0.0,2.0,1.7142857142857142
2859,0.6666666666666666,1.4285714285714286,2.8,1.6,1.3333333333333333,0.6,1.2857142857142858,0.0,2.0,1.7142857142857142,0.5
2860,1.4285714285714286,2.8,1.6,1.3333333333333333,0.6,1.2857142857142858,0.0,2.0,1.7142857142857142,0.5,3.0
2861,2.8,1.6,1.3333333333333333,0.6,1.2857142857142858,0.0,2.0,1.7142857142857142,0.5,3.0,1.6666666666666667
2862,1.6,1.3333333333333333,0.6,1.2857142857142858,0.0,2.0,1.7142857142857142,0.5,3.0,1.6666666666666667,3.25
2863,1.3333333333333333,0.6,1.2857142857142858,0.0,2.0,1.7142857142857142,0.5,3.0,1.6666666666666667,3.25,0.75
2864,0.6,1.2857142857142858,0.0,2.0,1.7142857142857142,0.5,3.0,1.6666666666666667,3.25,0.75,1.125
2865,1.2857142857142858,0.0,2.0,1.7142857142857142,0.5,3.0,1.6666666666666667,3.25,0.75,1.125,0.0
2866,0.0,2.0,1.7142857142857142,0.5,3.0,1.6666666666666667,3.25,0.75,1.125,0.0,1.0
2867,2.0,1.7142857142857142,0.5,3.0,1.6666666666666667,3.25,0.75,1.125,0.0,1.0,3.0
2868,1.7142857142857142,0.5,3.0,1.6666666666666667,3.25,0.75,1.125,0.0,1.0,3.0,1.6923076923076923
2869,1.0416666666666667,0.8,1.3962264150943395,1.3170731707317074,1.2857142857142858,1.4390243902439024,2.210526315789474,0.75,1.5,1.5,0.8235294117647058
2870,0.8,1.3962264150943395,1.3170731707317074,1.2857142857142858,1.4390243902439024,2.210526315789474,0.75,1.5,1.5,0.8235294117647058,0.75
2871,1.3962264150943395,1.3170731707317074,1.2857142857142858,1.4390243902439024,2.210526315789474,0.75,1.5,1.5,0.8235294117647058,0.75,1.125
2872,1.3170731707317074,1.2857142857142858,1.4390243902439024,2.210526315789474,0.75,1.5,1.5,0.8235294117647058,0.75,1.125,1.5454545454545454
2873,1.2857142857142858,1.4390243902439024,2.210526315789474,0.75,1.5,1.5,0.8235294117647058,0.75,1.125,1.5454545454545454,1.0
2874,1.4390243902439024,2.210526315789474,0.75,1.5,1.5,0.8235294117647058,0.75,1.125,1.5454545454545454,1.0,0.8
2875,2.210526315789474,0.75,1.5,1.5,0.8235294117647058,0.75,1.125,1.5454545454545454,1.0,0.8,0.8
2876,0.75,1.5,1.5,0.8235294117647058,0.75,1.125,1.5454545454545454,1.0,0.8,0.8,1.0666666666666667
2877,1.5,1.5,0.8235294117647058,0.75,1.125,1.5454545454545454,1.0,0.8,0.8,1.0666666666666667,1.0
2878,1.5,0.8235294117647058,0.75,1.125,1.5454545454545454,1.0,0.8,0.8,1.0666666666666667,1.0,0.625
2879,0.8235294117647058,0.75,1.125,1.5454545454545454,1.0,0.8,0.8,1.0666666666666667,1.0,0.625,0.9285714285714286
2880,0.75,1.125,1.5454545454545454,1.0,0.8,0.8,1.0666666666666667,1.0,0.625,0.9285714285714286,1.435897435897436
2881,1.125,1.5454545454545454,1.0,0.8,0.8,1.0666666666666667,1.0,0.625,0.9285714285714286,1.435897435897436,1.0
2882,1.5454545454545454,1.0,0.8,0.8,1.0666666666666667,1.0,0.625,0.9285714285714286,1.435897435897436,1.0,0.96875
2883,1.0,0.8,0.8,1.0666666666666667,1.0,0.625,0.9285714285714286,1.435897435897436,1.0,0.96875,1.25
2884,0.8,0.8,1.0666666666666667,1.0,0.625,0.9285714285714286,1.435897435897436,1.0,0.96875,1.25,1.2857142857142858
2885,0.8,1.0666666666666667,1.0,0.625,0.9285714285714286,1.435897435897436,1.0,0.96875,1.25,1.2857142857142858,0.0
2886,1.0666666666666667,1.0,0.625,0.9285714285714286,1.435897435897436,1.0,0.96875,1.25,1.2857142857142858,0.0,1.4666666666666666
2887,1.0,0.625,0.9285714285714286,1.435897435897436,1.0,0.96875,1.25,1.2857142857142858,0.0,1.4666666666666666,1.6
2888,0.625,0.9285714285714286,1.435897435897436,1.0,0.96875,1.25,1.2857142857142858,0.0,1.4666666666666666,1.6,1.4
2889,0.9285714285714286,1.435897435897436,1.0,0.96875,1.25,1.2857142857142858,0.0,1.4666666666666666,1.6,1.4,1.175
2890,1.435897435897436,1.0,0.96875,1.25,1.2857142857142858,0.0,1.4666666666666666,1.6,1.4,1.175,1.0833333333333333
2891,1.0,0.96875,1.25,1.2857142857142858,0.0,1.4666666666666666,1.6,1.4,1.175,1.0833333333333333,1.2
2892,0.96875,1.25,1.2857142857142858,0.0,1.4666666666666666,1.6,1.4,1.175,1.0833333333333333,1.2,1.0833333333333333
2893,1.25,1.2857142857142858,0.0,1.4666666666666666,1.6,1.4,1.175,1.0833333333333333,1.2,1.0833333333333333,1.1578947368421053
2894,1.2857142857142858,0.0,1.4666666666666666,1.6,1.4,1.175,1.0833333333333333,1.2,1.0833333333333333,1.1578947368421053,1.105263157894737
2895,0.0,1.4666666666666666,1.6,1.4,1.175,1.0833333333333333,1.2,1.0833333333333333,1.1578947368421053,1.105263157894737,1.56
2896,1.4666666666666666,1.6,1.4,1.175,1.0833333333333333,1.2,1.0833333333333333,1.1578947368421053,1.105263157894737,1.56,1.5625
2897,1.6,1.4,1.175,1.0833333333333333,1.2,1.0833333333333333,1.1578947368421053,1.105263157894737,1.56,1.5625,1.4736842105263157
2898,1.4,1.175,1.0833333333333333,1.2,1.0833333333333333,1.1578947368421053,1.105263157894737,1.56,1.5625,1.4736842105263157,1.558139534883721
2899,1.175,1.0833333333333333,1.2,1.0833333333333333,1.1578947368421053,1.105263157894737,1.56,1.5625,1.4736842105263157,1.558139534883721,1.1818181818181819
2900,1.0833333333333333,1.2,1.0833333333333333,1.1578947368421053,1.105263157894737,1.56,1.5625,1.4736842105263157,1.558139534883721,1.1818181818181819,1.8333333333333333
2901,1.2,1.0833333333333333,1.1578947368421053,1.105263157894737,1.56,1.5625,1.4736842105263157,1.558139534883721,1.1818181818181819,1.8333333333333333,2.857142857142857
2902,1.0833333333333333,1.1578947368421053,1.105263157894737,1.56,1.5625,1.4736842105263157,1.558139534883721,1.1818181818181819,1.8333333333333333,2.857142857142857,0.8
2903,1.1578947368421053,1.105263157894737,1.56,1.5625,1.4736842105263157,1.558139534883721,1.1818181818181819,1.8333333333333333,2.857142857142857,0.8,1.8571428571428572
2904,1.105263157894737,1.56,1.5625,1.4736842105263157,1.558139534883721,1.1818181818181819,1.8333333333333333,2.857142857142857,0.8,1.8571428571428572,2.4166666666666665
2905,1.56,1.5625,1.4736842105263157,1.558139534883721,1.1818181818181819,1.8333333333333333,2.857142857142857,0.8,1.8571428571428572,2.4166666666666665,0.9365079365079365
2906,1.5625,1.4736842105263157,1.558139534883721,1.1818181818181819,1.8333333333333333,2.857142857142857,0.8,1.8571428571428572,2.4166666666666665,0.9365079365079365,1.4444444444444444
2907,1.4736842105263157,1.558139534883721,1.1818181818181819,1.8333333333333333,2.857142857142857,0.8,1.8571428571428572,2.4166666666666665,0.9365079365079365,1.4444444444444444,0.16666666666666666
2908,1.558139534883721,1.1818181818181819,1.8333333333333333,2.857142857142857,0.8,1.8571428571428572,2.4166666666666665,0.9365079365079365,1.4444444444444444,0.16666666666666666,0.8
2909,1.1818181818181819,1.8333333333333333,2.857142857142857,0.8,1.8571428571428572,2.4166666666666665,0.9365079365079365,1.4444444444444444,0.16666666666666666,0.8,1.1481481481481481
2910,1.8333333333333333,2.857142857142857,0.8,1.8571428571428572,2.4166666666666665,0.9365079365079365,1.4444444444444444,0.16666666666666666,0.8,1.1481481481481481,0.8571428571428571
2911,2.857142857142857,0.8,1.8571428571428572,2.4166666666666665,0.9365079365079365,1.4444444444444444,0.16666666666666666,0.8,1.1481481481481481,0.8571428571428571,1.2580645161290323
2912,0.8,1.8571428571428572,2.4166666666666665,0.9365079365079365,1.4444444444444444,0.16666666666666666,0.8,1.1481481481481481,0.8571428571428571,1.2580645161290323,1.0
2913,1.8571428571428572,2.4166666666666665,0.9365079365079365,1.4444444444444444,0.16666666666666666,0.8,1.1481481481481481,0.8571428571428571,1.2580645161290323,1.0,1.0625
2914,2.4166666666666665,0.9365079365079365,1.4444444444444444,0.16666666666666666,0.8,1.1481481481481481,0.8571428571428571,1.2580645161290323,1.0,1.0625,1.0
2915,0.9365079365079365,1.4444444444444444,0.16666666666666666,0.8,1.1481481481481481,0.8571428571428571,1.2580645161290323,1.0,1.0625,1.0,0.7037037037037037
2916,1.4444444444444444,0.16666666666666666,0.8,1.1481481481481481,0.8571428571428571,1.2580645161290323,1.0,1.0625,1.0,0.7037037037037037,0.7916666666666666
2917,0.16666666666666666,0.8,1.1481481481481481,0.8571428571428571,1.2580645161290323,1.0,1.0625,1.0,0.7037037037037037,0.7916666666666666,1.5517241379310345
2918,0.8,1.1481481481481481,0.8571428571428571,1.2580645161290323,1.0,1.0625,1.0,0.7037037037037037,0.7916666666666666,1.5517241379310345,0.8095238095238095
2919,1.1481481481481481,0.8571428571428571,1.2580645161290323,1.0,1.0625,1.0,0.7037037037037037,0.7916666666666666,1.5517241379310345,0.8095238095238095,1.5806451612903225
2920,0.8571428571428571,1.2580645161290323,1.0,1.0625,1.0,0.7037037037037037,0.7916666666666666,1.5517241379310345,0.8095238095238095,1.5806451612903225,0.8846153846153846
2921,1.2580645161290323,1.0,1.0625,1.0,0.7037037037037037,0.7916666666666666,1.5517241379310345,0.8095238095238095,1.5806451612903225,0.8846153846153846,1.1333333333333333
2922,1.0,1.0625,1.0,0.7037037037037037,0.7916666666666666,1.5517241379310345,0.8095238095238095,1.5806451612903225,0.8846153846153846,1.1333333333333333,1.0714285714285714
2923,1.0625,1.0,0.7037037037037037,0.7916666666666666,1.5517241379310345,0.8095238095238095,1.5806451612903225,0.8846153846153846,1.1333333333333333,1.0714285714285714,1.6470588235294117
2924,1.0,0.7037037037037037,0.7916666666666666,1.5517241379310345,0.8095238095238095,1.5806451612903225,0.8846153846153846,1.1333333333333333,1.0714285714285714,1.6470588235294117,0.8571428571428571
2925,0.7037037037037037,0.7916666666666666,1.5517241379310345,0.8095238095238095,1.5806451612903225,0.8846153846153846,1.1333333333333333,1.0714285714285714,1.6470588235294117,0.8571428571428571,1.1162790697674418
2926,0.7916666666666666,1.5517241379310345,0.8095238095238095,1.5806451612903225,0.8846153846153846,1.1333333333333333,1.0714285714285714,1.6470588235294117,0.8571428571428571,1.1162790697674418,0.92
2927,1.5517241379310345,0.8095238095238095,1.5806451612903225,0.8846153846153846,1.1333333333333333,1.0714285714285714,1.6470588235294117,0.8571428571428571,1.1162790697674418,0.92,1.3333333333333333
2928,0.8095238095238095,1.5806451612903225,0.8846153846153846,1.1333333333333333,1.0714285714285714,1.6470588235294117,0.8571428571428571,1.1162790697674418,0.92,1.3333333333333333,1.4444444444444444
2929,1.5806451612903225,0.8846153846153846,1.1333333333333333,1.0714285714285714,1.6470588235294117,0.8571428571428571,1.1162790697674418,0.92,1.3333333333333333,1.4444444444444444,1.0
2930,0.8846153846153846,1.1333333333333333,1.0714285714285714,1.6470588235294117,0.8571428571428571,1.1162790697674418,0.92,1.3333333333333333,1.4444444444444444,1.0,0.75
2931,1.1333333333333333,1.0714285714285714,1.6470588235294117,0.8571428571428571,1.1162790697674418,0.92,1.3333333333333333,1.4444444444444444,1.0,0.75,1.5294117647058822
2932,1.0714285714285714,1.6470588235294117,0.8571428571428571,1.1162790697674418,0.92,1.3333333333333333,1.4444444444444444,1.0,0.75,1.5294117647058822,1.4285714285714286
2933,1.6470588235294117,0.8571428571428571,1.1162790697674418,0.92,1.3333333333333333,1.4444444444444444,1.0,0.75,1.5294117647058822,1.4285714285714286,1.488888888888889
2934,1.2,1.5,1.5,1.7173913043478262,1.1,1.3333333333333333,0.9512195121951219,1.2820512820512822,1.8181818181818181,1.8333333333333333,1.2
2935,1.5,1.5,1.7173913043478262,1.1,1.3333333333333333,0.9512195121951219,1.2820512820512822,1.8181818181818181,1.8333333333333333,1.2,1.3235294117647058
2936,1.5,1.7173913043478262,1.1,1.3333333333333333,0.9512195121951219,1.2820512820512822,1.8181818181818181,1.8333333333333333,1.2,1.3235294117647058,1.375
2937,1.7173913043478262,1.1,1.3333333333333333,0.9512195121951219,1.2820512820512822,1.8181818181818181,1.8333333333333333,1.2,1.3235294117647058,1.375,1.1428571428571428
2938,1.1,1.3333333333333333,0.9512195121951219,1.2820512820512822,1.8181818181818181,1.8333333333333333,1.2,1.3235294117647058,1.375,1.1428571428571428,1.25
2939,1.3333333333333333,0.9512195121951219,1.2820512820512822,1.8181818181818181,1.8333333333333333,1.2,1.3235294117647058,1.375,1.1428571428571428,1.25,1.5434782608695652
2940,0.9512195121951219,1.2820512820512822,1.8181818181818181,1.8333333333333333,1.2,1.3235294117647058,1.375,1.1428571428571428,1.25,1.5434782608695652,1.255813953488372
2941,1.2820512820512822,1.8181818181818181,1.8333333333333333,1.2,1.3235294117647058,1.375,1.1428571428571428,1.25,1.5434782608695652,1.255813953488372,0.9545454545454546
2942,1.8181818181818181,1.8333333333333333,1.2,1.3235294117647058,1.375,1.1428571428571428,1.25,1.5434782608695652,1.255813953488372,0.9545454545454546,0.6666666666666666
2943,1.8333333333333333,1.2,1.3235294117647058,1.375,1.1428571428571428,1.25,1.5434782608695652,1.255813953488372,0.9545454545454546,0.6666666666666666,0.3333333333333333
2944,1.2,1.3235294117647058,1.375,1.1428571428571428,1.25,1.5434782608695652,1.255813953488372,0.9545454545454546,0.6666666666666666,0.3333333333333333,0.8
2945,1.3235294117647058,1.375,1.1428571428571428,1.25,1.5434782608695652,1.255813953488372,0.9545454545454546,0.6666666666666666,0.3333333333333333,0.8,1.9230769230769231
2946,1.375,1.1428571428571428,1.25,1.5434782608695652,1.255813953488372,0.9545454545454546,0.6666666666666666,0.3333333333333333,0.8,1.9230769230769231,1.2195121951219512
2947,1.1428571428571428,1.25,1.5434782608695652,1.255813953488372,0.9545454545454546,0.6666666666666666,0.3333333333333333,0.8,1.9230769230769231,1.2195121951219512,1.1923076923076923
2948,1.25,1.5434782608695652,1.255813953488372,0.9545454545454546,0.6666666666666666,0.3333333333333333,0.8,1.9230769230769231,1.2195121951219512,1.1923076923076923,1.2083333333333333
2949,1.5434782608695652,1.255813953488372,0.9545454545454546,0.6666666666666666,0.3333333333333333,0.8,1.9230769230769231,1.2195121951219512,1.1923076923076923,1.2083333333333333,1.0
2950,1.255813953488372,0.9545454545454546,0.6666666666666666,0.3333333333333333,0.8,1.9230769230769231,1.2195121951219512,1.1923076923076923,1.2083333333333333,1.0,0.4444444444444444
2951,0.9545454545454546,0.6666666666666666,0.3333333333333333,0.8,1.9230769230769231,1.2195121951219512,1.1923076923076923,1.2083333333333333,1.0,0.4444444444444444,1.048780487804878
2952,0.6666666666666666,0.3333333333333333,0.8,1.9230769230769231,1.2195121951219512,1.1923076923076923,1.2083333333333333,1.0,0.4444444444444444,1.048780487804878,1.5
2953,0.3333333333333333,0.8,1.9230769230769231,1.2195121951219512,1.1923076923076923,1.2083333333333333,1.0,0.4444444444444444,1.048780487804878,1.5,1.7
2954,0.8,1.9230769230769231,1.2195121951219512,1.1923076923076923,1.2083333333333333,1.0,0.4444444444444444,1.048780487804878,1.5,1.7,1.5833333333333333
2955,1.9230769230769231,1.2195121951219512,1.1923076923076923,1.2083333333333333,1.0,0.4444444444444444,1.048780487804878,1.5,1.7,1.5833333333333333,1.4333333333333333
2956,1.2195121951219512,1.1923076923076923,1.2083333333333333,1.0,0.4444444444444444,1.048780487804878,1.5,1.7,1.5833333333333333,1.4333333333333333,1.25
2957,1.1923076923076923,1.2083333333333333,1.0,0.4444444444444444,1.048780487804878,1.5,1.7,1.5833333333333333,1.4333333333333333,1.25,1.9166666666666667
2958,1.2083333333333333,1.0,0.4444444444444444,1.048780487804878,1.5,1.7,1.5833333333333333,1.4333333333333333,1.25,1.9166666666666667,2.4285714285714284
2959,1.0,0.4444444444444444,1.048780487804878,1.5,1.7,1.5833333333333333,1.4333333333333333,1.25,1.9166666666666667,2.4285714285714284,0.0
2960,0.4444444444444444,1.048780487804878,1.5,1.7,1.5833333333333333,1.4333333333333333,1.25,1.9166666666666667,2.4285714285714284,0.0,0.0
2961,1.048780487804878,1.5,1.7,1.5833333333333333,1.4333333333333333,1.25,1.9166666666666667,2.4285714285714284,0.0,0.0,1.7272727272727273
2962,1.5,1.7,1.5833333333333333,1.4333333333333333,1.25,1.9166666666666667,2.4285714285714284,0.0,0.0,1.7272727272727273,1.6046511627906976
2963,1.7,1.5833333333333333,1.4333333333333333,1.25,1.9166666666666667,2.4285714285714284,0.0,0.0,1.7272727272727273,1.6046511627906976,0.9333333333333333
2964,1.5833333333333333,1.4333333333333333,1.25,1.9166666666666667,2.4285714285714284,0.0,0.0,1.7272727272727273,1.6046511627906976,0.9333333333333333,1.4074074074074074
2965,1.4333333333333333,1.25,1.9166666666666667,2.4285714285714284,0.0,0.0,1.7272727272727273,1.6046511627906976,0.9333333333333333,1.4074074074074074,1.489795918367347
2966,1.25,1.9166666666666667,2.4285714285714284,0.0,0.0,1.7272727272727273,1.6046511627906976,0.9333333333333333,1.4074074074074074,1.489795918367347,1.5106382978723405
2967,1.9166666666666667,2.4285714285714284,0.0,0.0,1.7272727272727273,1.6046511627906976,0.9333333333333333,1.4074074074074074,1.489795918367347,1.5106382978723405,1.4038461538461537
2968,2.4285714285714284,0.0,0.0,1.7272727272727273,1.6046511627906976,0.9333333333333333,1.4074074074074074,1.489795918367347,1.5106382978723405,1.4038461538461537,0.7777777777777778
2969,0.0,0.0,1.7272727272727273,1.6046511627906976,0.9333333333333333,1.4074074074074074,1.489795918367347,1.5106382978723405,1.4038461538461537,0.7777777777777778,0.9743589743589743
2970,0.0,1.7272727272727273,1.6046511627906976,0.9333333333333333,1.4074074074074074,1.489795918367347,1.5106382978723405,1.4038461538461537,0.7777777777777778,0.9743589743589743,0.3333333333333333
2971,1.7272727272727273,1.6046511627906976,0.9333333333333333,1.4074074074074074,1.489795918367347,1.5106382978723405,1.4038461538461537,0.7777777777777778,0.9743589743589743,0.3333333333333333,1.16
2972,1.6046511627906976,0.9333333333333333,1.4074074074074074,1.489795918367347,1.5106382978723405,1.4038461538461537,0.7777777777777778,0.9743589743589743,0.3333333333333333,1.16,1.0303030303030303
2973,0.9333333333333333,1.4074074074074074,1.489795918367347,1.5106382978723405,1.4038461538461537,0.7777777777777778,0.9743589743589743,0.3333333333333333,1.16,1.0303030303030303,1.2641509433962264
2974,1.4074074074074074,1.489795918367347,1.5106382978723405,1.4038461538461537,0.7777777777777778,0.9743589743589743,0.3333333333333333,1.16,1.0303030303030303,1.2641509433962264,1.5789473684210527
2975,1.489795918367347,1.5106382978723405,1.4038461538461537,0.7777777777777778,0.9743589743589743,0.3333333333333333,1.16,1.0303030303030303,1.2641509433962264,1.5789473684210527,0.7
2976,1.5106382978723405,1.4038461538461537,0.7777777777777778,0.9743589743589743,0.3333333333333333,1.16,1.0303030303030303,1.2641509433962264,1.5789473684210527,0.7,1.2340425531914894
2977,1.4038461538461537,0.7777777777777778,0.9743589743589743,0.3333333333333333,1.16,1.0303030303030303,1.2641509433962264,1.5789473684210527,0.7,1.2340425531914894,1.878787878787879
2978,0.7777777777777778,0.9743589743589743,0.3333333333333333,1.16,1.0303030303030303,1.2641509433962264,1.5789473684210527,0.7,1.2340425531914894,1.878787878787879,0.8
2979,0.9743589743589743,0.3333333333333333,1.16,1.0303030303030303,1.2641509433962264,1.5789473684210527,0.7,1.2340425531914894,1.878787878787879,0.8,1.2916666666666667
2980,0.3333333333333333,1.16,1.0303030303030303,1.2641509433962264,1.5789473684210527,0.7,1.2340425531914894,1.878787878787879,0.8,1.2916666666666667,1.75
2981,1.16,1.0303030303030303,1.2641509433962264,1.5789473684210527,0.7,1.2340425531914894,1.878787878787879,0.8,1.2916666666666667,1.75,1.3414634146341464
2982,1.0303030303030303,1.2641509433962264,1.5789473684210527,0.7,1.2340425531914894,1.878787878787879,0.8,1.2916666666666667,1.75,1.3414634146341464,1.25
2983,1.2641509433962264,1.5789473684210527,0.7,1.2340425531914894,1.878787878787879,0.8,1.2916666666666667,1.75,1.3414634146341464,1.25,0.5
2984,1.5789473684210527,0.7,1.2340425531914894,1.878787878787879,0.8,1.2916666666666667,1.75,1.3414634146341464,1.25,0.5,0.7272727272727273
2985,0.7,1.2340425531914894,1.878787878787879,0.8,1.2916666666666667,1.75,1.3414634146341464,1.25,0.5,0.7272727272727273,1.40625
2986,1.2340425531914894,1.878787878787879,0.8,1.2916666666666667,1.75,1.3414634146341464,1.25,0.5,0.7272727272727273,1.40625,1.5
2987,1.878787878787879,0.8,1.2916666666666667,1.75,1.3414634146341464,1.25,0.5,0.7272727272727273,1.40625,1.5,0.8181818181818182
2988,0.8,1.2916666666666667,1.75,1.3414634146341464,1.25,0.5,0.7272727272727273,1.40625,1.5,0.8181818181818182,0.8461538461538461
2989,1.2916666666666667,1.75,1.3414634146341464,1.25,0.5,0.7272727272727273,1.40625,1.5,0.8181818181818182,0.8461538461538461,1.0625
2990,1.75,1.3414634146341464,1.25,0.5,0.7272727272727273,1.40625,1.5,0.8181818181818182,0.8461538461538461,1.0625,0.3333333333333333
2991,1.3414634146341464,1.25,0.5,0.7272727272727273,1.40625,1.5,0.8181818181818182,0.8461538461538461,1.0625,0.3333333333333333,0.8461538461538461
2992,1.25,0.5,0.7272727272727273,1.40625,1.5,0.8181818181818182,0.8461538461538461,1.0625,0.3333333333333333,0.8461538461538461,1.0
2993,0.5,0.7272727272727273,1.40625,1.5,0.8181818181818182,0.8461538461538461,1.0625,0.3333333333333333,0.8461538461538461,1.0,1.8
2994,0.7272727272727273,1.40625,1.5,0.8181818181818182,0.8461538461538461,1.0625,0.3333333333333333,0.8461538461538461,1.0,1.8,1.5952380952380953
2995,1.40625,1.5,0.8181818181818182,0.8461538461538461,1.0625,0.3333333333333333,0.8461538461538461,1.0,1.8,1.5952380952380953,0.9090909090909091
2996,1.5,0.8181818181818182,0.8461538461538461,1.0625,0.3333333333333333,0.8461538461538461,1.0,1.8,1.5952380952380953,0.9090909090909091,1.4210526315789473
2997,0.8181818181818182,0.8461538461538461,1.0625,0.3333333333333333,0.8461538461538461,1.0,1.8,1.5952380952380953,0.9090909090909091,1.4210526315789473,1.4516129032258065
2998,0.8461538461538461,1.0625,0.3333333333333333,0.8461538461538461,1.0,1.8,1.5952380952380953,0.9090909090909091,1.4210526315789473,1.4516129032258065,0.14285714285714285
2999,1.0625,0.3333333333333333,0.8461538461538461,1.0,1.8,1.5952380952380953,0.9090909090909091,1.4210526315789473,1.4516129032258065,0.14285714285714285,1.7454545454545454
3000,0.3333333333333333,0.8461538461538461,1.0,1.8,1.5952380952380953,0.9090909090909091,1.4210526315789473,1.4516129032258065,0.14285714285714285,1.7454545454545454,0.5454545454545454
3001,0.8461538461538461,1.0,1.8,1.5952380952380953,0.9090909090909091,1.4210526315789473,1.4516129032258065,0.14285714285714285,1.7454545454545454,0.5454545454545454,0.5454545454545454
3002,1.0,1.8,1.5952380952380953,0.9090909090909091,1.4210526315789473,1.4516129032258065,0.14285714285714285,1.7454545454545454,0.5454545454545454,0.5454545454545454,2.0
3003,1.8,1.5952380952380953,0.9090909090909091,1.4210526315789473,1.4516129032258065,0.14285714285714285,1.7454545454545454,0.5454545454545454,0.5454545454545454,2.0,1.3181818181818181
3004,1.5952380952380953,0.9090909090909091,1.4210526315789473,1.4516129032258065,0.14285714285714285,1.7454545454545454,0.5454545454545454,0.5454545454545454,2.0,1.3181818181818181,1.411764705882353
3005,0.9090909090909091,1.4210526315789473,1.4516129032258065,0.14285714285714285,1.7454545454545454,0.5454545454545454,0.5454545454545454,2.0,1.3181818181818181,1.411764705882353,1.1578947368421053
3006,1.4210526315789473,1.4516129032258065,0.14285714285714285,1.7454545454545454,0.5454545454545454,0.5454545454545454,2.0,1.3181818181818181,1.411764705882353,1.1578947368421053,0.14285714285714285
3007,1.4516129032258065,0.14285714285714285,1.7454545454545454,0.5454545454545454,0.5454545454545454,2.0,1.3181818181818181,1.411764705882353,1.1578947368421053,0.14285714285714285,0.0
3008,0.14285714285714285,1.7454545454545454,0.5454545454545454,0.5454545454545454,2.0,1.3181818181818181,1.411764705882353,1.1578947368421053,0.14285714285714285,0.0,1.1111111111111112
3009,1.7454545454545454,0.5454545454545454,0.5454545454545454,2.0,1.3181818181818181,1.411764705882353,1.1578947368421053,0.14285714285714285,0.0,1.1111111111111112,0.0
3010,0.5454545454545454,0.5454545454545454,2.0,1.3181818181818181,1.411764705882353,1.1578947368421053,0.14285714285714285,0.0,1.1111111111111112,0.0,1.0909090909090908
3011,0.5454545454545454,2.0,1.3181818181818181,1.411764705882353,1.1578947368421053,0.14285714285714285,0.0,1.1111111111111112,0.0,1.0909090909090908,1.9411764705882353
3012,2.0,1.3181818181818181,1.411764705882353,1.1578947368421053,0.14285714285714285,0.0,1.1111111111111112,0.0,1.0909090909090908,1.9411764705882353,1.7857142857142858
3013,1.3181818181818181,1.411764705882353,1.1578947368421053,0.14285714285714285,0.0,1.1111111111111112,0.0,1.0909090909090908,1.9411764705882353,1.7857142857142858,1.3157894736842106
3014,1.411764705882353,1.1578947368421053,0.14285714285714285,0.0,1.1111111111111112,0.0,1.0909090909090908,1.9411764705882353,1.7857142857142858,1.3157894736842106,1.1388888888888888
3015,1.1578947368421053,0.14285714285714285,0.0,1.1111111111111112,0.0,1.0909090909090908,1.9411764705882353,1.7857142857142858,1.3157894736842106,1.1388888888888888,1.7272727272727273
3016,0.14285714285714285,0.0,1.1111111111111112,0.0,1.0909090909090908,1.9411764705882353,1.7857142857142858,1.3157894736842106,1.1388888888888888,1.7272727272727273,1.5897435897435896
3017,0.0,1.1111111111111112,0.0,1.0909090909090908,1.9411764705882353,1.7857142857142858,1.3157894736842106,1.1388888888888888,1.7272727272727273,1.5897435897435896,0.7142857142857143
3018,1.1111111111111112,0.0,1.0909090909090908,1.9411764705882353,1.7857142857142858,1.3157894736842106,1.1388888888888888,1.7272727272727273,1.5897435897435896,0.7142857142857143,0.8888888888888888
3019,0.0,1.0909090909090908,1.9411764705882353,1.7857142857142858,1.3157894736842106,1.1388888888888888,1.7272727272727273,1.5897435897435896,0.7142857142857143,0.8888888888888888,1.56
3020,1.0909090909090908,1.9411764705882353,1.7857142857142858,1.3157894736842106,1.1388888888888888,1.7272727272727273,1.5897435897435896,0.7142857142857143,0.8888888888888888,1.56,1.6923076923076923
3021,1.9411764705882353,1.7857142857142858,1.3157894736842106,1.1388888888888888,1.7272727272727273,1.5897435897435896,0.7142857142857143,0.8888888888888888,1.56,1.6923076923076923,1.45
3022,1.7857142857142858,1.3157894736842106,1.1388888888888888,1.7272727272727273,1.5897435897435896,0.7142857142857143,0.8888888888888888,1.56,1.6923076923076923,1.45,1.45
3023,1.3157894736842106,1.1388888888888888,1.7272727272727273,1.5897435897435896,0.7142857142857143,0.8888888888888888,1.56,1.6923076923076923,1.45,1.45,0.6666666666666666
3024,1.1388888888888888,1.7272727272727273,1.5897435897435896,0.7142857142857143,0.8888888888888888,1.56,1.6923076923076923,1.45,1.45,0.6666666666666666,1.5853658536585367
3025,1.7272727272727273,1.5897435897435896,0.7142857142857143,0.8888888888888888,1.56,1.6923076923076923,1.45,1.45,0.6666666666666666,1.5853658536585367,1.4736842105263157
3026,1.5897435897435896,0.7142857142857143,0.8888888888888888,1.56,1.6923076923076923,1.45,1.45,0.6666666666666666,1.5853658536585367,1.4736842105263157,1.697674418604651
3027,0.7142857142857143,0.8888888888888888,1.56,1.6923076923076923,1.45,1.45,0.6666666666666666,1.5853658536585367,1.4736842105263157,1.697674418604651,1.5
3028,0.8888888888888888,1.56,1.6923076923076923,1.45,1.45,0.6666666666666666,1.5853658536585367,1.4736842105263157,1.697674418604651,1.5,1.45
3029,1.56,1.6923076923076923,1.45,1.45,0.6666666666666666,1.5853658536585367,1.4736842105263157,1.697674418604651,1.5,1.45,0.0
3030,1.6923076923076923,1.45,1.45,0.6666666666666666,1.5853658536585367,1.4736842105263157,1.697674418604651,1.5,1.45,0.0,0.75
3031,1.45,1.45,0.6666666666666666,1.5853658536585367,1.4736842105263157,1.697674418604651,1.5,1.45,0.0,0.75,0.8125
3032,1.45,0.6666666666666666,1.5853658536585367,1.4736842105263157,1.697674418604651,1.5,1.45,0.0,0.75,0.8125,1.411764705882353
3033,0.6666666666666666,1.5853658536585367,1.4736842105263157,1.697674418604651,1.5,1.45,0.0,0.75,0.8125,1.411764705882353,2.08
3034,1.5853658536585367,1.4736842105263157,1.697674418604651,1.5,1.45,0.0,0.75,0.8125,1.411764705882353,2.08,1.15
3035,1.4736842105263157,1.697674418604651,1.5,1.45,0.0,0.75,0.8125,1.411764705882353,2.08,1.15,0.0
3036,1.697674418604651,1.5,1.45,0.0,0.75,0.8125,1.411764705882353,2.08,1.15,0.0,1.2608695652173914
3037,1.5,1.45,0.0,0.75,0.8125,1.411764705882353,2.08,1.15,0.0,1.2608695652173914,1.0952380952380953
3038,1.45,0.0,0.75,0.8125,1.411764705882353,2.08,1.15,0.0,1.2608695652173914,1.0952380952380953,0.9259259259259259
3039,0.0,0.75,0.8125,1.411764705882353,2.08,1.15,0.0,1.2608695652173914,1.0952380952380953,0.9259259259259259,1.1578947368421053
3040,0.75,0.8125,1.411764705882353,2.08,1.15,0.0,1.2608695652173914,1.0952380952380953,0.9259259259259259,1.1578947368421053,1.4736842105263157
3041,0.8125,1.411764705882353,2.08,1.15,0.0,1.2608695652173914,1.0952380952380953,0.9259259259259259,1.1578947368421053,1.4736842105263157,1.25
3042,1.411764705882353,2.08,1.15,0.0,1.2608695652173914,1.0952380952380953,0.9259259259259259,1.1578947368421053,1.4736842105263157,1.25,1.34375
3043,2.08,1.15,0.0,1.2608695652173914,1.0952380952380953,0.9259259259259259,1.1578947368421053,1.4736842105263157,1.25,1.34375,0.0
3044,1.15,0.0,1.2608695652173914,1.0952380952380953,0.9259259259259259,1.1578947368421053,1.4736842105263157,1.25,1.34375,0.0,1.4576271186440677
3045,0.0,1.2608695652173914,1.0952380952380953,0.9259259259259259,1.1578947368421053,1.4736842105263157,1.25,1.34375,0.0,1.4576271186440677,1.945945945945946
3046,1.2608695652173914,1.0952380952380953,0.9259259259259259,1.1578947368421053,1.4736842105263157,1.25,1.34375,0.0,1.4576271186440677,1.945945945945946,1.6415094339622642
3047,1.0952380952380953,0.9259259259259259,1.1578947368421053,1.4736842105263157,1.25,1.34375,0.0,1.4576271186440677,1.945945945945946,1.6415094339622642,1.2285714285714286
3048,0.9259259259259259,1.1578947368421053,1.4736842105263157,1.25,1.34375,0.0,1.4576271186440677,1.945945945945946,1.6415094339622642,1.2285714285714286,1.25
3049,0.9523809523809523,0.875,0.8666666666666667,2.2,0.0,0.6666666666666666,1.186046511627907,0.3333333333333333,0.6428571428571429,0.3333333333333333,0.0
3050,0.875,0.8666666666666667,2.2,0.0,0.6666666666666666,1.186046511627907,0.3333333333333333,0.6428571428571429,0.3333333333333333,0.0,0.3333333333333333
3051,0.8666666666666667,2.2,0.0,0.6666666666666666,1.186046511627907,0.3333333333333333,0.6428571428571429,0.3333333333333333,0.0,0.3333333333333333,1.0
3052,1.6388888888888888,0.4,1.7058823529411764,2.1538461538461537,0.5384615384615384,1.2307692307692308,1.75,1.8571428571428572,1.6666666666666667,0.5384615384615384,1.8421052631578947
3053,0.4,1.7058823529411764,2.1538461538461537,0.5384615384615384,1.2307692307692308,1.75,1.8571428571428572,1.6666666666666667,0.5384615384615384,1.8421052631578947,0.0
3054,1.7058823529411764,2.1538461538461537,0.5384615384615384,1.2307692307692308,1.75,1.8571428571428572,1.6666666666666667,0.5384615384615384,1.8421052631578947,0.0,0.8333333333333334
3055,2.1538461538461537,0.5384615384615384,1.2307692307692308,1.75,1.8571428571428572,1.6666666666666667,0.5384615384615384,1.8421052631578947,0.0,0.8333333333333334,1.0
3056,0.5384615384615384,1.2307692307692308,1.75,1.8571428571428572,1.6666666666666667,0.5384615384615384,1.8421052631578947,0.0,0.8333333333333334,1.0,0.1111111111111111
3057,1.2307692307692308,1.75,1.8571428571428572,1.6666666666666667,0.5384615384615384,1.8421052631578947,0.0,0.8333333333333334,1.0,0.1111111111111111,1.5957446808510638
3058,1.75,1.8571428571428572,1.6666666666666667,0.5384615384615384,1.8421052631578947,0.0,0.8333333333333334,1.0,0.1111111111111111,1.5957446808510638,1.5714285714285714
3059,1.8571428571428572,1.6666666666666667,0.5384615384615384,1.8421052631578947,0.0,0.8333333333333334,1.0,0.1111111111111111,1.5957446808510638,1.5714285714285714,2.12
3060,1.6666666666666667,0.5384615384615384,1.8421052631578947,0.0,0.8333333333333334,1.0,0.1111111111111111,1.5957446808510638,1.5714285714285714,2.12,1.3181818181818181
3061,0.5384615384615384,1.8421052631578947,0.0,0.8333333333333334,1.0,0.1111111111111111,1.5957446808510638,1.5714285714285714,2.12,1.3181818181818181,1.4
3062,1.8421052631578947,0.0,0.8333333333333334,1.0,0.1111111111111111,1.5957446808510638,1.5714285714285714,2.12,1.3181818181818181,1.4,0.0
3063,0.0,0.8333333333333334,1.0,0.1111111111111111,1.5957446808510638,1.5714285714285714,2.12,1.3181818181818181,1.4,0.0,2.0
3064,0.8333333333333334,1.0,0.1111111111111111,1.5957446808510638,1.5714285714285714,2.12,1.3181818181818181,1.4,0.0,2.0,2.076923076923077
3065,1.0,0.1111111111111111,1.5957446808510638,1.5714285714285714,2.12,1.3181818181818181,1.4,0.0,2.0,2.076923076923077,1.875
3066,0.1111111111111111,1.5957446808510638,1.5714285714285714,2.12,1.3181818181818181,1.4,0.0,2.0,2.076923076923077,1.875,2.4615384615384617
3067,1.5957446808510638,1.5714285714285714,2.12,1.3181818181818181,1.4,0.0,2.0,2.076923076923077,1.875,2.4615384615384617,1.4
3068,1.5714285714285714,2.12,1.3181818181818181,1.4,0.0,2.0,2.076923076923077,1.875,2.4615384615384617,1.4,2.0
3069,2.12,1.3181818181818181,1.4,0.0,2.0,2.076923076923077,1.875,2.4615384615384617,1.4,2.0,1.0
3070,1.3181818181818181,1.4,0.0,2.0,2.076923076923077,1.875,2.4615384615384617,1.4,2.0,1.0,0.8
3071,1.4,0.0,2.0,2.076923076923077,1.875,2.4615384615384617,1.4,2.0,1.0,0.8,0.8
3072,0.0,2.0,2.076923076923077,1.875,2.4615384615384617,1.4,2.0,1.0,0.8,0.8,1.75
3073,2.0,2.076923076923077,1.875,2.4615384615384617,1.4,2.0,1.0,0.8,0.8,1.75,1.6470588235294117
3074,2.076923076923077,1.875,2.4615384615384617,1.4,2.0,1.0,0.8,0.8,1.75,1.6470588235294117,1.875
3075,1.875,2.4615384615384617,1.4,2.0,1.0,0.8,0.8,1.75,1.6470588235294117,1.875,1.5416666666666667
3076,2.4615384615384617,1.4,2.0,1.0,0.8,0.8,1.75,1.6470588235294117,1.875,1.5416666666666667,1.7
3077,1.4,2.0,1.0,0.8,0.8,1.75,1.6470588235294117,1.875,1.5416666666666667,1.7,1.0
3078,2.0,1.0,0.8,0.8,1.75,1.6470588235294117,1.875,1.5416666666666667,1.7,1.0,0.8571428571428571
3079,1.0,0.8,0.8,1.75,1.6470588235294117,1.875,1.5416666666666667,1.7,1.0,0.8571428571428571,1.375
3080,0.8,0.8,1.75,1.6470588235294117,1.875,1.5416666666666667,1.7,1.0,0.8571428571428571,1.375,0.3333333333333333
3081,0.8,1.75,1.6470588235294117,1.875,1.5416666666666667,1.7,1.0,0.8571428571428571,1.375,0.3333333333333333,1.9090909090909092
3082,1.75,1.6470588235294117,1.875,1.5416666666666667,1.7,1.0,0.8571428571428571,1.375,0.3333333333333333,1.9090909090909092,0.5
3083,1.6470588235294117,1.875,1.5416666666666667,1.7,1.0,0.8571428571428571,1.375,0.3333333333333333,1.9090909090909092,0.5,2.5
3084,1.875,1.5416666666666667,1.7,1.0,0.8571428571428571,1.375,0.3333333333333333,1.9090909090909092,0.5,2.5,1.3548387096774193
3085,1.5416666666666667,1.7,1.0,0.8571428571428571,1.375,0.3333333333333333,1.9090909090909092,0.5,2.5,1.3548387096774193,1.3548387096774193
3086,1.7,1.0,0.8571428571428571,1.375,0.3333333333333333,1.9090909090909092,0.5,2.5,1.3548387096774193,1.3548387096774193,1.6428571428571428
3087,1.0,0.8571428571428571,1.375,0.3333333333333333,1.9090909090909092,0.5,2.5,1.3548387096774193,1.3548387096774193,1.6428571428571428,0.8888888888888888
3088,0.8571428571428571,1.375,0.3333333333333333,1.9090909090909092,0.5,2.5,1.3548387096774193,1.3548387096774193,1.6428571428571428,0.8888888888888888,1.6666666666666667
3089,1.375,0.3333333333333333,1.9090909090909092,0.5,2.5,1.3548387096774193,1.3548387096774193,1.6428571428571428,0.8888888888888888,1.6666666666666667,4.0
3090,0.3333333333333333,1.9090909090909092,0.5,2.5,1.3548387096774193,1.3548387096774193,1.6428571428571428,0.8888888888888888,1.6666666666666667,4.0,0.42857142857142855
3091,1.9090909090909092,0.5,2.5,1.3548387096774193,1.3548387096774193,1.6428571428571428,0.8888888888888888,1.6666666666666667,4.0,0.42857142857142855,0.6
3092,0.5,2.5,1.3548387096774193,1.3548387096774193,1.6428571428571428,0.8888888888888888,1.6666666666666667,4.0,0.42857142857142855,0.6,1.9375
3093,2.5,1.3548387096774193,1.3548387096774193,1.6428571428571428,0.8888888888888888,1.6666666666666667,4.0,0.42857142857142855,0.6,1.9375,0.5714285714285714
3094,1.3548387096774193,1.3548387096774193,1.6428571428571428,0.8888888888888888,1.6666666666666667,4.0,0.42857142857142855,0.6,1.9375,0.5714285714285714,0.6666666666666666
3095,1.3548387096774193,1.6428571428571428,0.8888888888888888,1.6666666666666667,4.0,0.42857142857142855,0.6,1.9375,0.5714285714285714,0.6666666666666666,0.9166666666666666
3096,1.6428571428571428,0.8888888888888888,1.6666666666666667,4.0,0.42857142857142855,0.6,1.9375,0.5714285714285714,0.6666666666666666,0.9166666666666666,2.0
3097,0.8888888888888888,1.6666666666666667,4.0,0.42857142857142855,0.6,1.9375,0.5714285714285714,0.6666666666666666,0.9166666666666666,2.0,1.5555555555555556
3098,1.6666666666666667,4.0,0.42857142857142855,0.6,1.9375,0.5714285714285714,0.6666666666666666,0.9166666666666666,2.0,1.5555555555555556,0.8461538461538461
3099,0.8571428571428571,1.5,1.4,0.6,1.4285714285714286,1.8888888888888888,1.28,1.9230769230769231,1.025,0.6153846153846154,1.625
3100,1.5,1.4,0.6,1.4285714285714286,1.8888888888888888,1.28,1.9230769230769231,1.025,0.6153846153846154,1.625,1.4482758620689655
3101,1.4,0.6,1.4285714285714286,1.8888888888888888,1.28,1.9230769230769231,1.025,0.6153846153846154,1.625,1.4482758620689655,1.125
3102,0.6,1.4285714285714286,1.8888888888888888,1.28,1.9230769230769231,1.025,0.6153846153846154,1.625,1.4482758620689655,1.125,0.84375
3103,1.4285714285714286,1.8888888888888888,1.28,1.9230769230769231,1.025,0.6153846153846154,1.625,1.4482758620689655,1.125,0.84375,1.3
3104,1.8888888888888888,1.28,1.9230769230769231,1.025,0.6153846153846154,1.625,1.4482758620689655,1.125,0.84375,1.3,1.3902439024390243
3105,1.28,1.9230769230769231,1.025,0.6153846153846154,1.625,1.4482758620689655,1.125,0.84375,1.3,1.3902439024390243,1.5185185185185186
3106,1.9230769230769231,1.025,0.6153846153846154,1.625,1.4482758620689655,1.125,0.84375,1.3,1.3902439024390243,1.5185185185185186,1.7
3107,1.025,0.6153846153846154,1.625,1.4482758620689655,1.125,0.84375,1.3,1.3902439024390243,1.5185185185185186,1.7,1.68
3108,0.6153846153846154,1.625,1.4482758620689655,1.125,0.84375,1.3,1.3902439024390243,1.5185185185185186,1.7,1.68,0.7777777777777778
3109,1.625,1.4482758620689655,1.125,0.84375,1.3,1.3902439024390243,1.5185185185185186,1.7,1.68,0.7777777777777778,0.5
3110,1.4482758620689655,1.125,0.84375,1.3,1.3902439024390243,1.5185185185185186,1.7,1.68,0.7777777777777778,0.5,1.2352941176470589
3111,1.125,0.84375,1.3,1.3902439024390243,1.5185185185185186,1.7,1.68,0.7777777777777778,0.5,1.2352941176470589,0.0
3112,0.84375,1.3,1.3902439024390243,1.5185185185185186,1.7,1.68,0.7777777777777778,0.5,1.2352941176470589,0.0,1.7619047619047619
3113,1.3,1.3902439024390243,1.5185185185185186,1.7,1.68,0.7777777777777778,0.5,1.2352941176470589,0.0,1.7619047619047619,1.2941176470588236
3114,1.3902439024390243,1.5185185185185186,1.7,1.68,0.7777777777777778,0.5,1.2352941176470589,0.0,1.7619047619047619,1.2941176470588236,1.0
3115,1.5185185185185186,1.7,1.68,0.7777777777777778,0.5,1.2352941176470589,0.0,1.7619047619047619,1.2941176470588236,1.0,1.2
3116,1.7,1.68,0.7777777777777778,0.5,1.2352941176470589,0.0,1.7619047619047619,1.2941176470588236,1.0,1.2,1.4
3117,1.68,0.7777777777777778,0.5,1.2352941176470589,0.0,1.7619047619047619,1.2941176470588236,1.0,1.2,1.4,1.0
3118,0.7777777777777778,0.5,1.2352941176470589,0.0,1.7619047619047619,1.2941176470588236,1.0,1.2,1.4,1.0,0.9
3119,0.5,1.2352941176470589,0.0,1.7619047619047619,1.2941176470588236,1.0,1.2,1.4,1.0,0.9,1.8571428571428572
3120,1.2222222222222223,1.394736842105263,1.0526315789473684,1.2916666666666667,1.46875,2.0425531914893615,1.3,1.2941176470588236,1.1666666666666667,1.4285714285714286,1.2727272727272727
3121,1.394736842105263,1.0526315789473684,1.2916666666666667,1.46875,2.0425531914893615,1.3,1.2941176470588236,1.1666666666666667,1.4285714285714286,1.2727272727272727,0.95
3122,1.0526315789473684,1.2916666666666667,1.46875,2.0425531914893615,1.3,1.2941176470588236,1.1666666666666667,1.4285714285714286,1.2727272727272727,0.95,1.3870967741935485
3123,2.3,0.6666666666666666,0.0,1.4545454545454546,0.9285714285714286,0.0,1.5714285714285714,2.625,0.8,2.4444444444444446,0.9285714285714286
3124,0.6666666666666666,0.0,1.4545454545454546,0.9285714285714286,0.0,1.5714285714285714,2.625,0.8,2.4444444444444446,0.9285714285714286,1.9
3125,0.0,1.4545454545454546,0.9285714285714286,0.0,1.5714285714285714,2.625,0.8,2.4444444444444446,0.9285714285714286,1.9,1.3333333333333333
3126,1.4545454545454546,0.9285714285714286,0.0,1.5714285714285714,2.625,0.8,2.4444444444444446,0.9285714285714286,1.9,1.3333333333333333,0.5
3127,0.9285714285714286,0.0,1.5714285714285714,2.625,0.8,2.4444444444444446,0.9285714285714286,1.9,1.3333333333333333,0.5,1.3055555555555556
3128,0.0,1.5714285714285714,2.625,0.8,2.4444444444444446,0.9285714285714286,1.9,1.3333333333333333,0.5,1.3055555555555556,0.5454545454545454
3129,1.5714285714285714,2.625,0.8,2.4444444444444446,0.9285714285714286,1.9,1.3333333333333333,0.5,1.3055555555555556,0.5454545454545454,1.2
3130,2.625,0.8,2.4444444444444446,0.9285714285714286,1.9,1.3333333333333333,0.5,1.3055555555555556,0.5454545454545454,1.2,1.2941176470588236
3131,0.8,2.4444444444444446,0.9285714285714286,1.9,1.3333333333333333,0.5,1.3055555555555556,0.5454545454545454,1.2,1.2941176470588236,1.875
3132,2.4444444444444446,0.9285714285714286,1.9,1.3333333333333333,0.5,1.3055555555555556,0.5454545454545454,1.2,1.2941176470588236,1.875,0.6
3133,0.9285714285714286,1.9,1.3333333333333333,0.5,1.3055555555555556,0.5454545454545454,1.2,1.2941176470588236,1.875,0.6,1.4
3134,1.9,1.3333333333333333,0.5,1.3055555555555556,0.5454545454545454,1.2,1.2941176470588236,1.875,0.6,1.4,0.6666666666666666
3135,1.3333333333333333,0.5,1.3055555555555556,0.5454545454545454,1.2,1.2941176470588236,1.875,0.6,1.4,0.6666666666666666,2.0
3136,0.5,1.3055555555555556,0.5454545454545454,1.2,1.2941176470588236,1.875,0.6,1.4,0.6666666666666666,2.0,1.7826086956521738
3137,1.3055555555555556,0.5454545454545454,1.2,1.2941176470588236,1.875,0.6,1.4,0.6666666666666666,2.0,1.7826086956521738,2.4444444444444446
3138,0.5454545454545454,1.2,1.2941176470588236,1.875,0.6,1.4,0.6666666666666666,2.0,1.7826086956521738,2.4444444444444446,1.5
3139,1.2,1.2941176470588236,1.875,0.6,1.4,0.6666666666666666,2.0,1.7826086956521738,2.4444444444444446,1.5,3.0
3140,1.2941176470588236,1.875,0.6,1.4,0.6666666666666666,2.0,1.7826086956521738,2.4444444444444446,1.5,3.0,0.8
3141,1.875,0.6,1.4,0.6666666666666666,2.0,1.7826086956521738,2.4444444444444446,1.5,3.0,0.8,2.5
3142,0.6,1.4,0.6666666666666666,2.0,1.7826086956521738,2.4444444444444446,1.5,3.0,0.8,2.5,1.1
3143,0.16666666666666666,1.6,1.1428571428571428,1.0,1.25,0.7142857142857143,0.75,0.6333333333333333,0.96875,0.8,0.4
3144,1.6,1.1428571428571428,1.0,1.25,0.7142857142857143,0.75,0.6333333333333333,0.96875,0.8,0.4,0.0
3145,1.1428571428571428,1.0,1.25,0.7142857142857143,0.75,0.6333333333333333,0.96875,0.8,0.4,0.0,1.375
3146,1.0,1.25,0.7142857142857143,0.75,0.6333333333333333,0.96875,0.8,0.4,0.0,1.375,0.6666666666666666
3147,1.25,0.7142857142857143,0.75,0.6333333333333333,0.96875,0.8,0.4,0.0,1.375,0.6666666666666666,3.25
3148,0.7142857142857143,0.75,0.6333333333333333,0.96875,0.8,0.4,0.0,1.375,0.6666666666666666,3.25,0.0
3149,0.75,0.6333333333333333,0.96875,0.8,0.4,0.0,1.375,0.6666666666666666,3.25,0.0,0.6
3150,0.6333333333333333,0.96875,0.8,0.4,0.0,1.375,0.6666666666666666,3.25,0.0,0.6,2.0
3151,0.96875,0.8,0.4,0.0,1.375,0.6666666666666666,3.25,0.0,0.6,2.0,0.0
3152,0.8,0.4,0.0,1.375,0.6666666666666666,3.25,0.0,0.6,2.0,0.0,0.6666666666666666
3153,0.4,0.0,1.375,0.6666666666666666,3.25,0.0,0.6,2.0,0.0,0.6666666666666666,1.0
3154,0.0,1.375,0.6666666666666666,3.25,0.0,0.6,2.0,0.0,0.6666666666666666,1.0,0.7058823529411765
3155,1.375,0.6666666666666666,3.25,0.0,0.6,2.0,0.0,0.6666666666666666,1.0,0.7058823529411765,0.4444444444444444
3156,0.6666666666666666,3.25,0.0,0.6,2.0,0.0,0.6666666666666666,1.0,0.7058823529411765,0.4444444444444444,1.0
3157,3.25,0.0,0.6,2.0,0.0,0.6666666666666666,1.0,0.7058823529411765,0.4444444444444444,1.0,2.4
3158,0.0,0.6,2.0,0.0,0.6666666666666666,1.0,0.7058823529411765,0.4444444444444444,1.0,2.4,0.0
3159,0.6,2.0,0.0,0.6666666666666666,1.0,0.7058823529411765,0.4444444444444444,1.0,2.4,0.0,1.3157894736842106
3160,2.0,0.0,0.6666666666666666,1.0,0.7058823529411765,0.4444444444444444,1.0,2.4,0.0,1.3157894736842106,0.0
3161,0.0,0.6666666666666666,1.0,0.7058823529411765,0.4444444444444444,1.0,2.4,0.0,1.3157894736842106,0.0,0.4
3162,0.6666666666666666,1.0,0.7058823529411765,0.4444444444444444,1.0,2.4,0.0,1.3157894736842106,0.0,0.4,1.0
3163,1.0,0.7058823529411765,0.4444444444444444,1.0,2.4,0.0,1.3157894736842106,0.0,0.4,1.0,0.0
3164,0.7058823529411765,0.4444444444444444,1.0,2.4,0.0,1.3157894736842106,0.0,0.4,1.0,0.0,4.5
3165,0.4444444444444444,1.0,2.4,0.0,1.3157894736842106,0.0,0.4,1.0,0.0,4.5,0.0
3166,1.0,2.4,0.0,1.3157894736842106,0.0,0.4,1.0,0.0,4.5,0.0,1.0
3167,2.4,0.0,1.3157894736842106,0.0,0.4,1.0,0.0,4.5,0.0,1.0,1.0
3168,0.0,1.3157894736842106,0.0,0.4,1.0,0.0,4.5,0.0,1.0,1.0,0.75
3169,1.3157894736842106,0.0,0.4,1.0,0.0,4.5,0.0,1.0,1.0,0.75,0.8
3170,0.0,0.4,1.0,0.0,4.5,0.0,1.0,1.0,0.75,0.8,0.0
3171,0.4,1.0,0.0,4.5,0.0,1.0,1.0,0.75,0.8,0.0,1.0
3172,1.0,0.0,4.5,0.0,1.0,1.0,0.75,0.8,0.0,1.0,1.0
3173,0.0,4.5,0.0,1.0,1.0,0.75,0.8,0.0,1.0,1.0,0.5
3174,4.5,0.0,1.0,1.0,0.75,0.8,0.0,1.0,1.0,0.5,0.3333333333333333
3175,0.0,1.0,1.0,0.75,0.8,0.0,1.0,1.0,0.5,0.3333333333333333,0.3333333333333333
3176,1.0,1.0,0.75,0.8,0.0,1.0,1.0,0.5,0.3333333333333333,0.3333333333333333,0.2
3177,1.0,0.75,0.8,0.0,1.0,1.0,0.5,0.3333333333333333,0.3333333333333333,0.2,0.5714285714285714
3178,0.75,0.8,0.0,1.0,1.0,0.5,0.3333333333333333,0.3333333333333333,0.2,0.5714285714285714,0.4444444444444444
3179,0.8,0.0,1.0,1.0,0.5,0.3333333333333333,0.3333333333333333,0.2,0.5714285714285714,0.4444444444444444,0.6428571428571429
3180,0.0,1.0,1.0,0.5,0.3333333333333333,0.3333333333333333,0.2,0.5714285714285714,0.4444444444444444,0.6428571428571429,4.0
3181,1.0,1.0,0.5,0.3333333333333333,0.3333333333333333,0.2,0.5714285714285714,0.4444444444444444,0.6428571428571429,4.0,1.4444444444444444
3182,1.0,0.5,0.3333333333333333,0.3333333333333333,0.2,0.5714285714285714,0.4444444444444444,0.6428571428571429,4.0,1.4444444444444444,1.75
3183,0.5,0.3333333333333333,0.3333333333333333,0.2,0.5714285714285714,0.4444444444444444,0.6428571428571429,4.0,1.4444444444444444,1.75,0.5
3184,0.3333333333333333,0.3333333333333333,0.2,0.5714285714285714,0.4444444444444444,0.6428571428571429,4.0,1.4444444444444444,1.75,0.5,0.75
3185,0.3333333333333333,0.2,0.5714285714285714,0.4444444444444444,0.6428571428571429,4.0,1.4444444444444444,1.75,0.5,0.75,0.7272727272727273
3186,0.2,0.5714285714285714,0.4444444444444444,0.6428571428571429,4.0,1.4444444444444444,1.75,0.5,0.75,0.7272727272727273,0.5
3187,0.5714285714285714,0.4444444444444444,0.6428571428571429,4.0,1.4444444444444444,1.75,0.5,0.75,0.7272727272727273,0.5,2.0
3188,3.5,1.2857142857142858,0.4444444444444444,1.5714285714285714,1.0,1.0,0.8823529411764706,1.1111111111111112,2.142857142857143,1.5714285714285714,0.6666666666666666
3189,1.2857142857142858,0.4444444444444444,1.5714285714285714,1.0,1.0,0.8823529411764706,1.1111111111111112,2.142857142857143,1.5714285714285714,0.6666666666666666,1.0
3190,0.4444444444444444,1.5714285714285714,1.0,1.0,0.8823529411764706,1.1111111111111112,2.142857142857143,1.5714285714285714,0.6666666666666666,1.0,1.4761904761904763
3191,1.5714285714285714,1.0,1.0,0.8823529411764706,1.1111111111111112,2.142857142857143,1.5714285714285714,0.6666666666666666,1.0,1.4761904761904763,0.5
3192,1.0,1.0,0.8823529411764706,1.1111111111111112,2.142857142857143,1.5714285714285714,0.6666666666666666,1.0,1.4761904761904763,0.5,1.5555555555555556
3193,1.0,0.8823529411764706,1.1111111111111112,2.142857142857143,1.5714285714285714,0.6666666666666666,1.0,1.4761904761904763,0.5,1.5555555555555556,2.0
3194,0.8823529411764706,1.1111111111111112,2.142857142857143,1.5714285714285714,0.6666666666666666,1.0,1.4761904761904763,0.5,1.5555555555555556,2.0,0.6
3195,1.1111111111111112,2.142857142857143,1.5714285714285714,0.6666666666666666,1.0,1.4761904761904763,0.5,1.5555555555555556,2.0,0.6,0.0
3196,2.142857142857143,1.5714285714285714,0.6666666666666666,1.0,1.4761904761904763,0.5,1.5555555555555556,2.0,0.6,0.0,0.8333333333333334
3197,1.5714285714285714,0.6666666666666666,1.0,1.4761904761904763,0.5,1.5555555555555556,2.0,0.6,0.0,0.8333333333333334,1.375
3198,0.6666666666666666,1.0,1.4761904761904763,0.5,1.5555555555555556,2.0,0.6,0.0,0.8333333333333334,1.375,2.75
3199,1.0,1.4761904761904763,0.5,1.5555555555555556,2.0,0.6,0.0,0.8333333333333334,1.375,2.75,0.875
3200,1.4761904761904763,0.5,1.5555555555555556,2.0,0.6,0.0,0.8333333333333334,1.375,2.75,0.875,1.1538461538461537
3201,0.5,1.5555555555555556,2.0,0.6,0.0,0.8333333333333334,1.375,2.75,0.875,1.1538461538461537,0.0
3202,1.5555555555555556,2.0,0.6,0.0,0.8333333333333334,1.375,2.75,0.875,1.1538461538461537,0.0,1.0
3203,2.0,0.6,0.0,0.8333333333333334,1.375,2.75,0.875,1.1538461538461537,0.0,1.0,0.9
3204,0.6,0.0,0.8333333333333334,1.375,2.75,0.875,1.1538461538461537,0.0,1.0,0.9,0.0
3205,0.0,0.8333333333333334,1.375,2.75,0.875,1.1538461538461537,0.0,1.0,0.9,0.0,1.5862068965517242
3206,0.8333333333333334,1.375,2.75,0.875,1.1538461538461537,0.0,1.0,0.9,0.0,1.5862068965517242,0.3333333333333333
3207,1.375,2.75,0.875,1.1538461538461537,0.0,1.0,0.9,0.0,1.5862068965517242,0.3333333333333333,2.0
3208,2.75,0.875,1.1538461538461537,0.0,1.0,0.9,0.0,1.5862068965517242,0.3333333333333333,2.0,1.4285714285714286
3209,0.875,1.1538461538461537,0.0,1.0,0.9,0.0,1.5862068965517242,0.3333333333333333,2.0,1.4285714285714286,1.1355932203389831
3210,1.1538461538461537,0.0,1.0,0.9,0.0,1.5862068965517242,0.3333333333333333,2.0,1.4285714285714286,1.1355932203389831,0.9230769230769231
3211,0.0,1.0,0.9,0.0,1.5862068965517242,0.3333333333333333,2.0,1.4285714285714286,1.1355932203389831,0.9230769230769231,1.3448275862068966
3212,1.0,0.9,0.0,1.5862068965517242,0.3333333333333333,2.0,1.4285714285714286,1.1355932203389831,0.9230769230769231,1.3448275862068966,1.5555555555555556
3213,0.9,0.0,1.5862068965517242,0.3333333333333333,2.0,1.4285714285714286,1.1355932203389831,0.9230769230769231,1.3448275862068966,1.5555555555555556,0.875
3214,2.3333333333333335,1.3333333333333333,3.6666666666666665,1.0,1.0,0.0,1.75,2.1666666666666665,2.0,2.0,1.0
3215,1.3333333333333333,3.6666666666666665,1.0,1.0,0.0,1.75,2.1666666666666665,2.0,2.0,1.0,0.625
3216,0.18181818181818182,0.8,0.2857142857142857,1.5517241379310345,1.9090909090909092,0.8181818181818182,0.6875,0.9642857142857143,1.36,1.608695652173913,0.6428571428571429
3217,0.8,0.2857142857142857,1.5517241379310345,1.9090909090909092,0.8181818181818182,0.6875,0.9642857142857143,1.36,1.608695652173913,0.6428571428571429,1.6363636363636365
3218,0.2857142857142857,1.5517241379310345,1.9090909090909092,0.8181818181818182,0.6875,0.9642857142857143,1.36,1.608695652173913,0.6428571428571429,1.6363636363636365,0.92
3219,1.5517241379310345,1.9090909090909092,0.8181818181818182,0.6875,0.9642857142857143,1.36,1.608695652173913,0.6428571428571429,1.6363636363636365,0.92,1.8478260869565217
3220,1.9090909090909092,0.8181818181818182,0.6875,0.9642857142857143,1.36,1.608695652173913,0.6428571428571429,1.6363636363636365,0.92,1.8478260869565217,1.1428571428571428
3221,0.8181818181818182,0.6875,0.9642857142857143,1.36,1.608695652173913,0.6428571428571429,1.6363636363636365,0.92,1.8478260869565217,1.1428571428571428,1.125
3222,0.6875,0.9642857142857143,1.36,1.608695652173913,0.6428571428571429,1.6363636363636365,0.92,1.8478260869565217,1.1428571428571428,1.125,1.6857142857142857
3223,0.9642857142857143,1.36,1.608695652173913,0.6428571428571429,1.6363636363636365,0.92,1.8478260869565217,1.1428571428571428,1.125,1.6857142857142857,0.6
3224,1.36,1.608695652173913,0.6428571428571429,1.6363636363636365,0.92,1.8478260869565217,1.1428571428571428,1.125,1.6857142857142857,0.6,1.1428571428571428
3225,1.608695652173913,0.6428571428571429,1.6363636363636365,0.92,1.8478260869565217,1.1428571428571428,1.125,1.6857142857142857,0.6,1.1428571428571428,1.5
3226,0.6428571428571429,1.6363636363636365,0.92,1.8478260869565217,1.1428571428571428,1.125,1.6857142857142857,0.6,1.1428571428571428,1.5,1.1481481481481481
3227,1.6363636363636365,0.92,1.8478260869565217,1.1428571428571428,1.125,1.6857142857142857,0.6,1.1428571428571428,1.5,1.1481481481481481,1.105263157894737
3228,0.92,1.8478260869565217,1.1428571428571428,1.125,1.6857142857142857,0.6,1.1428571428571428,1.5,1.1481481481481481,1.105263157894737,2.75
3229,1.8478260869565217,1.1428571428571428,1.125,1.6857142857142857,0.6,1.1428571428571428,1.5,1.1481481481481481,1.105263157894737,2.75,1.2352941176470589
3230,1.1428571428571428,1.125,1.6857142857142857,0.6,1.1428571428571428,1.5,1.1481481481481481,1.105263157894737,2.75,1.2352941176470589,1.4
3231,1.125,1.6857142857142857,0.6,1.1428571428571428,1.5,1.1481481481481481,1.105263157894737,2.75,1.2352941176470589,1.4,0.6
3232,1.6857142857142857,0.6,1.1428571428571428,1.5,1.1481481481481481,1.105263157894737,2.75,1.2352941176470589,1.4,0.6,1.375
3233,0.6,1.1428571428571428,1.5,1.1481481481481481,1.105263157894737,2.75,1.2352941176470589,1.4,0.6,1.375,1.446808510638298
3234,1.1428571428571428,1.5,1.1481481481481481,1.105263157894737,2.75,1.2352941176470589,1.4,0.6,1.375,1.446808510638298,1.8529411764705883
3235,1.5,1.1481481481481481,1.105263157894737,2.75,1.2352941176470589,1.4,0.6,1.375,1.446808510638298,1.8529411764705883,0.5
3236,1.1481481481481481,1.105263157894737,2.75,1.2352941176470589,1.4,0.6,1.375,1.446808510638298,1.8529411764705883,0.5,0.0
3237,1.105263157894737,2.75,1.2352941176470589,1.4,0.6,1.375,1.446808510638298,1.8529411764705883,0.5,0.0,0.9166666666666666
3238,2.75,1.2352941176470589,1.4,0.6,1.375,1.446808510638298,1.8529411764705883,0.5,0.0,0.9166666666666666,1.1666666666666667
3239,1.2352941176470589,1.4,0.6,1.375,1.446808510638298,1.8529411764705883,0.5,0.0,0.9166666666666666,1.1666666666666667,1.0
3240,1.4,0.6,1.375,1.446808510638298,1.8529411764705883,0.5,0.0,0.9166666666666666,1.1666666666666667,1.0,0.8076923076923077
3241,0.6,1.375,1.446808510638298,1.8529411764705883,0.5,0.0,0.9166666666666666,1.1666666666666667,1.0,0.8076923076923077,2.0
3242,1.375,1.446808510638298,1.8529411764705883,0.5,0.0,0.9166666666666666,1.1666666666666667,1.0,0.8076923076923077,2.0,0.9
3243,1.446808510638298,1.8529411764705883,0.5,0.0,0.9166666666666666,1.1666666666666667,1.0,0.8076923076923077,2.0,0.9,1.2941176470588236
3244,1.8529411764705883,0.5,0.0,0.9166666666666666,1.1666666666666667,1.0,0.8076923076923077,2.0,0.9,1.2941176470588236,1.3333333333333333
3245,0.5,0.0,0.9166666666666666,1.1666666666666667,1.0,0.8076923076923077,2.0,0.9,1.2941176470588236,1.3333333333333333,1.45
3246,0.0,0.9166666666666666,1.1666666666666667,1.0,0.8076923076923077,2.0,0.9,1.2941176470588236,1.3333333333333333,1.45,1.6571428571428573
3247,0.9166666666666666,1.1666666666666667,1.0,0.8076923076923077,2.0,0.9,1.2941176470588236,1.3333333333333333,1.45,1.6571428571428573,0.5
3248,1.1666666666666667,1.0,0.8076923076923077,2.0,0.9,1.2941176470588236,1.3333333333333333,1.45,1.6571428571428573,0.5,0.8333333333333334
3249,1.0,0.8076923076923077,2.0,0.9,1.2941176470588236,1.3333333333333333,1.45,1.6571428571428573,0.5,0.8333333333333334,0.0
3250,0.8076923076923077,2.0,0.9,1.2941176470588236,1.3333333333333333,1.45,1.6571428571428573,0.5,0.8333333333333334,0.0,1.4285714285714286
3251,2.0,0.9,1.2941176470588236,1.3333333333333333,1.45,1.6571428571428573,0.5,0.8333333333333334,0.0,1.4285714285714286,1.2391304347826086
3252,0.9,1.2941176470588236,1.3333333333333333,1.45,1.6571428571428573,0.5,0.8333333333333334,0.0,1.4285714285714286,1.2391304347826086,0.75
3253,1.2941176470588236,1.3333333333333333,1.45,1.6571428571428573,0.5,0.8333333333333334,0.0,1.4285714285714286,1.2391304347826086,0.75,0.88
3254,1.3333333333333333,1.45,1.6571428571428573,0.5,0.8333333333333334,0.0,1.4285714285714286,1.2391304347826086,0.75,0.88,0.0
3255,1.45,1.6571428571428573,0.5,0.8333333333333334,0.0,1.4285714285714286,1.2391304347826086,0.75,0.88,0.0,1.25
3256,1.6571428571428573,0.5,0.8333333333333334,0.0,1.4285714285714286,1.2391304347826086,0.75,0.88,0.0,1.25,1.3703703703703705
3257,0.5,0.8333333333333334,0.0,1.4285714285714286,1.2391304347826086,0.75,0.88,0.0,1.25,1.3703703703703705,2.0
3258,0.8333333333333334,0.0,1.4285714285714286,1.2391304347826086,0.75,0.88,0.0,1.25,1.3703703703703705,2.0,0.0
3259,0.0,1.4285714285714286,1.2391304347826086,0.75,0.88,0.0,1.25,1.3703703703703705,2.0,0.0,1.1428571428571428
3260,1.4285714285714286,1.2391304347826086,0.75,0.88,0.0,1.25,1.3703703703703705,2.0,0.0,1.1428571428571428,1.5
3261,1.2391304347826086,0.75,0.88,0.0,1.25,1.3703703703703705,2.0,0.0,1.1428571428571428,1.5,1.5
3262,0.75,0.88,0.0,1.25,1.3703703703703705,2.0,0.0,1.1428571428571428,1.5,1.5,1.6363636363636365
3263,0.88,0.0,1.25,1.3703703703703705,2.0,0.0,1.1428571428571428,1.5,1.5,1.6363636363636365,1.6764705882352942
3264,0.0,1.25,1.3703703703703705,2.0,0.0,1.1428571428571428,1.5,1.5,1.6363636363636365,1.6764705882352942,1.6538461538461537
3265,1.25,1.3703703703703705,2.0,0.0,1.1428571428571428,1.5,1.5,1.6363636363636365,1.6764705882352942,1.6538461538461537,1.625
3266,1.3703703703703705,2.0,0.0,1.1428571428571428,1.5,1.5,1.6363636363636365,1.6764705882352942,1.6538461538461537,1.625,1.411764705882353
3267,2.0,0.0,1.1428571428571428,1.5,1.5,1.6363636363636365,1.6764705882352942,1.6538461538461537,1.625,1.411764705882353,0.2
3268,0.0,1.1428571428571428,1.5,1.5,1.6363636363636365,1.6764705882352942,1.6538461538461537,1.625,1.411764705882353,0.2,1.829268292682927
3269,1.1428571428571428,1.5,1.5,1.6363636363636365,1.6764705882352942,1.6538461538461537,1.625,1.411764705882353,0.2,1.829268292682927,0.5
3270,1.5,1.5,1.6363636363636365,1.6764705882352942,1.6538461538461537,1.625,1.411764705882353,0.2,1.829268292682927,0.5,0.5714285714285714
3271,1.5,1.6363636363636365,1.6764705882352942,1.6538461538461537,1.625,1.411764705882353,0.2,1.829268292682927,0.5,0.5714285714285714,1.35
3272,1.6363636363636365,1.6764705882352942,1.6538461538461537,1.625,1.411764705882353,0.2,1.829268292682927,0.5,0.5714285714285714,1.35,2.2857142857142856
3273,1.6764705882352942,1.6538461538461537,1.625,1.411764705882353,0.2,1.829268292682927,0.5,0.5714285714285714,1.35,2.2857142857142856,1.3333333333333333
3274,1.6538461538461537,1.625,1.411764705882353,0.2,1.829268292682927,0.5,0.5714285714285714,1.35,2.2857142857142856,1.3333333333333333,1.3548387096774193
3275,1.625,1.411764705882353,0.2,1.829268292682927,0.5,0.5714285714285714,1.35,2.2857142857142856,1.3333333333333333,1.3548387096774193,1.3421052631578947
3276,1.411764705882353,0.2,1.829268292682927,0.5,0.5714285714285714,1.35,2.2857142857142856,1.3333333333333333,1.3548387096774193,1.3421052631578947,1.2941176470588236
3277,0.2,1.829268292682927,0.5,0.5714285714285714,1.35,2.2857142857142856,1.3333333333333333,1.3548387096774193,1.3421052631578947,1.2941176470588236,1.425
3278,1.829268292682927,0.5,0.5714285714285714,1.35,2.2857142857142856,1.3333333333333333,1.3548387096774193,1.3421052631578947,1.2941176470588236,1.425,2.5
3279,0.5,0.5714285714285714,1.35,2.2857142857142856,1.3333333333333333,1.3548387096774193,1.3421052631578947,1.2941176470588236,1.425,2.5,1.9444444444444444
3280,0.5714285714285714,1.35,2.2857142857142856,1.3333333333333333,1.3548387096774193,1.3421052631578947,1.2941176470588236,1.425,2.5,1.9444444444444444,1.1875
3281,1.35,2.2857142857142856,1.3333333333333333,1.3548387096774193,1.3421052631578947,1.2941176470588236,1.425,2.5,1.9444444444444444,1.1875,0.0
3282,2.2857142857142856,1.3333333333333333,1.3548387096774193,1.3421052631578947,1.2941176470588236,1.425,2.5,1.9444444444444444,1.1875,0.0,1.3714285714285714
3283,1.3333333333333333,1.3548387096774193,1.3421052631578947,1.2941176470588236,1.425,2.5,1.9444444444444444,1.1875,0.0,1.3714285714285714,1.7222222222222223
3284,1.3548387096774193,1.3421052631578947,1.2941176470588236,1.425,2.5,1.9444444444444444,1.1875,0.0,1.3714285714285714,1.7222222222222223,1.2142857142857142
3285,1.3421052631578947,1.2941176470588236,1.425,2.5,1.9444444444444444,1.1875,0.0,1.3714285714285714,1.7222222222222223,1.2142857142857142,0.3333333333333333
3286,1.2941176470588236,1.425,2.5,1.9444444444444444,1.1875,0.0,1.3714285714285714,1.7222222222222223,1.2142857142857142,0.3333333333333333,1.2962962962962963
3287,1.425,2.5,1.9444444444444444,1.1875,0.0,1.3714285714285714,1.7222222222222223,1.2142857142857142,0.3333333333333333,1.2962962962962963,1.5576923076923077
3288,2.5,1.9444444444444444,1.1875,0.0,1.3714285714285714,1.7222222222222223,1.2142857142857142,0.3333333333333333,1.2962962962962963,1.5576923076923077,1.2352941176470589
3289,1.9444444444444444,1.1875,0.0,1.3714285714285714,1.7222222222222223,1.2142857142857142,0.3333333333333333,1.2962962962962963,1.5576923076923077,1.2352941176470589,0.8888888888888888
3290,1.1875,0.0,1.3714285714285714,1.7222222222222223,1.2142857142857142,0.3333333333333333,1.2962962962962963,1.5576923076923077,1.2352941176470589,0.8888888888888888,1.8235294117647058
3291,0.0,1.3714285714285714,1.7222222222222223,1.2142857142857142,0.3333333333333333,1.2962962962962963,1.5576923076923077,1.2352941176470589,0.8888888888888888,1.8235294117647058,1.0
3292,1.3714285714285714,1.7222222222222223,1.2142857142857142,0.3333333333333333,1.2962962962962963,1.5576923076923077,1.2352941176470589,0.8888888888888888,1.8235294117647058,1.0,1.3333333333333333
3293,1.7222222222222223,1.2142857142857142,0.3333333333333333,1.2962962962962963,1.5576923076923077,1.2352941176470589,0.8888888888888888,1.8235294117647058,1.0,1.3333333333333333,1.0833333333333333
3294,1.2142857142857142,0.3333333333333333,1.2962962962962963,1.5576923076923077,1.2352941176470589,0.8888888888888888,1.8235294117647058,1.0,1.3333333333333333,1.0833333333333333,0.8928571428571429
3295,0.3333333333333333,1.2962962962962963,1.5576923076923077,1.2352941176470589,0.8888888888888888,1.8235294117647058,1.0,1.3333333333333333,1.0833333333333333,0.8928571428571429,1.4262295081967213
3296,1.2962962962962963,1.5576923076923077,1.2352941176470589,0.8888888888888888,1.8235294117647058,1.0,1.3333333333333333,1.0833333333333333,0.8928571428571429,1.4262295081967213,0.7575757575757576
3297,1.5576923076923077,1.2352941176470589,0.8888888888888888,1.8235294117647058,1.0,1.3333333333333333,1.0833333333333333,0.8928571428571429,1.4262295081967213,0.7575757575757576,2.0
3298,1.2352941176470589,0.8888888888888888,1.8235294117647058,1.0,1.3333333333333333,1.0833333333333333,0.8928571428571429,1.4262295081967213,0.7575757575757576,2.0,2.4
3299,0.8888888888888888,1.8235294117647058,1.0,1.3333333333333333,1.0833333333333333,0.8928571428571429,1.4262295081967213,0.7575757575757576,2.0,2.4,1.25
3300,1.8235294117647058,1.0,1.3333333333333333,1.0833333333333333,0.8928571428571429,1.4262295081967213,0.7575757575757576,2.0,2.4,1.25,1.5588235294117647
3301,1.0,1.3333333333333333,1.0833333333333333,0.8928571428571429,1.4262295081967213,0.7575757575757576,2.0,2.4,1.25,1.5588235294117647,1.7241379310344827
3302,1.3333333333333333,1.0833333333333333,0.8928571428571429,1.4262295081967213,0.7575757575757576,2.0,2.4,1.25,1.5588235294117647,1.7241379310344827,0.0
3303,1.0833333333333333,0.8928571428571429,1.4262295081967213,0.7575757575757576,2.0,2.4,1.25,1.5588235294117647,1.7241379310344827,0.0,0.8181818181818182
3304,0.8928571428571429,1.4262295081967213,0.7575757575757576,2.0,2.4,1.25,1.5588235294117647,1.7241379310344827,0.0,0.8181818181818182,0.0
3305,1.0,0.6153846153846154,2.142857142857143,2.066666666666667,1.4666666666666666,1.8076923076923077,1.5,1.5384615384615385,1.125,1.2,1.125
3306,0.6153846153846154,2.142857142857143,2.066666666666667,1.4666666666666666,1.8076923076923077,1.5,1.5384615384615385,1.125,1.2,1.125,0.2
3307,2.142857142857143,2.066666666666667,1.4666666666666666,1.8076923076923077,1.5,1.5384615384615385,1.125,1.2,1.125,0.2,0.6
3308,2.066666666666667,1.4666666666666666,1.8076923076923077,1.5,1.5384615384615385,1.125,1.2,1.125,0.2,0.6,2.1785714285714284
3309,1.4666666666666666,1.8076923076923077,1.5,1.5384615384615385,1.125,1.2,1.125,0.2,0.6,2.1785714285714284,0.8571428571428571
3310,1.8076923076923077,1.5,1.5384615384615385,1.125,1.2,1.125,0.2,0.6,2.1785714285714284,0.8571428571428571,2.1470588235294117
3311,1.5,1.5384615384615385,1.125,1.2,1.125,0.2,0.6,2.1785714285714284,0.8571428571428571,2.1470588235294117,0.7142857142857143
3312,1.5384615384615385,1.125,1.2,1.125,0.2,0.6,2.1785714285714284,0.8571428571428571,2.1470588235294117,0.7142857142857143,2.7027027027027026
3313,1.125,1.2,1.125,0.2,0.6,2.1785714285714284,0.8571428571428571,2.1470588235294117,0.7142857142857143,2.7027027027027026,0.0
3314,1.2,1.125,0.2,0.6,2.1785714285714284,0.8571428571428571,2.1470588235294117,0.7142857142857143,2.7027027027027026,0.0,1.7142857142857142
3315,1.125,0.2,0.6,2.1785714285714284,0.8571428571428571,2.1470588235294117,0.7142857142857143,2.7027027027027026,0.0,1.7142857142857142,1.0833333333333333
3316,0.2,0.6,2.1785714285714284,0.8571428571428571,2.1470588235294117,0.7142857142857143,2.7027027027027026,0.0,1.7142857142857142,1.0833333333333333,1.0714285714285714
3317,0.6,2.1785714285714284,0.8571428571428571,2.1470588235294117,0.7142857142857143,2.7027027027027026,0.0,1.7142857142857142,1.0833333333333333,1.0714285714285714,1.3333333333333333
3318,2.1785714285714284,0.8571428571428571,2.1470588235294117,0.7142857142857143,2.7027027027027026,0.0,1.7142857142857142,1.0833333333333333,1.0714285714285714,1.3333333333333333,1.7142857142857142
3319,0.8571428571428571,2.1470588235294117,0.7142857142857143,2.7027027027027026,0.0,1.7142857142857142,1.0833333333333333,1.0714285714285714,1.3333333333333333,1.7142857142857142,2.0
3320,2.1470588235294117,0.7142857142857143,2.7027027027027026,0.0,1.7142857142857142,1.0833333333333333,1.0714285714285714,1.3333333333333333,1.7142857142857142,2.0,1.25
3321,0.7142857142857143,2.7027027027027026,0.0,1.7142857142857142,1.0833333333333333,1.0714285714285714,1.3333333333333333,1.7142857142857142,2.0,1.25,1.2222222222222223
3322,2.7027027027027026,0.0,1.7142857142857142,1.0833333333333333,1.0714285714285714,1.3333333333333333,1.7142857142857142,2.0,1.25,1.2222222222222223,1.6666666666666667
3323,0.0,1.7142857142857142,1.0833333333333333,1.0714285714285714,1.3333333333333333,1.7142857142857142,2.0,1.25,1.2222222222222223,1.6666666666666667,2.6666666666666665
3324,1.7142857142857142,1.0833333333333333,1.0714285714285714,1.3333333333333333,1.7142857142857142,2.0,1.25,1.2222222222222223,1.6666666666666667,2.6666666666666665,2.4
3325,1.0833333333333333,1.0714285714285714,1.3333333333333333,1.7142857142857142,2.0,1.25,1.2222222222222223,1.6666666666666667,2.6666666666666665,2.4,1.5
3326,1.0714285714285714,1.3333333333333333,1.7142857142857142,2.0,1.25,1.2222222222222223,1.6666666666666667,2.6666666666666665,2.4,1.5,0.3333333333333333
3327,1.3333333333333333,1.7142857142857142,2.0,1.25,1.2222222222222223,1.6666666666666667,2.6666666666666665,2.4,1.5,0.3333333333333333,1.75
3328,1.7142857142857142,2.0,1.25,1.2222222222222223,1.6666666666666667,2.6666666666666665,2.4,1.5,0.3333333333333333,1.75,1.588235294117647
3329,2.0,1.25,1.2222222222222223,1.6666666666666667,2.6666666666666665,2.4,1.5,0.3333333333333333,1.75,1.588235294117647,0.0
3330,1.25,1.2222222222222223,1.6666666666666667,2.6666666666666665,2.4,1.5,0.3333333333333333,1.75,1.588235294117647,0.0,1.6923076923076923
3331,1.2222222222222223,1.6666666666666667,2.6666666666666665,2.4,1.5,0.3333333333333333,1.75,1.588235294117647,0.0,1.6923076923076923,0.75
3332,1.6666666666666667,2.6666666666666665,2.4,1.5,0.3333333333333333,1.75,1.588235294117647,0.0,1.6923076923076923,0.75,1.8333333333333333
3333,2.6666666666666665,2.4,1.5,0.3333333333333333,1.75,1.588235294117647,0.0,1.6923076923076923,0.75,1.8333333333333333,2.0689655172413794
3334,2.4,1.5,0.3333333333333333,1.75,1.588235294117647,0.0,1.6923076923076923,0.75,1.8333333333333333,2.0689655172413794,0.5
3335,1.5,0.3333333333333333,1.75,1.588235294117647,0.0,1.6923076923076923,0.75,1.8333333333333333,2.0689655172413794,0.5,1.0
3336,0.3333333333333333,1.75,1.588235294117647,0.0,1.6923076923076923,0.75,1.8333333333333333,2.0689655172413794,0.5,1.0,0.0
3337,1.75,1.588235294117647,0.0,1.6923076923076923,0.75,1.8333333333333333,2.0689655172413794,0.5,1.0,0.0,1.7142857142857142
3338,1.588235294117647,0.0,1.6923076923076923,0.75,1.8333333333333333,2.0689655172413794,0.5,1.0,0.0,1.7142857142857142,1.0
3339,0.0,1.6923076923076923,0.75,1.8333333333333333,2.0689655172413794,0.5,1.0,0.0,1.7142857142857142,1.0,0.75
3340,1.6923076923076923,0.75,1.8333333333333333,2.0689655172413794,0.5,1.0,0.0,1.7142857142857142,1.0,0.75,1.0833333333333333
3341,0.75,1.8333333333333333,2.0689655172413794,0.5,1.0,0.0,1.7142857142857142,1.0,0.75,1.0833333333333333,1.8888888888888888
3342,1.8333333333333333,2.0689655172413794,0.5,1.0,0.0,1.7142857142857142,1.0,0.75,1.0833333333333333,1.8888888888888888,0.0
3343,2.0689655172413794,0.5,1.0,0.0,1.7142857142857142,1.0,0.75,1.0833333333333333,1.8888888888888888,0.0,0.8125
3344,0.5,1.0,0.0,1.7142857142857142,1.0,0.75,1.0833333333333333,1.8888888888888888,0.0,0.8125,0.0
3345,1.0,0.0,1.7142857142857142,1.0,0.75,1.0833333333333333,1.8888888888888888,0.0,0.8125,0.0,1.4736842105263157
3346,0.0,1.7142857142857142,1.0,0.75,1.0833333333333333,1.8888888888888888,0.0,0.8125,0.0,1.4736842105263157,0.8888888888888888
3347,1.7142857142857142,1.0,0.75,1.0833333333333333,1.8888888888888888,0.0,0.8125,0.0,1.4736842105263157,0.8888888888888888,0.6666666666666666
3348,1.0,0.75,1.0833333333333333,1.8888888888888888,0.0,0.8125,0.0,1.4736842105263157,0.8888888888888888,0.6666666666666666,2.25
3349,0.75,1.0833333333333333,1.8888888888888888,0.0,0.8125,0.0,1.4736842105263157,0.8888888888888888,0.6666666666666666,2.25,0.7857142857142857
3350,1.0833333333333333,1.8888888888888888,0.0,0.8125,0.0,1.4736842105263157,0.8888888888888888,0.6666666666666666,2.25,0.7857142857142857,0.7692307692307693
3351,1.8888888888888888,0.0,0.8125,0.0,1.4736842105263157,0.8888888888888888,0.6666666666666666,2.25,0.7857142857142857,0.7692307692307693,1.5384615384615385
3352,0.0,0.8125,0.0,1.4736842105263157,0.8888888888888888,0.6666666666666666,2.25,0.7857142857142857,0.7692307692307693,1.5384615384615385,0.7333333333333333
3353,0.8125,0.0,1.4736842105263157,0.8888888888888888,0.6666666666666666,2.25,0.7857142857142857,0.7692307692307693,1.5384615384615385,0.7333333333333333,0.5
3354,0.0,1.4736842105263157,0.8888888888888888,0.6666666666666666,2.25,0.7857142857142857,0.7692307692307693,1.5384615384615385,0.7333333333333333,0.5,1.75
3355,1.4736842105263157,0.8888888888888888,0.6666666666666666,2.25,0.7857142857142857,0.7692307692307693,1.5384615384615385,0.7333333333333333,0.5,1.75,1.5128205128205128
3356,0.8888888888888888,0.6666666666666666,2.25,0.7857142857142857,0.7692307692307693,1.5384615384615385,0.7333333333333333,0.5,1.75,1.5128205128205128,1.4137931034482758
3357,0.6666666666666666,2.25,0.7857142857142857,0.7692307692307693,1.5384615384615385,0.7333333333333333,0.5,1.75,1.5128205128205128,1.4137931034482758,0.0
3358,2.25,0.7857142857142857,0.7692307692307693,1.5384615384615385,0.7333333333333333,0.5,1.75,1.5128205128205128,1.4137931034482758,0.0,1.1666666666666667
3359,0.7857142857142857,0.7692307692307693,1.5384615384615385,0.7333333333333333,0.5,1.75,1.5128205128205128,1.4137931034482758,0.0,1.1666666666666667,0.8571428571428571
3360,0.7692307692307693,1.5384615384615385,0.7333333333333333,0.5,1.75,1.5128205128205128,1.4137931034482758,0.0,1.1666666666666667,0.8571428571428571,0.7222222222222222
3361,1.5384615384615385,0.7333333333333333,0.5,1.75,1.5128205128205128,1.4137931034482758,0.0,1.1666666666666667,0.8571428571428571,0.7222222222222222,1.5789473684210527
3362,0.7333333333333333,0.5,1.75,1.5128205128205128,1.4137931034482758,0.0,1.1666666666666667,0.8571428571428571,0.7222222222222222,1.5789473684210527,1.5263157894736843
3363,0.5,1.75,1.5128205128205128,1.4137931034482758,0.0,1.1666666666666667,0.8571428571428571,0.7222222222222222,1.5789473684210527,1.5263157894736843,1.4054054054054055
3364,1.75,1.5128205128205128,1.4137931034482758,0.0,1.1666666666666667,0.8571428571428571,0.7222222222222222,1.5789473684210527,1.5263157894736843,1.4054054054054055,1.4193548387096775
3365,1.5128205128205128,1.4137931034482758,0.0,1.1666666666666667,0.8571428571428571,0.7222222222222222,1.5789473684210527,1.5263157894736843,1.4054054054054055,1.4193548387096775,1.5
3366,1.4137931034482758,0.0,1.1666666666666667,0.8571428571428571,0.7222222222222222,1.5789473684210527,1.5263157894736843,1.4054054054054055,1.4193548387096775,1.5,1.3333333333333333
3367,0.0,1.1666666666666667,0.8571428571428571,0.7222222222222222,1.5789473684210527,1.5263157894736843,1.4054054054054055,1.4193548387096775,1.5,1.3333333333333333,2.375
3368,1.1666666666666667,0.8571428571428571,0.7222222222222222,1.5789473684210527,1.5263157894736843,1.4054054054054055,1.4193548387096775,1.5,1.3333333333333333,2.375,1.1111111111111112
3369,0.8571428571428571,0.7222222222222222,1.5789473684210527,1.5263157894736843,1.4054054054054055,1.4193548387096775,1.5,1.3333333333333333,2.375,1.1111111111111112,1.1875
3370,0.7222222222222222,1.5789473684210527,1.5263157894736843,1.4054054054054055,1.4193548387096775,1.5,1.3333333333333333,2.375,1.1111111111111112,1.1875,2.4285714285714284
3371,1.5789473684210527,1.5263157894736843,1.4054054054054055,1.4193548387096775,1.5,1.3333333333333333,2.375,1.1111111111111112,1.1875,2.4285714285714284,0.5
3372,1.5263157894736843,1.4054054054054055,1.4193548387096775,1.5,1.3333333333333333,2.375,1.1111111111111112,1.1875,2.4285714285714284,0.5,0.42857142857142855
3373,1.4054054054054055,1.4193548387096775,1.5,1.3333333333333333,2.375,1.1111111111111112,1.1875,2.4285714285714284,0.5,0.42857142857142855,0.25
3374,1.4193548387096775,1.5,1.3333333333333333,2.375,1.1111111111111112,1.1875,2.4285714285714284,0.5,0.42857142857142855,0.25,1.5
3375,1.5,1.3333333333333333,2.375,1.1111111111111112,1.1875,2.4285714285714284,0.5,0.42857142857142855,0.25,1.5,0.0
3376,1.3333333333333333,2.375,1.1111111111111112,1.1875,2.4285714285714284,0.5,0.42857142857142855,0.25,1.5,0.0,1.6363636363636365
3377,2.375,1.1111111111111112,1.1875,2.4285714285714284,0.5,0.42857142857142855,0.25,1.5,0.0,1.6363636363636365,1.3928571428571428
3378,1.1111111111111112,1.1875,2.4285714285714284,0.5,0.42857142857142855,0.25,1.5,0.0,1.6363636363636365,1.3928571428571428,1.1666666666666667
3379,1.1875,2.4285714285714284,0.5,0.42857142857142855,0.25,1.5,0.0,1.6363636363636365,1.3928571428571428,1.1666666666666667,1.575
3380,2.4285714285714284,0.5,0.42857142857142855,0.25,1.5,0.0,1.6363636363636365,1.3928571428571428,1.1666666666666667,1.575,1.0
3381,0.5,0.42857142857142855,0.25,1.5,0.0,1.6363636363636365,1.3928571428571428,1.1666666666666667,1.575,1.0,2.75
3382,0.42857142857142855,0.25,1.5,0.0,1.6363636363636365,1.3928571428571428,1.1666666666666667,1.575,1.0,2.75,1.4615384615384615
3383,0.25,1.5,0.0,1.6363636363636365,1.3928571428571428,1.1666666666666667,1.575,1.0,2.75,1.4615384615384615,1.105263157894737
3384,1.5,0.0,1.6363636363636365,1.3928571428571428,1.1666666666666667,1.575,1.0,2.75,1.4615384615384615,1.105263157894737,1.0714285714285714
3385,0.0,1.6363636363636365,1.3928571428571428,1.1666666666666667,1.575,1.0,2.75,1.4615384615384615,1.105263157894737,1.0714285714285714,1.0
3386,1.6363636363636365,1.3928571428571428,1.1666666666666667,1.575,1.0,2.75,1.4615384615384615,1.105263157894737,1.0714285714285714,1.0,0.3333333333333333
3387,1.3928571428571428,1.1666666666666667,1.575,1.0,2.75,1.4615384615384615,1.105263157894737,1.0714285714285714,1.0,0.3333333333333333,0.5
3388,1.1666666666666667,1.575,1.0,2.75,1.4615384615384615,1.105263157894737,1.0714285714285714,1.0,0.3333333333333333,0.5,1.2142857142857142
3389,1.575,1.0,2.75,1.4615384615384615,1.105263157894737,1.0714285714285714,1.0,0.3333333333333333,0.5,1.2142857142857142,0.0
3390,1.0,2.75,1.4615384615384615,1.105263157894737,1.0714285714285714,1.0,0.3333333333333333,0.5,1.2142857142857142,0.0,1.4
3391,2.75,1.4615384615384615,1.105263157894737,1.0714285714285714,1.0,0.3333333333333333,0.5,1.2142857142857142,0.0,1.4,2.0555555555555554
3392,1.4615384615384615,1.105263157894737,1.0714285714285714,1.0,0.3333333333333333,0.5,1.2142857142857142,0.0,1.4,2.0555555555555554,0.4444444444444444
3393,1.105263157894737,1.0714285714285714,1.0,0.3333333333333333,0.5,1.2142857142857142,0.0,1.4,2.0555555555555554,0.4444444444444444,1.3333333333333333
3394,1.0714285714285714,1.0,0.3333333333333333,0.5,1.2142857142857142,0.0,1.4,2.0555555555555554,0.4444444444444444,1.3333333333333333,1.0
3395,1.0,0.3333333333333333,0.5,1.2142857142857142,0.0,1.4,2.0555555555555554,0.4444444444444444,1.3333333333333333,1.0,1.5384615384615385
3396,0.3333333333333333,0.5,1.2142857142857142,0.0,1.4,2.0555555555555554,0.4444444444444444,1.3333333333333333,1.0,1.5384615384615385,0.6
3397,0.5,1.2142857142857142,0.0,1.4,2.0555555555555554,0.4444444444444444,1.3333333333333333,1.0,1.5384615384615385,0.6,1.1111111111111112
3398,1.2142857142857142,0.0,1.4,2.0555555555555554,0.4444444444444444,1.3333333333333333,1.0,1.5384615384615385,0.6,1.1111111111111112,2.0
3399,0.0,1.4,2.0555555555555554,0.4444444444444444,1.3333333333333333,1.0,1.5384615384615385,0.6,1.1111111111111112,2.0,0.6666666666666666
3400,1.4,2.0555555555555554,0.4444444444444444,1.3333333333333333,1.0,1.5384615384615385,0.6,1.1111111111111112,2.0,0.6666666666666666,0.8181818181818182
3401,2.0555555555555554,0.4444444444444444,1.3333333333333333,1.0,1.5384615384615385,0.6,1.1111111111111112,2.0,0.6666666666666666,0.8181818181818182,1.7142857142857142
3402,0.4444444444444444,1.3333333333333333,1.0,1.5384615384615385,0.6,1.1111111111111112,2.0,0.6666666666666666,0.8181818181818182,1.7142857142857142,0.6363636363636364
3403,1.3333333333333333,1.0,1.5384615384615385,0.6,1.1111111111111112,2.0,0.6666666666666666,0.8181818181818182,1.7142857142857142,0.6363636363636364,1.3333333333333333
3404,1.0,1.5384615384615385,0.6,1.1111111111111112,2.0,0.6666666666666666,0.8181818181818182,1.7142857142857142,0.6363636363636364,1.3333333333333333,1.0
3405,1.5384615384615385,0.6,1.1111111111111112,2.0,0.6666666666666666,0.8181818181818182,1.7142857142857142,0.6363636363636364,1.3333333333333333,1.0,3.1666666666666665
3406,0.6,1.1111111111111112,2.0,0.6666666666666666,0.8181818181818182,1.7142857142857142,0.6363636363636364,1.3333333333333333,1.0,3.1666666666666665,3.3333333333333335
3407,1.1111111111111112,2.0,0.6666666666666666,0.8181818181818182,1.7142857142857142,0.6363636363636364,1.3333333333333333,1.0,3.1666666666666665,3.3333333333333335,1.6666666666666667
3408,2.0,0.6666666666666666,0.8181818181818182,1.7142857142857142,0.6363636363636364,1.3333333333333333,1.0,3.1666666666666665,3.3333333333333335,1.6666666666666667,0.8275862068965517
3409,0.6666666666666666,0.8181818181818182,1.7142857142857142,0.6363636363636364,1.3333333333333333,1.0,3.1666666666666665,3.3333333333333335,1.6666666666666667,0.8275862068965517,1.8
3410,0.8181818181818182,1.7142857142857142,0.6363636363636364,1.3333333333333333,1.0,3.1666666666666665,3.3333333333333335,1.6666666666666667,0.8275862068965517,1.8,1.25
3411,1.7142857142857142,0.6363636363636364,1.3333333333333333,1.0,3.1666666666666665,3.3333333333333335,1.6666666666666667,0.8275862068965517,1.8,1.25,1.5294117647058822
3412,0.6363636363636364,1.3333333333333333,1.0,3.1666666666666665,3.3333333333333335,1.6666666666666667,0.8275862068965517,1.8,1.25,1.5294117647058822,0.3333333333333333
3413,1.3333333333333333,1.0,3.1666666666666665,3.3333333333333335,1.6666666666666667,0.8275862068965517,1.8,1.25,1.5294117647058822,0.3333333333333333,0.0
3414,1.0,3.1666666666666665,3.3333333333333335,1.6666666666666667,0.8275862068965517,1.8,1.25,1.5294117647058822,0.3333333333333333,0.0,1.4
3415,3.1666666666666665,3.3333333333333335,1.6666666666666667,0.8275862068965517,1.8,1.25,1.5294117647058822,0.3333333333333333,0.0,1.4,2.6666666666666665
3416,3.3333333333333335,1.6666666666666667,0.8275862068965517,1.8,1.25,1.5294117647058822,0.3333333333333333,0.0,1.4,2.6666666666666665,0.625
3417,1.6666666666666667,0.8275862068965517,1.8,1.25,1.5294117647058822,0.3333333333333333,0.0,1.4,2.6666666666666665,0.625,1.3076923076923077
3418,0.8275862068965517,1.8,1.25,1.5294117647058822,0.3333333333333333,0.0,1.4,2.6666666666666665,0.625,1.3076923076923077,1.25
3419,1.8,1.25,1.5294117647058822,0.3333333333333333,0.0,1.4,2.6666666666666665,0.625,1.3076923076923077,1.25,1.0
3420,1.25,1.5294117647058822,0.3333333333333333,0.0,1.4,2.6666666666666665,0.625,1.3076923076923077,1.25,1.0,1.0909090909090908
3421,1.5294117647058822,0.3333333333333333,0.0,1.4,2.6666666666666665,0.625,1.3076923076923077,1.25,1.0,1.0909090909090908,0.6363636363636364
3422,0.3333333333333333,0.0,1.4,2.6666666666666665,0.625,1.3076923076923077,1.25,1.0,1.0909090909090908,0.6363636363636364,1.375
3423,0.0,1.4,2.6666666666666665,0.625,1.3076923076923077,1.25,1.0,1.0909090909090908,0.6363636363636364,1.375,1.9047619047619047
3424,1.4,2.6666666666666665,0.625,1.3076923076923077,1.25,1.0,1.0909090909090908,0.6363636363636364,1.375,1.9047619047619047,1.0
3425,2.6666666666666665,0.625,1.3076923076923077,1.25,1.0,1.0909090909090908,0.6363636363636364,1.375,1.9047619047619047,1.0,1.6896551724137931
3426,0.625,1.3076923076923077,1.25,1.0,1.0909090909090908,0.6363636363636364,1.375,1.9047619047619047,1.0,1.6896551724137931,1.4
3427,1.3076923076923077,1.25,1.0,1.0909090909090908,0.6363636363636364,1.375,1.9047619047619047,1.0,1.6896551724137931,1.4,1.9166666666666667
3428,1.25,1.0,1.0909090909090908,0.6363636363636364,1.375,1.9047619047619047,1.0,1.6896551724137931,1.4,1.9166666666666667,0.8787878787878788
3429,1.0,1.0909090909090908,0.6363636363636364,1.375,1.9047619047619047,1.0,1.6896551724137931,1.4,1.9166666666666667,0.8787878787878788,1.6153846153846154
3430,1.0909090909090908,0.6363636363636364,1.375,1.9047619047619047,1.0,1.6896551724137931,1.4,1.9166666666666667,0.8787878787878788,1.6153846153846154,0.0
3431,0.6363636363636364,1.375,1.9047619047619047,1.0,1.6896551724137931,1.4,1.9166666666666667,0.8787878787878788,1.6153846153846154,0.0,1.0909090909090908
3432,1.375,1.9047619047619047,1.0,1.6896551724137931,1.4,1.9166666666666667,0.8787878787878788,1.6153846153846154,0.0,1.0909090909090908,0.5454545454545454
3433,1.9047619047619047,1.0,1.6896551724137931,1.4,1.9166666666666667,0.8787878787878788,1.6153846153846154,0.0,1.0909090909090908,0.5454545454545454,1.16
3434,1.0,1.6896551724137931,1.4,1.9166666666666667,0.8787878787878788,1.6153846153846154,0.0,1.0909090909090908,0.5454545454545454,1.16,1.435897435897436
3435,1.6896551724137931,1.4,1.9166666666666667,0.8787878787878788,1.6153846153846154,0.0,1.0909090909090908,0.5454545454545454,1.16,1.435897435897436,2.0
3436,1.4,1.9166666666666667,0.8787878787878788,1.6153846153846154,0.0,1.0909090909090908,0.5454545454545454,1.16,1.435897435897436,2.0,2.6
3437,1.9166666666666667,0.8787878787878788,1.6153846153846154,0.0,1.0909090909090908,0.5454545454545454,1.16,1.435897435897436,2.0,2.6,1.1578947368421053
3438,0.8787878787878788,1.6153846153846154,0.0,1.0909090909090908,0.5454545454545454,1.16,1.435897435897436,2.0,2.6,1.1578947368421053,1.6363636363636365
3439,1.6153846153846154,0.0,1.0909090909090908,0.5454545454545454,1.16,1.435897435897436,2.0,2.6,1.1578947368421053,1.6363636363636365,3.272727272727273
3440,0.0,1.0909090909090908,0.5454545454545454,1.16,1.435897435897436,2.0,2.6,1.1578947368421053,1.6363636363636365,3.272727272727273,1.2903225806451613
3441,1.0909090909090908,0.5454545454545454,1.16,1.435897435897436,2.0,2.6,1.1578947368421053,1.6363636363636365,3.272727272727273,1.2903225806451613,1.1363636363636365
3442,0.5454545454545454,1.16,1.435897435897436,2.0,2.6,1.1578947368421053,1.6363636363636365,3.272727272727273,1.2903225806451613,1.1363636363636365,1.625
3443,1.16,1.435897435897436,2.0,2.6,1.1578947368421053,1.6363636363636365,3.272727272727273,1.2903225806451613,1.1363636363636365,1.625,0.9166666666666666
3444,1.435897435897436,2.0,2.6,1.1578947368421053,1.6363636363636365,3.272727272727273,1.2903225806451613,1.1363636363636365,1.625,0.9166666666666666,0.5
3445,2.0,2.6,1.1578947368421053,1.6363636363636365,3.272727272727273,1.2903225806451613,1.1363636363636365,1.625,0.9166666666666666,0.5,1.375
3446,2.6,1.1578947368421053,1.6363636363636365,3.272727272727273,1.2903225806451613,1.1363636363636365,1.625,0.9166666666666666,0.5,1.375,1.75
3447,1.1578947368421053,1.6363636363636365,3.272727272727273,1.2903225806451613,1.1363636363636365,1.625,0.9166666666666666,0.5,1.375,1.75,1.6
3448,1.6206896551724137,1.7755102040816326,1.6730769230769231,1.3157894736842106,1.4,1.0714285714285714,1.5454545454545454,1.3508771929824561,0.375,0.0,1.8444444444444446
3449,1.7755102040816326,1.6730769230769231,1.3157894736842106,1.4,1.0714285714285714,1.5454545454545454,1.3508771929824561,0.375,0.0,1.8444444444444446,0.5
3450,1.6730769230769231,1.3157894736842106,1.4,1.0714285714285714,1.5454545454545454,1.3508771929824561,0.375,0.0,1.8444444444444446,0.5,1.0476190476190477
3451,1.3157894736842106,1.4,1.0714285714285714,1.5454545454545454,1.3508771929824561,0.375,0.0,1.8444444444444446,0.5,1.0476190476190477,0.7692307692307693
3452,1.4,1.0714285714285714,1.5454545454545454,1.3508771929824561,0.375,0.0,1.8444444444444446,0.5,1.0476190476190477,0.7692307692307693,1.1764705882352942
3453,1.0714285714285714,1.5454545454545454,1.3508771929824561,0.375,0.0,1.8444444444444446,0.5,1.0476190476190477,0.7692307692307693,1.1764705882352942,1.88
3454,1.5454545454545454,1.3508771929824561,0.375,0.0,1.8444444444444446,0.5,1.0476190476190477,0.7692307692307693,1.1764705882352942,1.88,1.5135135135135136
3455,1.3508771929824561,0.375,0.0,1.8444444444444446,0.5,1.0476190476190477,0.7692307692307693,1.1764705882352942,1.88,1.5135135135135136,0.0
3456,0.375,0.0,1.8444444444444446,0.5,1.0476190476190477,0.7692307692307693,1.1764705882352942,1.88,1.5135135135135136,0.0,1.1428571428571428
3457,0.0,1.8444444444444446,0.5,1.0476190476190477,0.7692307692307693,1.1764705882352942,1.88,1.5135135135135136,0.0,1.1428571428571428,0.16666666666666666
3458,1.8444444444444446,0.5,1.0476190476190477,0.7692307692307693,1.1764705882352942,1.88,1.5135135135135136,0.0,1.1428571428571428,0.16666666666666666,1.7692307692307692
3459,0.5,1.0476190476190477,0.7692307692307693,1.1764705882352942,1.88,1.5135135135135136,0.0,1.1428571428571428,0.16666666666666666,1.7692307692307692,0.5555555555555556
3460,1.2222222222222223,4.666666666666667,1.25,0.0,1.25,1.3333333333333333,1.0434782608695652,0.6666666666666666,1.2727272727272727,1.8181818181818181,1.0
3461,4.666666666666667,1.25,0.0,1.25,1.3333333333333333,1.0434782608695652,0.6666666666666666,1.2727272727272727,1.8181818181818181,1.0,0.7
3462,1.25,0.0,1.25,1.3333333333333333,1.0434782608695652,0.6666666666666666,1.2727272727272727,1.8181818181818181,1.0,0.7,1.5
3463,0.0,1.25,1.3333333333333333,1.0434782608695652,0.6666666666666666,1.2727272727272727,1.8181818181818181,1.0,0.7,1.5,1.0
3464,1.25,1.3333333333333333,1.0434782608695652,0.6666666666666666,1.2727272727272727,1.8181818181818181,1.0,0.7,1.5,1.0,0.6666666666666666
3465,1.3333333333333333,1.0434782608695652,0.6666666666666666,1.2727272727272727,1.8181818181818181,1.0,0.7,1.5,1.0,0.6666666666666666,2.8333333333333335
3466,1.0434782608695652,0.6666666666666666,1.2727272727272727,1.8181818181818181,1.0,0.7,1.5,1.0,0.6666666666666666,2.8333333333333335,0.6
3467,0.6666666666666666,1.2727272727272727,1.8181818181818181,1.0,0.7,1.5,1.0,0.6666666666666666,2.8333333333333335,0.6,0.625
3468,1.2727272727272727,1.8181818181818181,1.0,0.7,1.5,1.0,0.6666666666666666,2.8333333333333335,0.6,0.625,1.1875
3469,1.8181818181818181,1.0,0.7,1.5,1.0,0.6666666666666666,2.8333333333333335,0.6,0.625,1.1875,0.0
3470,1.0,0.7,1.5,1.0,0.6666666666666666,2.8333333333333335,0.6,0.625,1.1875,0.0,1.5294117647058822
3471,0.7,1.5,1.0,0.6666666666666666,2.8333333333333335,0.6,0.625,1.1875,0.0,1.5294117647058822,0.9545454545454546
3472,1.5,1.0,0.6666666666666666,2.8333333333333335,0.6,0.625,1.1875,0.0,1.5294117647058822,0.9545454545454546,1.0
3473,1.0,0.6666666666666666,2.8333333333333335,0.6,0.625,1.1875,0.0,1.5294117647058822,0.9545454545454546,1.0,0.8571428571428571
3474,0.6666666666666666,2.8333333333333335,0.6,0.625,1.1875,0.0,1.5294117647058822,0.9545454545454546,1.0,0.8571428571428571,0.2222222222222222
3475,2.8333333333333335,0.6,0.625,1.1875,0.0,1.5294117647058822,0.9545454545454546,1.0,0.8571428571428571,0.2222222222222222,1.5
3476,0.6,0.625,1.1875,0.0,1.5294117647058822,0.9545454545454546,1.0,0.8571428571428571,0.2222222222222222,1.5,2.1818181818181817
3477,0.625,1.1875,0.0,1.5294117647058822,0.9545454545454546,1.0,0.8571428571428571,0.2222222222222222,1.5,2.1818181818181817,0.0
3478,1.1875,0.0,1.5294117647058822,0.9545454545454546,1.0,0.8571428571428571,0.2222222222222222,1.5,2.1818181818181817,0.0,1.1818181818181819
3479,0.0,1.5294117647058822,0.9545454545454546,1.0,0.8571428571428571,0.2222222222222222,1.5,2.1818181818181817,0.0,1.1818181818181819,0.3333333333333333
3480,1.5294117647058822,0.9545454545454546,1.0,0.8571428571428571,0.2222222222222222,1.5,2.1818181818181817,0.0,1.1818181818181819,0.3333333333333333,1.4
3481,0.9545454545454546,1.0,0.8571428571428571,0.2222222222222222,1.5,2.1818181818181817,0.0,1.1818181818181819,0.3333333333333333,1.4,0.5
3482,1.0,0.8571428571428571,0.2222222222222222,1.5,2.1818181818181817,0.0,1.1818181818181819,0.3333333333333333,1.4,0.5,0.7142857142857143
3483,2.1666666666666665,1.25,1.4210526315789473,1.255813953488372,0.0,1.2790697674418605,1.5,1.3333333333333333,1.0,3.25,1.2142857142857142
3484,1.25,1.4210526315789473,1.255813953488372,0.0,1.2790697674418605,1.5,1.3333333333333333,1.0,3.25,1.2142857142857142,1.7
3485,1.4210526315789473,1.255813953488372,0.0,1.2790697674418605,1.5,1.3333333333333333,1.0,3.25,1.2142857142857142,1.7,1.0
3486,1.255813953488372,0.0,1.2790697674418605,1.5,1.3333333333333333,1.0,3.25,1.2142857142857142,1.7,1.0,0.8333333333333334
3487,0.0,1.2790697674418605,1.5,1.3333333333333333,1.0,3.25,1.2142857142857142,1.7,1.0,0.8333333333333334,1.457142857142857
3488,1.2790697674418605,1.5,1.3333333333333333,1.0,3.25,1.2142857142857142,1.7,1.0,0.8333333333333334,1.457142857142857,2.0
3489,1.5,1.3333333333333333,1.0,3.25,1.2142857142857142,1.7,1.0,0.8333333333333334,1.457142857142857,2.0,0.6666666666666666
3490,1.3333333333333333,1.0,3.25,1.2142857142857142,1.7,1.0,0.8333333333333334,1.457142857142857,2.0,0.6666666666666666,0.4
3491,1.0,3.25,1.2142857142857142,1.7,1.0,0.8333333333333334,1.457142857142857,2.0,0.6666666666666666,0.4,2.1515151515151514
3492,0.36363636363636365,1.0,1.9523809523809523,1.46875,0.875,0.5833333333333334,0.45454545454545453,1.6666666666666667,1.9444444444444444,1.2857142857142858,0.9090909090909091
3493,1.0,1.9523809523809523,1.46875,0.875,0.5833333333333334,0.45454545454545453,1.6666666666666667,1.9444444444444444,1.2857142857142858,0.9090909090909091,1.25
3494,1.9523809523809523,1.46875,0.875,0.5833333333333334,0.45454545454545453,1.6666666666666667,1.9444444444444444,1.2857142857142858,0.9090909090909091,1.25,0.0
3495,1.46875,0.875,0.5833333333333334,0.45454545454545453,1.6666666666666667,1.9444444444444444,1.2857142857142858,0.9090909090909091,1.25,0.0,1.2222222222222223
3496,0.875,0.5833333333333334,0.45454545454545453,1.6666666666666667,1.9444444444444444,1.2857142857142858,0.9090909090909091,1.25,0.0,1.2222222222222223,1.0
3497,0.5833333333333334,0.45454545454545453,1.6666666666666667,1.9444444444444444,1.2857142857142858,0.9090909090909091,1.25,0.0,1.2222222222222223,1.0,1.2380952380952381
3498,0.45454545454545453,1.6666666666666667,1.9444444444444444,1.2857142857142858,0.9090909090909091,1.25,0.0,1.2222222222222223,1.0,1.2380952380952381,1.0
3499,1.6666666666666667,1.9444444444444444,1.2857142857142858,0.9090909090909091,1.25,0.0,1.2222222222222223,1.0,1.2380952380952381,1.0,0.6666666666666666
3500,1.9444444444444444,1.2857142857142858,0.9090909090909091,1.25,0.0,1.2222222222222223,1.0,1.2380952380952381,1.0,0.6666666666666666,1.0384615384615385
3501,1.2857142857142858,0.9090909090909091,1.25,0.0,1.2222222222222223,1.0,1.2380952380952381,1.0,0.6666666666666666,1.0384615384615385,0.5714285714285714
3502,0.9090909090909091,1.25,0.0,1.2222222222222223,1.0,1.2380952380952381,1.0,0.6666666666666666,1.0384615384615385,0.5714285714285714,2.5
3503,1.25,0.0,1.2222222222222223,1.0,1.2380952380952381,1.0,0.6666666666666666,1.0384615384615385,0.5714285714285714,2.5,1.9285714285714286
3504,0.0,1.2222222222222223,1.0,1.2380952380952381,1.0,0.6666666666666666,1.0384615384615385,0.5714285714285714,2.5,1.9285714285714286,1.2592592592592593
3505,1.2222222222222223,1.0,1.2380952380952381,1.0,0.6666666666666666,1.0384615384615385,0.5714285714285714,2.5,1.9285714285714286,1.2592592592592593,1.5
3506,1.0,1.2380952380952381,1.0,0.6666666666666666,1.0384615384615385,0.5714285714285714,2.5,1.9285714285714286,1.2592592592592593,1.5,1.2727272727272727
3507,1.2380952380952381,1.0,0.6666666666666666,1.0384615384615385,0.5714285714285714,2.5,1.9285714285714286,1.2592592592592593,1.5,1.2727272727272727,1.6153846153846154
3508,1.0,0.6666666666666666,1.0384615384615385,0.5714285714285714,2.5,1.9285714285714286,1.2592592592592593,1.5,1.2727272727272727,1.6153846153846154,1.0
3509,0.6666666666666666,1.0384615384615385,0.5714285714285714,2.5,1.9285714285714286,1.2592592592592593,1.5,1.2727272727272727,1.6153846153846154,1.0,1.4
3510,1.0384615384615385,0.5714285714285714,2.5,1.9285714285714286,1.2592592592592593,1.5,1.2727272727272727,1.6153846153846154,1.0,1.4,1.5
3511,0.5714285714285714,2.5,1.9285714285714286,1.2592592592592593,1.5,1.2727272727272727,1.6153846153846154,1.0,1.4,1.5,1.4363636363636363
3512,2.5,1.9285714285714286,1.2592592592592593,1.5,1.2727272727272727,1.6153846153846154,1.0,1.4,1.5,1.4363636363636363,0.625
3513,1.9285714285714286,1.2592592592592593,1.5,1.2727272727272727,1.6153846153846154,1.0,1.4,1.5,1.4363636363636363,0.625,0.5555555555555556
3514,1.2592592592592593,1.5,1.2727272727272727,1.6153846153846154,1.0,1.4,1.5,1.4363636363636363,0.625,0.5555555555555556,1.25
3515,1.5,1.2727272727272727,1.6153846153846154,1.0,1.4,1.5,1.4363636363636363,0.625,0.5555555555555556,1.25,3.875
3516,1.2727272727272727,1.6153846153846154,1.0,1.4,1.5,1.4363636363636363,0.625,0.5555555555555556,1.25,3.875,2.1739130434782608
3517,1.6153846153846154,1.0,1.4,1.5,1.4363636363636363,0.625,0.5555555555555556,1.25,3.875,2.1739130434782608,0.0
3518,1.0,1.4,1.5,1.4363636363636363,0.625,0.5555555555555556,1.25,3.875,2.1739130434782608,0.0,1.1333333333333333
3519,1.4,1.5,1.4363636363636363,0.625,0.5555555555555556,1.25,3.875,2.1739130434782608,0.0,1.1333333333333333,1.2857142857142858
3520,1.5,1.4363636363636363,0.625,0.5555555555555556,1.25,3.875,2.1739130434782608,0.0,1.1333333333333333,1.2857142857142858,0.9655172413793104
3521,1.4363636363636363,0.625,0.5555555555555556,1.25,3.875,2.1739130434782608,0.0,1.1333333333333333,1.2857142857142858,0.9655172413793104,1.5238095238095237
3522,0.625,0.5555555555555556,1.25,3.875,2.1739130434782608,0.0,1.1333333333333333,1.2857142857142858,0.9655172413793104,1.5238095238095237,1.3333333333333333
3523,0.5555555555555556,1.25,3.875,2.1739130434782608,0.0,1.1333333333333333,1.2857142857142858,0.9655172413793104,1.5238095238095237,1.3333333333333333,1.3076923076923077
3524,1.25,3.875,2.1739130434782608,0.0,1.1333333333333333,1.2857142857142858,0.9655172413793104,1.5238095238095237,1.3333333333333333,1.3076923076923077,1.4444444444444444
3525,3.875,2.1739130434782608,0.0,1.1333333333333333,1.2857142857142858,0.9655172413793104,1.5238095238095237,1.3333333333333333,1.3076923076923077,1.4444444444444444,1.2380952380952381
3526,2.1739130434782608,0.0,1.1333333333333333,1.2857142857142858,0.9655172413793104,1.5238095238095237,1.3333333333333333,1.3076923076923077,1.4444444444444444,1.2380952380952381,1.2352941176470589
3527,0.0,1.1333333333333333,1.2857142857142858,0.9655172413793104,1.5238095238095237,1.3333333333333333,1.3076923076923077,1.4444444444444444,1.2380952380952381,1.2352941176470589,0.0
3528,1.1333333333333333,1.2857142857142858,0.9655172413793104,1.5238095238095237,1.3333333333333333,1.3076923076923077,1.4444444444444444,1.2380952380952381,1.2352941176470589,0.0,0.84
3529,1.2857142857142858,0.9655172413793104,1.5238095238095237,1.3333333333333333,1.3076923076923077,1.4444444444444444,1.2380952380952381,1.2352941176470589,0.0,0.84,0.9130434782608695
3530,0.9655172413793104,1.5238095238095237,1.3333333333333333,1.3076923076923077,1.4444444444444444,1.2380952380952381,1.2352941176470589,0.0,0.84,0.9130434782608695,1.3157894736842106
3531,1.5238095238095237,1.3333333333333333,1.3076923076923077,1.4444444444444444,1.2380952380952381,1.2352941176470589,0.0,0.84,0.9130434782608695,1.3157894736842106,0.5384615384615384
3532,1.3333333333333333,1.3076923076923077,1.4444444444444444,1.2380952380952381,1.2352941176470589,0.0,0.84,0.9130434782608695,1.3157894736842106,0.5384615384615384,1.35
3533,1.3076923076923077,1.4444444444444444,1.2380952380952381,1.2352941176470589,0.0,0.84,0.9130434782608695,1.3157894736842106,0.5384615384615384,1.35,1.0555555555555556
3534,1.4444444444444444,1.2380952380952381,1.2352941176470589,0.0,0.84,0.9130434782608695,1.3157894736842106,0.5384615384615384,1.35,1.0555555555555556,0.0
3535,1.2380952380952381,1.2352941176470589,0.0,0.84,0.9130434782608695,1.3157894736842106,0.5384615384615384,1.35,1.0555555555555556,0.0,1.4772727272727273
3536,1.2352941176470589,0.0,0.84,0.9130434782608695,1.3157894736842106,0.5384615384615384,1.35,1.0555555555555556,0.0,1.4772727272727273,1.3
3537,0.0,0.84,0.9130434782608695,1.3157894736842106,0.5384615384615384,1.35,1.0555555555555556,0.0,1.4772727272727273,1.3,1.0833333333333333
3538,0.84,0.9130434782608695,1.3157894736842106,0.5384615384615384,1.35,1.0555555555555556,0.0,1.4772727272727273,1.3,1.0833333333333333,0.0
3539,0.9130434782608695,1.3157894736842106,0.5384615384615384,1.35,1.0555555555555556,0.0,1.4772727272727273,1.3,1.0833333333333333,0.0,1.1
3540,1.3157894736842106,0.5384615384615384,1.35,1.0555555555555556,0.0,1.4772727272727273,1.3,1.0833333333333333,0.0,1.1,1.4
3541,0.5384615384615384,1.35,1.0555555555555556,0.0,1.4772727272727273,1.3,1.0833333333333333,0.0,1.1,1.4,1.0
3542,1.35,1.0555555555555556,0.0,1.4772727272727273,1.3,1.0833333333333333,0.0,1.1,1.4,1.0,2.0
3543,1.0555555555555556,0.0,1.4772727272727273,1.3,1.0833333333333333,0.0,1.1,1.4,1.0,2.0,0.75
3544,0.0,1.4772727272727273,1.3,1.0833333333333333,0.0,1.1,1.4,1.0,2.0,0.75,2.357142857142857
3545,1.4772727272727273,1.3,1.0833333333333333,0.0,1.1,1.4,1.0,2.0,0.75,2.357142857142857,2.5652173913043477
3546,1.3,1.0833333333333333,0.0,1.1,1.4,1.0,2.0,0.75,2.357142857142857,2.5652173913043477,0.0
3547,1.0833333333333333,0.0,1.1,1.4,1.0,2.0,0.75,2.357142857142857,2.5652173913043477,0.0,2.764705882352941
3548,0.0,1.1,1.4,1.0,2.0,0.75,2.357142857142857,2.5652173913043477,0.0,2.764705882352941,2.25
3549,1.1,1.4,1.0,2.0,0.75,2.357142857142857,2.5652173913043477,0.0,2.764705882352941,2.25,1.0769230769230769
3550,1.4,1.0,2.0,0.75,2.357142857142857,2.5652173913043477,0.0,2.764705882352941,2.25,1.0769230769230769,1.0
3551,1.0,2.0,0.75,2.357142857142857,2.5652173913043477,0.0,2.764705882352941,2.25,1.0769230769230769,1.0,2.0
3552,2.0,0.75,2.357142857142857,2.5652173913043477,0.0,2.764705882352941,2.25,1.0769230769230769,1.0,2.0,0.6666666666666666
3553,0.75,2.357142857142857,2.5652173913043477,0.0,2.764705882352941,2.25,1.0769230769230769,1.0,2.0,0.6666666666666666,3.0
3554,2.357142857142857,2.5652173913043477,0.0,2.764705882352941,2.25,1.0769230769230769,1.0,2.0,0.6666666666666666,3.0,1.8823529411764706
3555,2.5652173913043477,0.0,2.764705882352941,2.25,1.0769230769230769,1.0,2.0,0.6666666666666666,3.0,1.8823529411764706,2.0
3556,0.0,2.764705882352941,2.25,1.0769230769230769,1.0,2.0,0.6666666666666666,3.0,1.8823529411764706,2.0,1.6666666666666667
3557,2.764705882352941,2.25,1.0769230769230769,1.0,2.0,0.6666666666666666,3.0,1.8823529411764706,2.0,1.6666666666666667,0.9375
3558,2.25,1.0769230769230769,1.0,2.0,0.6666666666666666,3.0,1.8823529411764706,2.0,1.6666666666666667,0.9375,0.9166666666666666
3559,1.0769230769230769,1.0,2.0,0.6666666666666666,3.0,1.8823529411764706,2.0,1.6666666666666667,0.9375,0.9166666666666666,2.1707317073170733
3560,1.0,2.0,0.6666666666666666,3.0,1.8823529411764706,2.0,1.6666666666666667,0.9375,0.9166666666666666,2.1707317073170733,2.12
3561,2.0,0.6666666666666666,3.0,1.8823529411764706,2.0,1.6666666666666667,0.9375,0.9166666666666666,2.1707317073170733,2.12,1.8125
3562,0.6666666666666666,3.0,1.8823529411764706,2.0,1.6666666666666667,0.9375,0.9166666666666666,2.1707317073170733,2.12,1.8125,1.9411764705882353
3563,3.0,1.8823529411764706,2.0,1.6666666666666667,0.9375,0.9166666666666666,2.1707317073170733,2.12,1.8125,1.9411764705882353,2.1538461538461537
3564,1.8823529411764706,2.0,1.6666666666666667,0.9375,0.9166666666666666,2.1707317073170733,2.12,1.8125,1.9411764705882353,2.1538461538461537,1.8125
3565,2.0,1.6666666666666667,0.9375,0.9166666666666666,2.1707317073170733,2.12,1.8125,1.9411764705882353,2.1538461538461537,1.8125,1.0
3566,1.6666666666666667,0.9375,0.9166666666666666,2.1707317073170733,2.12,1.8125,1.9411764705882353,2.1538461538461537,1.8125,1.0,1.6666666666666667
3567,0.9375,0.9166666666666666,2.1707317073170733,2.12,1.8125,1.9411764705882353,2.1538461538461537,1.8125,1.0,1.6666666666666667,2.1538461538461537
3568,0.9166666666666666,2.1707317073170733,2.12,1.8125,1.9411764705882353,2.1538461538461537,1.8125,1.0,1.6666666666666667,2.1538461538461537,1.6428571428571428
3569,2.1707317073170733,2.12,1.8125,1.9411764705882353,2.1538461538461537,1.8125,1.0,1.6666666666666667,2.1538461538461537,1.6428571428571428,4.1
3570,2.12,1.8125,1.9411764705882353,2.1538461538461537,1.8125,1.0,1.6666666666666667,2.1538461538461537,1.6428571428571428,4.1,1.3823529411764706
3571,1.8125,1.9411764705882353,2.1538461538461537,1.8125,1.0,1.6666666666666667,2.1538461538461537,1.6428571428571428,4.1,1.3823529411764706,1.2666666666666666
3572,1.9411764705882353,2.1538461538461537,1.8125,1.0,1.6666666666666667,2.1538461538461537,1.6428571428571428,4.1,1.3823529411764706,1.2666666666666666,0.5
3573,2.1538461538461537,1.8125,1.0,1.6666666666666667,2.1538461538461537,1.6428571428571428,4.1,1.3823529411764706,1.2666666666666666,0.5,1.9583333333333333
3574,1.8125,1.0,1.6666666666666667,2.1538461538461537,1.6428571428571428,4.1,1.3823529411764706,1.2666666666666666,0.5,1.9583333333333333,2.3333333333333335
3575,1.0,1.6666666666666667,2.1538461538461537,1.6428571428571428,4.1,1.3823529411764706,1.2666666666666666,0.5,1.9583333333333333,2.3333333333333335,1.1111111111111112
3576,1.6666666666666667,2.1538461538461537,1.6428571428571428,4.1,1.3823529411764706,1.2666666666666666,0.5,1.9583333333333333,2.3333333333333335,1.1111111111111112,0.0
3577,2.1538461538461537,1.6428571428571428,4.1,1.3823529411764706,1.2666666666666666,0.5,1.9583333333333333,2.3333333333333335,1.1111111111111112,0.0,1.736842105263158
3578,1.6428571428571428,4.1,1.3823529411764706,1.2666666666666666,0.5,1.9583333333333333,2.3333333333333335,1.1111111111111112,0.0,1.736842105263158,0.3333333333333333
3579,4.1,1.3823529411764706,1.2666666666666666,0.5,1.9583333333333333,2.3333333333333335,1.1111111111111112,0.0,1.736842105263158,0.3333333333333333,1.6666666666666667
3580,1.3823529411764706,1.2666666666666666,0.5,1.9583333333333333,2.3333333333333335,1.1111111111111112,0.0,1.736842105263158,0.3333333333333333,1.6666666666666667,1.380952380952381
3581,1.2666666666666666,0.5,1.9583333333333333,2.3333333333333335,1.1111111111111112,0.0,1.736842105263158,0.3333333333333333,1.6666666666666667,1.380952380952381,1.8043478260869565
3582,0.5,1.9583333333333333,2.3333333333333335,1.1111111111111112,0.0,1.736842105263158,0.3333333333333333,1.6666666666666667,1.380952380952381,1.8043478260869565,1.25
3583,1.9583333333333333,2.3333333333333335,1.1111111111111112,0.0,1.736842105263158,0.3333333333333333,1.6666666666666667,1.380952380952381,1.8043478260869565,1.25,0.6666666666666666
3584,2.3333333333333335,1.1111111111111112,0.0,1.736842105263158,0.3333333333333333,1.6666666666666667,1.380952380952381,1.8043478260869565,1.25,0.6666666666666666,0.3333333333333333
3585,1.1111111111111112,0.0,1.736842105263158,0.3333333333333333,1.6666666666666667,1.380952380952381,1.8043478260869565,1.25,0.6666666666666666,0.3333333333333333,1.8285714285714285
3586,0.0,1.736842105263158,0.3333333333333333,1.6666666666666667,1.380952380952381,1.8043478260869565,1.25,0.6666666666666666,0.3333333333333333,1.8285714285714285,0.8888888888888888
3587,1.736842105263158,0.3333333333333333,1.6666666666666667,1.380952380952381,1.8043478260869565,1.25,0.6666666666666666,0.3333333333333333,1.8285714285714285,0.8888888888888888,2.480769230769231
3588,0.3333333333333333,1.6666666666666667,1.380952380952381,1.8043478260869565,1.25,0.6666666666666666,0.3333333333333333,1.8285714285714285,0.8888888888888888,2.480769230769231,1.903225806451613
3589,1.6666666666666667,1.380952380952381,1.8043478260869565,1.25,0.6666666666666666,0.3333333333333333,1.8285714285714285,0.8888888888888888,2.480769230769231,1.903225806451613,0.0
3590,1.380952380952381,1.8043478260869565,1.25,0.6666666666666666,0.3333333333333333,1.8285714285714285,0.8888888888888888,2.480769230769231,1.903225806451613,0.0,1.5
3591,1.8043478260869565,1.25,0.6666666666666666,0.3333333333333333,1.8285714285714285,0.8888888888888888,2.480769230769231,1.903225806451613,0.0,1.5,1.6808510638297873
3592,1.25,0.6666666666666666,0.3333333333333333,1.8285714285714285,0.8888888888888888,2.480769230769231,1.903225806451613,0.0,1.5,1.6808510638297873,0.8333333333333334
3593,0.6666666666666666,0.3333333333333333,1.8285714285714285,0.8888888888888888,2.480769230769231,1.903225806451613,0.0,1.5,1.6808510638297873,0.8333333333333334,1.934782608695652
3594,0.3333333333333333,1.8285714285714285,0.8888888888888888,2.480769230769231,1.903225806451613,0.0,1.5,1.6808510638297873,0.8333333333333334,1.934782608695652,0.9047619047619048
3595,1.8285714285714285,0.8888888888888888,2.480769230769231,1.903225806451613,0.0,1.5,1.6808510638297873,0.8333333333333334,1.934782608695652,0.9047619047619048,1.0
3596,0.8888888888888888,2.480769230769231,1.903225806451613,0.0,1.5,1.6808510638297873,0.8333333333333334,1.934782608695652,0.9047619047619048,1.0,1.3333333333333333
3597,2.480769230769231,1.903225806451613,0.0,1.5,1.6808510638297873,0.8333333333333334,1.934782608695652,0.9047619047619048,1.0,1.3333333333333333,0.375
3598,1.903225806451613,0.0,1.5,1.6808510638297873,0.8333333333333334,1.934782608695652,0.9047619047619048,1.0,1.3333333333333333,0.375,1.5925925925925926
3599,0.0,1.5,1.6808510638297873,0.8333333333333334,1.934782608695652,0.9047619047619048,1.0,1.3333333333333333,0.375,1.5925925925925926,1.25
3600,1.5,1.6808510638297873,0.8333333333333334,1.934782608695652,0.9047619047619048,1.0,1.3333333333333333,0.375,1.5925925925925926,1.25,1.9130434782608696
3601,1.6808510638297873,0.8333333333333334,1.934782608695652,0.9047619047619048,1.0,1.3333333333333333,0.375,1.5925925925925926,1.25,1.9130434782608696,1.425
3602,0.8333333333333334,1.934782608695652,0.9047619047619048,1.0,1.3333333333333333,0.375,1.5925925925925926,1.25,1.9130434782608696,1.425,1.1111111111111112
3603,1.934782608695652,0.9047619047619048,1.0,1.3333333333333333,0.375,1.5925925925925926,1.25,1.9130434782608696,1.425,1.1111111111111112,0.5
3604,0.9047619047619048,1.0,1.3333333333333333,0.375,1.5925925925925926,1.25,1.9130434782608696,1.425,1.1111111111111112,0.5,2.3076923076923075
3605,1.0,1.3333333333333333,0.375,1.5925925925925926,1.25,1.9130434782608696,1.425,1.1111111111111112,0.5,2.3076923076923075,2.2666666666666666
3606,1.3333333333333333,0.375,1.5925925925925926,1.25,1.9130434782608696,1.425,1.1111111111111112,0.5,2.3076923076923075,2.2666666666666666,0.25
3607,0.375,1.5925925925925926,1.25,1.9130434782608696,1.425,1.1111111111111112,0.5,2.3076923076923075,2.2666666666666666,0.25,0.625
3608,1.5925925925925926,1.25,1.9130434782608696,1.425,1.1111111111111112,0.5,2.3076923076923075,2.2666666666666666,0.25,0.625,1.945945945945946
3609,1.25,1.9130434782608696,1.425,1.1111111111111112,0.5,2.3076923076923075,2.2666666666666666,0.25,0.625,1.945945945945946,1.7692307692307692
3610,1.9130434782608696,1.425,1.1111111111111112,0.5,2.3076923076923075,2.2666666666666666,0.25,0.625,1.945945945945946,1.7692307692307692,1.5142857142857142
3611,1.425,1.1111111111111112,0.5,2.3076923076923075,2.2666666666666666,0.25,0.625,1.945945945945946,1.7692307692307692,1.5142857142857142,0.9
3612,1.1111111111111112,0.5,2.3076923076923075,2.2666666666666666,0.25,0.625,1.945945945945946,1.7692307692307692,1.5142857142857142,0.9,1.7073170731707317
3613,0.5,2.3076923076923075,2.2666666666666666,0.25,0.625,1.945945945945946,1.7692307692307692,1.5142857142857142,0.9,1.7073170731707317,0.5
3614,2.3076923076923075,2.2666666666666666,0.25,0.625,1.945945945945946,1.7692307692307692,1.5142857142857142,0.9,1.7073170731707317,0.5,1.4444444444444444
3615,2.2666666666666666,0.25,0.625,1.945945945945946,1.7692307692307692,1.5142857142857142,0.9,1.7073170731707317,0.5,1.4444444444444444,1.96875
3616,0.25,0.625,1.945945945945946,1.7692307692307692,1.5142857142857142,0.9,1.7073170731707317,0.5,1.4444444444444444,1.96875,1.0625
3617,0.625,1.945945945945946,1.7692307692307692,1.5142857142857142,0.9,1.7073170731707317,0.5,1.4444444444444444,1.96875,1.0625,1.5526315789473684
3618,1.945945945945946,1.7692307692307692,1.5142857142857142,0.9,1.7073170731707317,0.5,1.4444444444444444,1.96875,1.0625,1.5526315789473684,1.4705882352941178
3619,1.7692307692307692,1.5142857142857142,0.9,1.7073170731707317,0.5,1.4444444444444444,1.96875,1.0625,1.5526315789473684,1.4705882352941178,1.3157894736842106
3620,1.5142857142857142,0.9,1.7073170731707317,0.5,1.4444444444444444,1.96875,1.0625,1.5526315789473684,1.4705882352941178,1.3157894736842106,1.8636363636363635
3621,0.9,1.7073170731707317,0.5,1.4444444444444444,1.96875,1.0625,1.5526315789473684,1.4705882352941178,1.3157894736842106,1.8636363636363635,0.8947368421052632
3622,1.7073170731707317,0.5,1.4444444444444444,1.96875,1.0625,1.5526315789473684,1.4705882352941178,1.3157894736842106,1.8636363636363635,0.8947368421052632,2.5
3623,0.5,1.4444444444444444,1.96875,1.0625,1.5526315789473684,1.4705882352941178,1.3157894736842106,1.8636363636363635,0.8947368421052632,2.5,0.5
3624,1.4444444444444444,1.96875,1.0625,1.5526315789473684,1.4705882352941178,1.3157894736842106,1.8636363636363635,0.8947368421052632,2.5,0.5,1.25
3625,1.96875,1.0625,1.5526315789473684,1.4705882352941178,1.3157894736842106,1.8636363636363635,0.8947368421052632,2.5,0.5,1.25,1.0
3626,1.0625,1.5526315789473684,1.4705882352941178,1.3157894736842106,1.8636363636363635,0.8947368421052632,2.5,0.5,1.25,1.0,1.6666666666666667
3627,1.5526315789473684,1.4705882352941178,1.3157894736842106,1.8636363636363635,0.8947368421052632,2.5,0.5,1.25,1.0,1.6666666666666667,1.5555555555555556
3628,1.4705882352941178,1.3157894736842106,1.8636363636363635,0.8947368421052632,2.5,0.5,1.25,1.0,1.6666666666666667,1.5555555555555556,1.2
3629,1.3157894736842106,1.8636363636363635,0.8947368421052632,2.5,0.5,1.25,1.0,1.6666666666666667,1.5555555555555556,1.2,1.5
3630,1.8636363636363635,0.8947368421052632,2.5,0.5,1.25,1.0,1.6666666666666667,1.5555555555555556,1.2,1.5,2.5
3631,0.8947368421052632,2.5,0.5,1.25,1.0,1.6666666666666667,1.5555555555555556,1.2,1.5,2.5,0.0
3632,2.5,0.5,1.25,1.0,1.6666666666666667,1.5555555555555556,1.2,1.5,2.5,0.0,0.4
3633,0.5,1.25,1.0,1.6666666666666667,1.5555555555555556,1.2,1.5,2.5,0.0,0.4,1.7
3634,1.25,1.0,1.6666666666666667,1.5555555555555556,1.2,1.5,2.5,0.0,0.4,1.7,2.28125
3635,1.0,1.6666666666666667,1.5555555555555556,1.2,1.5,2.5,0.0,0.4,1.7,2.28125,1.0833333333333333
3636,1.6666666666666667,1.5555555555555556,1.2,1.5,2.5,0.0,0.4,1.7,2.28125,1.0833333333333333,2.1785714285714284
3637,1.5555555555555556,1.2,1.5,2.5,0.0,0.4,1.7,2.28125,1.0833333333333333,2.1785714285714284,1.302325581395349
3638,1.2,1.5,2.5,0.0,0.4,1.7,2.28125,1.0833333333333333,2.1785714285714284,1.302325581395349,1.7777777777777777
3639,1.5,2.5,0.0,0.4,1.7,2.28125,1.0833333333333333,2.1785714285714284,1.302325581395349,1.7777777777777777,0.2
3640,2.5,0.0,0.4,1.7,2.28125,1.0833333333333333,2.1785714285714284,1.302325581395349,1.7777777777777777,0.2,2.235294117647059
3641,0.0,0.4,1.7,2.28125,1.0833333333333333,2.1785714285714284,1.302325581395349,1.7777777777777777,0.2,2.235294117647059,0.4444444444444444
3642,0.4,1.7,2.28125,1.0833333333333333,2.1785714285714284,1.302325581395349,1.7777777777777777,0.2,2.235294117647059,0.4444444444444444,1.7857142857142858
3643,1.7,2.28125,1.0833333333333333,2.1785714285714284,1.302325581395349,1.7777777777777777,0.2,2.235294117647059,0.4444444444444444,1.7857142857142858,0.3333333333333333
3644,2.28125,1.0833333333333333,2.1785714285714284,1.302325581395349,1.7777777777777777,0.2,2.235294117647059,0.4444444444444444,1.7857142857142858,0.3333333333333333,0.0
3645,1.0833333333333333,2.1785714285714284,1.302325581395349,1.7777777777777777,0.2,2.235294117647059,0.4444444444444444,1.7857142857142858,0.3333333333333333,0.0,1.2777777777777777
3646,2.1785714285714284,1.302325581395349,1.7777777777777777,0.2,2.235294117647059,0.4444444444444444,1.7857142857142858,0.3333333333333333,0.0,1.2777777777777777,1.4615384615384615
3647,1.302325581395349,1.7777777777777777,0.2,2.235294117647059,0.4444444444444444,1.7857142857142858,0.3333333333333333,0.0,1.2777777777777777,1.4615384615384615,1.0
3648,1.7777777777777777,0.2,2.235294117647059,0.4444444444444444,1.7857142857142858,0.3333333333333333,0.0,1.2777777777777777,1.4615384615384615,1.0,4.0
3649,0.2,2.235294117647059,0.4444444444444444,1.7857142857142858,0.3333333333333333,0.0,1.2777777777777777,1.4615384615384615,1.0,4.0,1.8333333333333333
3650,2.235294117647059,0.4444444444444444,1.7857142857142858,0.3333333333333333,0.0,1.2777777777777777,1.4615384615384615,1.0,4.0,1.8333333333333333,1.0909090909090908
3651,0.4444444444444444,1.7857142857142858,0.3333333333333333,0.0,1.2777777777777777,1.4615384615384615,1.0,4.0,1.8333333333333333,1.0909090909090908,1.2222222222222223
3652,0.3333333333333333,1.0,1.8333333333333333,1.0,1.4,0.0,1.0,2.0833333333333335,0.75,2.0,0.0
3653,1.0,1.8333333333333333,1.0,1.4,0.0,1.0,2.0833333333333335,0.75,2.0,0.0,0.0
3654,1.8333333333333333,1.0,1.4,0.0,1.0,2.0833333333333335,0.75,2.0,0.0,0.0,1.0
3655,0.8571428571428571,0.9166666666666666,1.1,0.7727272727272727,1.0,1.2666666666666666,1.0857142857142856,0.5,1.2,1.7142857142857142,0.5
3656,0.9166666666666666,1.1,0.7727272727272727,1.0,1.2666666666666666,1.0857142857142856,0.5,1.2,1.7142857142857142,0.5,1.2692307692307692
3657,1.1,0.7727272727272727,1.0,1.2666666666666666,1.0857142857142856,0.5,1.2,1.7142857142857142,0.5,1.2692307692307692,0.5
3658,0.7727272727272727,1.0,1.2666666666666666,1.0857142857142856,0.5,1.2,1.7142857142857142,0.5,1.2692307692307692,0.5,1.5357142857142858
3659,1.0,1.2666666666666666,1.0857142857142856,0.5,1.2,1.7142857142857142,0.5,1.2692307692307692,0.5,1.5357142857142858,1.5555555555555556
3660,1.2666666666666666,1.0857142857142856,0.5,1.2,1.7142857142857142,0.5,1.2692307692307692,0.5,1.5357142857142858,1.5555555555555556,1.5
3661,1.0857142857142856,0.5,1.2,1.7142857142857142,0.5,1.2692307692307692,0.5,1.5357142857142858,1.5555555555555556,1.5,2.0
3662,0.5,1.2,1.7142857142857142,0.5,1.2692307692307692,0.5,1.5357142857142858,1.5555555555555556,1.5,2.0,0.0
3663,1.2,1.7142857142857142,0.5,1.2692307692307692,0.5,1.5357142857142858,1.5555555555555556,1.5,2.0,0.0,1.6666666666666667
3664,1.7142857142857142,0.5,1.2692307692307692,0.5,1.5357142857142858,1.5555555555555556,1.5,2.0,0.0,1.6666666666666667,0.5454545454545454
3665,0.5,1.2692307692307692,0.5,1.5357142857142858,1.5555555555555556,1.5,2.0,0.0,1.6666666666666667,0.5454545454545454,1.0
3666,1.2692307692307692,0.5,1.5357142857142858,1.5555555555555556,1.5,2.0,0.0,1.6666666666666667,0.5454545454545454,1.0,1.7222222222222223
3667,0.5,1.5357142857142858,1.5555555555555556,1.5,2.0,0.0,1.6666666666666667,0.5454545454545454,1.0,1.7222222222222223,0.9032258064516129
3668,1.5357142857142858,1.5555555555555556,1.5,2.0,0.0,1.6666666666666667,0.5454545454545454,1.0,1.7222222222222223,0.9032258064516129,0.0
3669,1.5555555555555556,1.5,2.0,0.0,1.6666666666666667,0.5454545454545454,1.0,1.7222222222222223,0.9032258064516129,0.0,1.0
3670,1.5,2.0,0.0,1.6666666666666667,0.5454545454545454,1.0,1.7222222222222223,0.9032258064516129,0.0,1.0,1.4615384615384615
3671,2.0,0.0,1.6666666666666667,0.5454545454545454,1.0,1.7222222222222223,0.9032258064516129,0.0,1.0,1.4615384615384615,1.3095238095238095
3672,0.0,1.6666666666666667,0.5454545454545454,1.0,1.7222222222222223,0.9032258064516129,0.0,1.0,1.4615384615384615,1.3095238095238095,1.9565217391304348
3673,1.6666666666666667,0.5454545454545454,1.0,1.7222222222222223,0.9032258064516129,0.0,1.0,1.4615384615384615,1.3095238095238095,1.9565217391304348,1.4
3674,0.5454545454545454,1.0,1.7222222222222223,0.9032258064516129,0.0,1.0,1.4615384615384615,1.3095238095238095,1.9565217391304348,1.4,1.6521739130434783
3675,1.0,1.7222222222222223,0.9032258064516129,0.0,1.0,1.4615384615384615,1.3095238095238095,1.9565217391304348,1.4,1.6521739130434783,0.8
3676,1.7222222222222223,0.9032258064516129,0.0,1.0,1.4615384615384615,1.3095238095238095,1.9565217391304348,1.4,1.6521739130434783,0.8,0.9285714285714286
3677,0.9032258064516129,0.0,1.0,1.4615384615384615,1.3095238095238095,1.9565217391304348,1.4,1.6521739130434783,0.8,0.9285714285714286,1.0454545454545454
3678,0.0,1.0,1.4615384615384615,1.3095238095238095,1.9565217391304348,1.4,1.6521739130434783,0.8,0.9285714285714286,1.0454545454545454,0.7
3679,1.0,1.4615384615384615,1.3095238095238095,1.9565217391304348,1.4,1.6521739130434783,0.8,0.9285714285714286,1.0454545454545454,0.7,1.0666666666666667
3680,1.4615384615384615,1.3095238095238095,1.9565217391304348,1.4,1.6521739130434783,0.8,0.9285714285714286,1.0454545454545454,0.7,1.0666666666666667,1.8644067796610169
3681,1.3095238095238095,1.9565217391304348,1.4,1.6521739130434783,0.8,0.9285714285714286,1.0454545454545454,0.7,1.0666666666666667,1.8644067796610169,1.0
3682,1.9565217391304348,1.4,1.6521739130434783,0.8,0.9285714285714286,1.0454545454545454,0.7,1.0666666666666667,1.8644067796610169,1.0,1.5555555555555556
3683,1.4,1.6521739130434783,0.8,0.9285714285714286,1.0454545454545454,0.7,1.0666666666666667,1.8644067796610169,1.0,1.5555555555555556,0.6428571428571429
3684,1.6521739130434783,0.8,0.9285714285714286,1.0454545454545454,0.7,1.0666666666666667,1.8644067796610169,1.0,1.5555555555555556,0.6428571428571429,1.5277777777777777
3685,0.8,0.9285714285714286,1.0454545454545454,0.7,1.0666666666666667,1.8644067796610169,1.0,1.5555555555555556,0.6428571428571429,1.5277777777777777,1.1875
3686,0.9285714285714286,1.0454545454545454,0.7,1.0666666666666667,1.8644067796610169,1.0,1.5555555555555556,0.6428571428571429,1.5277777777777777,1.1875,0.9230769230769231
3687,1.0454545454545454,0.7,1.0666666666666667,1.8644067796610169,1.0,1.5555555555555556,0.6428571428571429,1.5277777777777777,1.1875,0.9230769230769231,0.7777777777777778
3688,0.7,1.0666666666666667,1.8644067796610169,1.0,1.5555555555555556,0.6428571428571429,1.5277777777777777,1.1875,0.9230769230769231,0.7777777777777778,1.2
3689,1.0666666666666667,1.8644067796610169,1.0,1.5555555555555556,0.6428571428571429,1.5277777777777777,1.1875,0.9230769230769231,0.7777777777777778,1.2,1.096774193548387
3690,1.8644067796610169,1.0,1.5555555555555556,0.6428571428571429,1.5277777777777777,1.1875,0.9230769230769231,0.7777777777777778,1.2,1.096774193548387,0.8181818181818182
3691,1.0,1.5555555555555556,0.6428571428571429,1.5277777777777777,1.1875,0.9230769230769231,0.7777777777777778,1.2,1.096774193548387,0.8181818181818182,1.1111111111111112
3692,1.5555555555555556,0.6428571428571429,1.5277777777777777,1.1875,0.9230769230769231,0.7777777777777778,1.2,1.096774193548387,0.8181818181818182,1.1111111111111112,1.6
3693,0.6428571428571429,1.5277777777777777,1.1875,0.9230769230769231,0.7777777777777778,1.2,1.096774193548387,0.8181818181818182,1.1111111111111112,1.6,0.85
3694,1.5277777777777777,1.1875,0.9230769230769231,0.7777777777777778,1.2,1.096774193548387,0.8181818181818182,1.1111111111111112,1.6,0.85,1.372093023255814
3695,1.1875,0.9230769230769231,0.7777777777777778,1.2,1.096774193548387,0.8181818181818182,1.1111111111111112,1.6,0.85,1.372093023255814,1.1428571428571428
3696,0.9230769230769231,0.7777777777777778,1.2,1.096774193548387,0.8181818181818182,1.1111111111111112,1.6,0.85,1.372093023255814,1.1428571428571428,0.6428571428571429
3697,0.7777777777777778,1.2,1.096774193548387,0.8181818181818182,1.1111111111111112,1.6,0.85,1.372093023255814,1.1428571428571428,0.6428571428571429,0.5
3698,1.2,1.096774193548387,0.8181818181818182,1.1111111111111112,1.6,0.85,1.372093023255814,1.1428571428571428,0.6428571428571429,0.5,1.0714285714285714
3699,1.096774193548387,0.8181818181818182,1.1111111111111112,1.6,0.85,1.372093023255814,1.1428571428571428,0.6428571428571429,0.5,1.0714285714285714,0.9259259259259259
3700,0.8181818181818182,1.1111111111111112,1.6,0.85,1.372093023255814,1.1428571428571428,0.6428571428571429,0.5,1.0714285714285714,0.9259259259259259,1.3414634146341464
3701,1.1111111111111112,1.6,0.85,1.372093023255814,1.1428571428571428,0.6428571428571429,0.5,1.0714285714285714,0.9259259259259259,1.3414634146341464,0.625
3702,1.6,0.85,1.372093023255814,1.1428571428571428,0.6428571428571429,0.5,1.0714285714285714,0.9259259259259259,1.3414634146341464,0.625,1.631578947368421
3703,0.85,1.372093023255814,1.1428571428571428,0.6428571428571429,0.5,1.0714285714285714,0.9259259259259259,1.3414634146341464,0.625,1.631578947368421,1.3333333333333333
3704,1.372093023255814,1.1428571428571428,0.6428571428571429,0.5,1.0714285714285714,0.9259259259259259,1.3414634146341464,0.625,1.631578947368421,1.3333333333333333,0.6666666666666666
3705,1.1428571428571428,0.6428571428571429,0.5,1.0714285714285714,0.9259259259259259,1.3414634146341464,0.625,1.631578947368421,1.3333333333333333,0.6666666666666666,1.4545454545454546
3706,0.6428571428571429,0.5,1.0714285714285714,0.9259259259259259,1.3414634146341464,0.625,1.631578947368421,1.3333333333333333,0.6666666666666666,1.4545454545454546,0.7
3707,0.5,1.0714285714285714,0.9259259259259259,1.3414634146341464,0.625,1.631578947368421,1.3333333333333333,0.6666666666666666,1.4545454545454546,0.7,0.42857142857142855
3708,1.0714285714285714,0.9259259259259259,1.3414634146341464,0.625,1.631578947368421,1.3333333333333333,0.6666666666666666,1.4545454545454546,0.7,0.42857142857142855,1.3043478260869565
3709,0.9259259259259259,1.3414634146341464,0.625,1.631578947368421,1.3333333333333333,0.6666666666666666,1.4545454545454546,0.7,0.42857142857142855,1.3043478260869565,1.2121212121212122
3710,1.3414634146341464,0.625,1.631578947368421,1.3333333333333333,0.6666666666666666,1.4545454545454546,0.7,0.42857142857142855,1.3043478260869565,1.2121212121212122,1.0
3711,0.625,1.631578947368421,1.3333333333333333,0.6666666666666666,1.4545454545454546,0.7,0.42857142857142855,1.3043478260869565,1.2121212121212122,1.0,1.375
3712,1.631578947368421,1.3333333333333333,0.6666666666666666,1.4545454545454546,0.7,0.42857142857142855,1.3043478260869565,1.2121212121212122,1.0,1.375,0.8
3713,1.3333333333333333,0.6666666666666666,1.4545454545454546,0.7,0.42857142857142855,1.3043478260869565,1.2121212121212122,1.0,1.375,0.8,0.9523809523809523
3714,0.6666666666666666,1.4545454545454546,0.7,0.42857142857142855,1.3043478260869565,1.2121212121212122,1.0,1.375,0.8,0.9523809523809523,1.3333333333333333
3715,1.4545454545454546,0.7,0.42857142857142855,1.3043478260869565,1.2121212121212122,1.0,1.375,0.8,0.9523809523809523,1.3333333333333333,2.1176470588235294
3716,0.7,0.42857142857142855,1.3043478260869565,1.2121212121212122,1.0,1.375,0.8,0.9523809523809523,1.3333333333333333,2.1176470588235294,0.8
3717,0.42857142857142855,1.3043478260869565,1.2121212121212122,1.0,1.375,0.8,0.9523809523809523,1.3333333333333333,2.1176470588235294,0.8,1.0
3718,1.3043478260869565,1.2121212121212122,1.0,1.375,0.8,0.9523809523809523,1.3333333333333333,2.1176470588235294,0.8,1.0,1.76
3719,1.2121212121212122,1.0,1.375,0.8,0.9523809523809523,1.3333333333333333,2.1176470588235294,0.8,1.0,1.76,2.0
3720,1.0,1.375,0.8,0.9523809523809523,1.3333333333333333,2.1176470588235294,0.8,1.0,1.76,2.0,1.2857142857142858
3721,1.375,0.8,0.9523809523809523,1.3333333333333333,2.1176470588235294,0.8,1.0,1.76,2.0,1.2857142857142858,2.625
3722,0.8,0.9523809523809523,1.3333333333333333,2.1176470588235294,0.8,1.0,1.76,2.0,1.2857142857142858,2.625,1.2857142857142858
3723,1.0,0.2,1.3333333333333333,1.605263157894737,0.375,1.0,1.3333333333333333,1.1,1.4,2.0,1.4222222222222223
3724,0.2,1.3333333333333333,1.605263157894737,0.375,1.0,1.3333333333333333,1.1,1.4,2.0,1.4222222222222223,1.1818181818181819
3725,1.3333333333333333,1.605263157894737,0.375,1.0,1.3333333333333333,1.1,1.4,2.0,1.4222222222222223,1.1818181818181819,1.096774193548387
3726,1.605263157894737,0.375,1.0,1.3333333333333333,1.1,1.4,2.0,1.4222222222222223,1.1818181818181819,1.096774193548387,1.1764705882352942
3727,0.375,1.0,1.3333333333333333,1.1,1.4,2.0,1.4222222222222223,1.1818181818181819,1.096774193548387,1.1764705882352942,0.3333333333333333
3728,1.0,1.3333333333333333,1.1,1.4,2.0,1.4222222222222223,1.1818181818181819,1.096774193548387,1.1764705882352942,0.3333333333333333,0.6666666666666666
3729,1.3333333333333333,1.1,1.4,2.0,1.4222222222222223,1.1818181818181819,1.096774193548387,1.1764705882352942,0.3333333333333333,0.6666666666666666,1.435897435897436
3730,1.1,1.4,2.0,1.4222222222222223,1.1818181818181819,1.096774193548387,1.1764705882352942,0.3333333333333333,0.6666666666666666,1.435897435897436,1.1428571428571428
3731,1.4,2.0,1.4222222222222223,1.1818181818181819,1.096774193548387,1.1764705882352942,0.3333333333333333,0.6666666666666666,1.435897435897436,1.1428571428571428,0.9230769230769231
3732,2.0,1.4222222222222223,1.1818181818181819,1.096774193548387,1.1764705882352942,0.3333333333333333,0.6666666666666666,1.435897435897436,1.1428571428571428,0.9230769230769231,1.2857142857142858
3733,1.4222222222222223,1.1818181818181819,1.096774193548387,1.1764705882352942,0.3333333333333333,0.6666666666666666,1.435897435897436,1.1428571428571428,0.9230769230769231,1.2857142857142858,1.1
3734,1.1818181818181819,1.096774193548387,1.1764705882352942,0.3333333333333333,0.6666666666666666,1.435897435897436,1.1428571428571428,0.9230769230769231,1.2857142857142858,1.1,1.1153846153846154
3735,1.096774193548387,1.1764705882352942,0.3333333333333333,0.6666666666666666,1.435897435897436,1.1428571428571428,0.9230769230769231,1.2857142857142858,1.1,1.1153846153846154,1.875
3736,1.1764705882352942,0.3333333333333333,0.6666666666666666,1.435897435897436,1.1428571428571428,0.9230769230769231,1.2857142857142858,1.1,1.1153846153846154,1.875,1.6666666666666667
3737,0.3333333333333333,0.6666666666666666,1.435897435897436,1.1428571428571428,0.9230769230769231,1.2857142857142858,1.1,1.1153846153846154,1.875,1.6666666666666667,0.7777777777777778
3738,0.6666666666666666,1.435897435897436,1.1428571428571428,0.9230769230769231,1.2857142857142858,1.1,1.1153846153846154,1.875,1.6666666666666667,0.7777777777777778,1.434782608695652
3739,1.435897435897436,1.1428571428571428,0.9230769230769231,1.2857142857142858,1.1,1.1153846153846154,1.875,1.6666666666666667,0.7777777777777778,1.434782608695652,0.6
3740,1.1428571428571428,0.9230769230769231,1.2857142857142858,1.1,1.1153846153846154,1.875,1.6666666666666667,0.7777777777777778,1.434782608695652,0.6,1.2571428571428571
3741,0.9230769230769231,1.2857142857142858,1.1,1.1153846153846154,1.875,1.6666666666666667,0.7777777777777778,1.434782608695652,0.6,1.2571428571428571,1.6
3742,1.2857142857142858,1.1,1.1153846153846154,1.875,1.6666666666666667,0.7777777777777778,1.434782608695652,0.6,1.2571428571428571,1.6,1.36
3743,1.1,1.1153846153846154,1.875,1.6666666666666667,0.7777777777777778,1.434782608695652,0.6,1.2571428571428571,1.6,1.36,0.5
3744,1.1153846153846154,1.875,1.6666666666666667,0.7777777777777778,1.434782608695652,0.6,1.2571428571428571,1.6,1.36,0.5,0.6
3745,1.875,1.6666666666666667,0.7777777777777778,1.434782608695652,0.6,1.2571428571428571,1.6,1.36,0.5,0.6,1.0909090909090908
3746,1.6666666666666667,0.7777777777777778,1.434782608695652,0.6,1.2571428571428571,1.6,1.36,0.5,0.6,1.0909090909090908,1.7058823529411764
3747,0.7777777777777778,1.434782608695652,0.6,1.2571428571428571,1.6,1.36,0.5,0.6,1.0909090909090908,1.7058823529411764,1.4761904761904763
3748,1.434782608695652,0.6,1.2571428571428571,1.6,1.36,0.5,0.6,1.0909090909090908,1.7058823529411764,1.4761904761904763,0.7647058823529411
3749,0.6,1.2571428571428571,1.6,1.36,0.5,0.6,1.0909090909090908,1.7058823529411764,1.4761904761904763,0.7647058823529411,0.3333333333333333
3750,1.2571428571428571,1.6,1.36,0.5,0.6,1.0909090909090908,1.7058823529411764,1.4761904761904763,0.7647058823529411,0.3333333333333333,2.076923076923077
3751,1.6,1.36,0.5,0.6,1.0909090909090908,1.7058823529411764,1.4761904761904763,0.7647058823529411,0.3333333333333333,2.076923076923077,1.0
3752,1.36,0.5,0.6,1.0909090909090908,1.7058823529411764,1.4761904761904763,0.7647058823529411,0.3333333333333333,2.076923076923077,1.0,0.2
3753,0.5,0.6,1.0909090909090908,1.7058823529411764,1.4761904761904763,0.7647058823529411,0.3333333333333333,2.076923076923077,1.0,0.2,1.46
3754,0.6,1.0909090909090908,1.7058823529411764,1.4761904761904763,0.7647058823529411,0.3333333333333333,2.076923076923077,1.0,0.2,1.46,0.7272727272727273
3755,1.0909090909090908,1.7058823529411764,1.4761904761904763,0.7647058823529411,0.3333333333333333,2.076923076923077,1.0,0.2,1.46,0.7272727272727273,1.3571428571428572
3756,1.7058823529411764,1.4761904761904763,0.7647058823529411,0.3333333333333333,2.076923076923077,1.0,0.2,1.46,0.7272727272727273,1.3571428571428572,1.8333333333333333
3757,1.4761904761904763,0.7647058823529411,0.3333333333333333,2.076923076923077,1.0,0.2,1.46,0.7272727272727273,1.3571428571428572,1.8333333333333333,0.7272727272727273
3758,0.7647058823529411,0.3333333333333333,2.076923076923077,1.0,0.2,1.46,0.7272727272727273,1.3571428571428572,1.8333333333333333,0.7272727272727273,1.0
3759,0.3333333333333333,2.076923076923077,1.0,0.2,1.46,0.7272727272727273,1.3571428571428572,1.8333333333333333,0.7272727272727273,1.0,1.9230769230769231
3760,2.076923076923077,1.0,0.2,1.46,0.7272727272727273,1.3571428571428572,1.8333333333333333,0.7272727272727273,1.0,1.9230769230769231,1.1666666666666667
3761,1.0,0.2,1.46,0.7272727272727273,1.3571428571428572,1.8333333333333333,0.7272727272727273,1.0,1.9230769230769231,1.1666666666666667,0.4
3762,0.2,1.46,0.7272727272727273,1.3571428571428572,1.8333333333333333,0.7272727272727273,1.0,1.9230769230769231,1.1666666666666667,0.4,0.8333333333333334
3763,1.46,0.7272727272727273,1.3571428571428572,1.8333333333333333,0.7272727272727273,1.0,1.9230769230769231,1.1666666666666667,0.4,0.8333333333333334,1.391304347826087
3764,0.7272727272727273,1.3571428571428572,1.8333333333333333,0.7272727272727273,1.0,1.9230769230769231,1.1666666666666667,0.4,0.8333333333333334,1.391304347826087,0.9534883720930233
3765,1.3571428571428572,1.8333333333333333,0.7272727272727273,1.0,1.9230769230769231,1.1666666666666667,0.4,0.8333333333333334,1.391304347826087,0.9534883720930233,1.3478260869565217
3766,1.8333333333333333,0.7272727272727273,1.0,1.9230769230769231,1.1666666666666667,0.4,0.8333333333333334,1.391304347826087,0.9534883720930233,1.3478260869565217,1.8518518518518519
3767,0.7272727272727273,1.0,1.9230769230769231,1.1666666666666667,0.4,0.8333333333333334,1.391304347826087,0.9534883720930233,1.3478260869565217,1.8518518518518519,0.3333333333333333
3768,1.0,1.9230769230769231,1.1666666666666667,0.4,0.8333333333333334,1.391304347826087,0.9534883720930233,1.3478260869565217,1.8518518518518519,0.3333333333333333,1.1538461538461537
3769,1.9230769230769231,1.1666666666666667,0.4,0.8333333333333334,1.391304347826087,0.9534883720930233,1.3478260869565217,1.8518518518518519,0.3333333333333333,1.1538461538461537,0.9583333333333334
3770,1.1666666666666667,0.4,0.8333333333333334,1.391304347826087,0.9534883720930233,1.3478260869565217,1.8518518518518519,0.3333333333333333,1.1538461538461537,0.9583333333333334,0.0
3771,0.4,0.8333333333333334,1.391304347826087,0.9534883720930233,1.3478260869565217,1.8518518518518519,0.3333333333333333,1.1538461538461537,0.9583333333333334,0.0,1.9166666666666667
3772,0.8333333333333334,1.391304347826087,0.9534883720930233,1.3478260869565217,1.8518518518518519,0.3333333333333333,1.1538461538461537,0.9583333333333334,0.0,1.9166666666666667,0.8333333333333334
3773,1.391304347826087,0.9534883720930233,1.3478260869565217,1.8518518518518519,0.3333333333333333,1.1538461538461537,0.9583333333333334,0.0,1.9166666666666667,0.8333333333333334,0.0
3774,0.9534883720930233,1.3478260869565217,1.8518518518518519,0.3333333333333333,1.1538461538461537,0.9583333333333334,0.0,1.9166666666666667,0.8333333333333334,0.0,1.0
3775,1.3478260869565217,1.8518518518518519,0.3333333333333333,1.1538461538461537,0.9583333333333334,0.0,1.9166666666666667,0.8333333333333334,0.0,1.0,2.0
3776,1.8518518518518519,0.3333333333333333,1.1538461538461537,0.9583333333333334,0.0,1.9166666666666667,0.8333333333333334,0.0,1.0,2.0,1.4067796610169492
3777,0.3333333333333333,1.1538461538461537,0.9583333333333334,0.0,1.9166666666666667,0.8333333333333334,0.0,1.0,2.0,1.4067796610169492,1.2857142857142858
3778,1.1538461538461537,0.9583333333333334,0.0,1.9166666666666667,0.8333333333333334,0.0,1.0,2.0,1.4067796610169492,1.2857142857142858,1.5151515151515151
3779,0.9583333333333334,0.0,1.9166666666666667,0.8333333333333334,0.0,1.0,2.0,1.4067796610169492,1.2857142857142858,1.5151515151515151,1.95
3780,0.0,1.9166666666666667,0.8333333333333334,0.0,1.0,2.0,1.4067796610169492,1.2857142857142858,1.5151515151515151,1.95,0.0
3781,1.5625,0.9090909090909091,1.5,0.5714285714285714,1.15,1.125,1.2,1.0,1.6,0.5454545454545454,0.0
3782,0.9090909090909091,1.5,0.5714285714285714,1.15,1.125,1.2,1.0,1.6,0.5454545454545454,0.0,1.7142857142857142
3783,1.5,0.5714285714285714,1.15,1.125,1.2,1.0,1.6,0.5454545454545454,0.0,1.7142857142857142,1.3333333333333333
3784,0.5714285714285714,1.15,1.125,1.2,1.0,1.6,0.5454545454545454,0.0,1.7142857142857142,1.3333333333333333,1.4827586206896552
3785,1.15,1.125,1.2,1.0,1.6,0.5454545454545454,0.0,1.7142857142857142,1.3333333333333333,1.4827586206896552,1.3333333333333333
3786,1.125,1.2,1.0,1.6,0.5454545454545454,0.0,1.7142857142857142,1.3333333333333333,1.4827586206896552,1.3333333333333333,1.5
3787,1.2,1.0,1.6,0.5454545454545454,0.0,1.7142857142857142,1.3333333333333333,1.4827586206896552,1.3333333333333333,1.5,2.0
3788,1.0,1.6,0.5454545454545454,0.0,1.7142857142857142,1.3333333333333333,1.4827586206896552,1.3333333333333333,1.5,2.0,0.0
3789,1.6,0.5454545454545454,0.0,1.7142857142857142,1.3333333333333333,1.4827586206896552,1.3333333333333333,1.5,2.0,0.0,1.35
3790,0.5454545454545454,0.0,1.7142857142857142,1.3333333333333333,1.4827586206896552,1.3333333333333333,1.5,2.0,0.0,1.35,2.5
3791,0.0,1.7142857142857142,1.3333333333333333,1.4827586206896552,1.3333333333333333,1.5,2.0,0.0,1.35,2.5,1.4285714285714286
3792,1.7142857142857142,1.3333333333333333,1.4827586206896552,1.3333333333333333,1.5,2.0,0.0,1.35,2.5,1.4285714285714286,0.3333333333333333
3793,1.3333333333333333,1.4827586206896552,1.3333333333333333,1.5,2.0,0.0,1.35,2.5,1.4285714285714286,0.3333333333333333,1.588235294117647
3794,1.4827586206896552,1.3333333333333333,1.5,2.0,0.0,1.35,2.5,1.4285714285714286,0.3333333333333333,1.588235294117647,0.5714285714285714
3795,1.3333333333333333,1.5,2.0,0.0,1.35,2.5,1.4285714285714286,0.3333333333333333,1.588235294117647,0.5714285714285714,0.8235294117647058
3796,1.5,2.0,0.0,1.35,2.5,1.4285714285714286,0.3333333333333333,1.588235294117647,0.5714285714285714,0.8235294117647058,0.0
3797,2.0,0.0,1.35,2.5,1.4285714285714286,0.3333333333333333,1.588235294117647,0.5714285714285714,0.8235294117647058,0.0,0.0
3798,0.0,1.35,2.5,1.4285714285714286,0.3333333333333333,1.588235294117647,0.5714285714285714,0.8235294117647058,0.0,0.0,0.3333333333333333
3799,1.35,2.5,1.4285714285714286,0.3333333333333333,1.588235294117647,0.5714285714285714,0.8235294117647058,0.0,0.0,0.3333333333333333,1.3076923076923077
3800,2.5,1.4285714285714286,0.3333333333333333,1.588235294117647,0.5714285714285714,0.8235294117647058,0.0,0.0,0.3333333333333333,1.3076923076923077,1.2093023255813953
3801,1.4285714285714286,0.3333333333333333,1.588235294117647,0.5714285714285714,0.8235294117647058,0.0,0.0,0.3333333333333333,1.3076923076923077,1.2093023255813953,2.0555555555555554
3802,0.3333333333333333,1.588235294117647,0.5714285714285714,0.8235294117647058,0.0,0.0,0.3333333333333333,1.3076923076923077,1.2093023255813953,2.0555555555555554,1.1578947368421053
3803,1.588235294117647,0.5714285714285714,0.8235294117647058,0.0,0.0,0.3333333333333333,1.3076923076923077,1.2093023255813953,2.0555555555555554,1.1578947368421053,1.88
3804,0.5714285714285714,0.8235294117647058,0.0,0.0,0.3333333333333333,1.3076923076923077,1.2093023255813953,2.0555555555555554,1.1578947368421053,1.88,1.1428571428571428
3805,0.8235294117647058,0.0,0.0,0.3333333333333333,1.3076923076923077,1.2093023255813953,2.0555555555555554,1.1578947368421053,1.88,1.1428571428571428,1.8888888888888888
3806,0.0,0.0,0.3333333333333333,1.3076923076923077,1.2093023255813953,2.0555555555555554,1.1578947368421053,1.88,1.1428571428571428,1.8888888888888888,1.8823529411764706
3807,0.0,0.3333333333333333,1.3076923076923077,1.2093023255813953,2.0555555555555554,1.1578947368421053,1.88,1.1428571428571428,1.8888888888888888,1.8823529411764706,0.5384615384615384
3808,0.3333333333333333,1.3076923076923077,1.2093023255813953,2.0555555555555554,1.1578947368421053,1.88,1.1428571428571428,1.8888888888888888,1.8823529411764706,0.5384615384615384,0.9130434782608695
3809,1.3076923076923077,1.2093023255813953,2.0555555555555554,1.1578947368421053,1.88,1.1428571428571428,1.8888888888888888,1.8823529411764706,0.5384615384615384,0.9130434782608695,0.9285714285714286
3810,1.2093023255813953,2.0555555555555554,1.1578947368421053,1.88,1.1428571428571428,1.8888888888888888,1.8823529411764706,0.5384615384615384,0.9130434782608695,0.9285714285714286,0.6666666666666666
3811,2.0555555555555554,1.1578947368421053,1.88,1.1428571428571428,1.8888888888888888,1.8823529411764706,0.5384615384615384,0.9130434782608695,0.9285714285714286,0.6666666666666666,0.75
3812,1.1578947368421053,1.88,1.1428571428571428,1.8888888888888888,1.8823529411764706,0.5384615384615384,0.9130434782608695,0.9285714285714286,0.6666666666666666,0.75,1.125
3813,1.88,1.1428571428571428,1.8888888888888888,1.8823529411764706,0.5384615384615384,0.9130434782608695,0.9285714285714286,0.6666666666666666,0.75,1.125,1.0
3814,1.1428571428571428,1.8888888888888888,1.8823529411764706,0.5384615384615384,0.9130434782608695,0.9285714285714286,0.6666666666666666,0.75,1.125,1.0,1.5
3815,1.8888888888888888,1.8823529411764706,0.5384615384615384,0.9130434782608695,0.9285714285714286,0.6666666666666666,0.75,1.125,1.0,1.5,1.5714285714285714
3816,1.8823529411764706,0.5384615384615384,0.9130434782608695,0.9285714285714286,0.6666666666666666,0.75,1.125,1.0,1.5,1.5714285714285714,0.875
3817,0.5384615384615384,0.9130434782608695,0.9285714285714286,0.6666666666666666,0.75,1.125,1.0,1.5,1.5714285714285714,0.875,1.36
3818,0.9130434782608695,0.9285714285714286,0.6666666666666666,0.75,1.125,1.0,1.5,1.5714285714285714,0.875,1.36,1.0434782608695652
3819,0.9285714285714286,0.6666666666666666,0.75,1.125,1.0,1.5,1.5714285714285714,0.875,1.36,1.0434782608695652,1.1176470588235294
3820,0.6666666666666666,0.75,1.125,1.0,1.5,1.5714285714285714,0.875,1.36,1.0434782608695652,1.1176470588235294,0.6
3821,0.75,1.125,1.0,1.5,1.5714285714285714,0.875,1.36,1.0434782608695652,1.1176470588235294,0.6,1.1428571428571428
3822,1.125,1.0,1.5,1.5714285714285714,0.875,1.36,1.0434782608695652,1.1176470588235294,0.6,1.1428571428571428,0.0
3823,1.0,1.5,1.5714285714285714,0.875,1.36,1.0434782608695652,1.1176470588235294,0.6,1.1428571428571428,0.0,1.1923076923076923
3824,1.5,1.5714285714285714,0.875,1.36,1.0434782608695652,1.1176470588235294,0.6,1.1428571428571428,0.0,1.1923076923076923,0.9
3825,1.5714285714285714,0.875,1.36,1.0434782608695652,1.1176470588235294,0.6,1.1428571428571428,0.0,1.1923076923076923,0.9,0.2857142857142857
3826,0.875,1.36,1.0434782608695652,1.1176470588235294,0.6,1.1428571428571428,0.0,1.1923076923076923,0.9,0.2857142857142857,1.3666666666666667
3827,1.36,1.0434782608695652,1.1176470588235294,0.6,1.1428571428571428,0.0,1.1923076923076923,0.9,0.2857142857142857,1.3666666666666667,1.3275862068965518
3828,1.0434782608695652,1.1176470588235294,0.6,1.1428571428571428,0.0,1.1923076923076923,0.9,0.2857142857142857,1.3666666666666667,1.3275862068965518,1.25
3829,1.1176470588235294,0.6,1.1428571428571428,0.0,1.1923076923076923,0.9,0.2857142857142857,1.3666666666666667,1.3275862068965518,1.25,0.0
3830,0.6,1.1428571428571428,0.0,1.1923076923076923,0.9,0.2857142857142857,1.3666666666666667,1.3275862068965518,1.25,0.0,0.0
3831,1.1428571428571428,0.0,1.1923076923076923,0.9,0.2857142857142857,1.3666666666666667,1.3275862068965518,1.25,0.0,0.0,0.2
3832,0.0,1.1923076923076923,0.9,0.2857142857142857,1.3666666666666667,1.3275862068965518,1.25,0.0,0.0,0.2,0.5714285714285714
3833,1.1923076923076923,0.9,0.2857142857142857,1.3666666666666667,1.3275862068965518,1.25,0.0,0.0,0.2,0.5714285714285714,1.3571428571428572
3834,0.9,0.2857142857142857,1.3666666666666667,1.3275862068965518,1.25,0.0,0.0,0.2,0.5714285714285714,1.3571428571428572,2.2
3835,0.2857142857142857,1.3666666666666667,1.3275862068965518,1.25,0.0,0.0,0.2,0.5714285714285714,1.3571428571428572,2.2,1.4705882352941178
3836,1.3666666666666667,1.3275862068965518,1.25,0.0,0.0,0.2,0.5714285714285714,1.3571428571428572,2.2,1.4705882352941178,0.0
3837,1.3275862068965518,1.25,0.0,0.0,0.2,0.5714285714285714,1.3571428571428572,2.2,1.4705882352941178,0.0,0.5
3838,1.25,0.0,0.0,0.2,0.5714285714285714,1.3571428571428572,2.2,1.4705882352941178,0.0,0.5,0.0
3839,0.0,0.0,0.2,0.5714285714285714,1.3571428571428572,2.2,1.4705882352941178,0.0,0.5,0.0,1.0909090909090908
3840,0.0,0.2,0.5714285714285714,1.3571428571428572,2.2,1.4705882352941178,0.0,0.5,0.0,1.0909090909090908,0.0
3841,0.2,0.5714285714285714,1.3571428571428572,2.2,1.4705882352941178,0.0,0.5,0.0,1.0909090909090908,0.0,1.0714285714285714
3842,0.5714285714285714,1.3571428571428572,2.2,1.4705882352941178,0.0,0.5,0.0,1.0909090909090908,0.0,1.0714285714285714,0.0
3843,1.3571428571428572,2.2,1.4705882352941178,0.0,0.5,0.0,1.0909090909090908,0.0,1.0714285714285714,0.0,1.1666666666666667
3844,2.2,1.4705882352941178,0.0,0.5,0.0,1.0909090909090908,0.0,1.0714285714285714,0.0,1.1666666666666667,2.5
3845,1.4705882352941178,0.0,0.5,0.0,1.0909090909090908,0.0,1.0714285714285714,0.0,1.1666666666666667,2.5,0.0
3846,0.0,0.5,0.0,1.0909090909090908,0.0,1.0714285714285714,0.0,1.1666666666666667,2.5,0.0,1.1111111111111112
3847,0.5,0.0,1.0909090909090908,0.0,1.0714285714285714,0.0,1.1666666666666667,2.5,0.0,1.1111111111111112,0.0
3848,0.0,1.0909090909090908,0.0,1.0714285714285714,0.0,1.1666666666666667,2.5,0.0,1.1111111111111112,0.0,2.3333333333333335
3849,1.0909090909090908,0.0,1.0714285714285714,0.0,1.1666666666666667,2.5,0.0,1.1111111111111112,0.0,2.3333333333333335,1.1428571428571428
3850,0.0,1.0714285714285714,0.0,1.1666666666666667,2.5,0.0,1.1111111111111112,0.0,2.3333333333333335,1.1428571428571428,1.375
3851,1.0714285714285714,0.0,1.1666666666666667,2.5,0.0,1.1111111111111112,0.0,2.3333333333333335,1.1428571428571428,1.375,1.0
3852,0.0,1.1666666666666667,2.5,0.0,1.1111111111111112,0.0,2.3333333333333335,1.1428571428571428,1.375,1.0,1.2222222222222223
3853,1.1666666666666667,2.5,0.0,1.1111111111111112,0.0,2.3333333333333335,1.1428571428571428,1.375,1.0,1.2222222222222223,0.9333333333333333
3854,2.5,0.0,1.1111111111111112,0.0,2.3333333333333335,1.1428571428571428,1.375,1.0,1.2222222222222223,0.9333333333333333,1.2142857142857142
3855,0.0,1.1111111111111112,0.0,2.3333333333333335,1.1428571428571428,1.375,1.0,1.2222222222222223,0.9333333333333333,1.2142857142857142,1.0
3856,1.1111111111111112,0.0,2.3333333333333335,1.1428571428571428,1.375,1.0,1.2222222222222223,0.9333333333333333,1.2142857142857142,1.0,1.380952380952381
3857,0.0,2.3333333333333335,1.1428571428571428,1.375,1.0,1.2222222222222223,0.9333333333333333,1.2142857142857142,1.0,1.380952380952381,1.12
3858,2.3333333333333335,1.1428571428571428,1.375,1.0,1.2222222222222223,0.9333333333333333,1.2142857142857142,1.0,1.380952380952381,1.12,1.4
3859,1.1428571428571428,1.375,1.0,1.2222222222222223,0.9333333333333333,1.2142857142857142,1.0,1.380952380952381,1.12,1.4,1.75
3860,1.375,1.0,1.2222222222222223,0.9333333333333333,1.2142857142857142,1.0,1.380952380952381,1.12,1.4,1.75,1.125
3861,1.0,1.2222222222222223,0.9333333333333333,1.2142857142857142,1.0,1.380952380952381,1.12,1.4,1.75,1.125,0.0
3862,1.2222222222222223,0.9333333333333333,1.2142857142857142,1.0,1.380952380952381,1.12,1.4,1.75,1.125,0.0,0.375
3863,0.9333333333333333,1.2142857142857142,1.0,1.380952380952381,1.12,1.4,1.75,1.125,0.0,0.375,1.4
3864,1.2142857142857142,1.0,1.380952380952381,1.12,1.4,1.75,1.125,0.0,0.375,1.4,0.6666666666666666
3865,1.0,1.380952380952381,1.12,1.4,1.75,1.125,0.0,0.375,1.4,0.6666666666666666,1.1785714285714286
3866,1.380952380952381,1.12,1.4,1.75,1.125,0.0,0.375,1.4,0.6666666666666666,1.1785714285714286,1.0
3867,1.12,1.4,1.75,1.125,0.0,0.375,1.4,0.6666666666666666,1.1785714285714286,1.0,1.6875
3868,1.2857142857142858,0.6923076923076923,0.0,1.4444444444444444,1.4285714285714286,1.1785714285714286,1.0714285714285714,1.1428571428571428,1.3333333333333333,0.8888888888888888,1.0
3869,0.6923076923076923,0.0,1.4444444444444444,1.4285714285714286,1.1785714285714286,1.0714285714285714,1.1428571428571428,1.3333333333333333,0.8888888888888888,1.0,1.1538461538461537
3870,0.0,1.4444444444444444,1.4285714285714286,1.1785714285714286,1.0714285714285714,1.1428571428571428,1.3333333333333333,0.8888888888888888,1.0,1.1538461538461537,0.0
3871,1.4444444444444444,1.4285714285714286,1.1785714285714286,1.0714285714285714,1.1428571428571428,1.3333333333333333,0.8888888888888888,1.0,1.1538461538461537,0.0,0.7142857142857143
3872,1.4285714285714286,1.1785714285714286,1.0714285714285714,1.1428571428571428,1.3333333333333333,0.8888888888888888,1.0,1.1538461538461537,0.0,0.7142857142857143,0.8461538461538461
3873,1.1785714285714286,1.0714285714285714,1.1428571428571428,1.3333333333333333,0.8888888888888888,1.0,1.1538461538461537,0.0,0.7142857142857143,0.8461538461538461,0.0
3874,1.0714285714285714,1.1428571428571428,1.3333333333333333,0.8888888888888888,1.0,1.1538461538461537,0.0,0.7142857142857143,0.8461538461538461,0.0,0.0
3875,1.1428571428571428,1.3333333333333333,0.8888888888888888,1.0,1.1538461538461537,0.0,0.7142857142857143,0.8461538461538461,0.0,0.0,1.0
3876,1.3333333333333333,0.8888888888888888,1.0,1.1538461538461537,0.0,0.7142857142857143,0.8461538461538461,0.0,0.0,1.0,2.5
3877,0.8888888888888888,1.0,1.1538461538461537,0.0,0.7142857142857143,0.8461538461538461,0.0,0.0,1.0,2.5,0.7916666666666666
3878,1.0,1.1538461538461537,0.0,0.7142857142857143,0.8461538461538461,0.0,0.0,1.0,2.5,0.7916666666666666,0.4
3879,1.1538461538461537,0.0,0.7142857142857143,0.8461538461538461,0.0,0.0,1.0,2.5,0.7916666666666666,0.4,1.0
3880,0.0,0.7142857142857143,0.8461538461538461,0.0,0.0,1.0,2.5,0.7916666666666666,0.4,1.0,1.4375
3881,0.7142857142857143,0.8461538461538461,0.0,0.0,1.0,2.5,0.7916666666666666,0.4,1.0,1.4375,2.4545454545454546
3882,0.8461538461538461,0.0,0.0,1.0,2.5,0.7916666666666666,0.4,1.0,1.4375,2.4545454545454546,1.2571428571428571
3883,0.0,0.0,1.0,2.5,0.7916666666666666,0.4,1.0,1.4375,2.4545454545454546,1.2571428571428571,0.5714285714285714
3884,0.0,1.0,2.5,0.7916666666666666,0.4,1.0,1.4375,2.4545454545454546,1.2571428571428571,0.5714285714285714,4.0
3885,1.0,2.5,0.7916666666666666,0.4,1.0,1.4375,2.4545454545454546,1.2571428571428571,0.5714285714285714,4.0,0.8292682926829268
3886,2.5,0.7916666666666666,0.4,1.0,1.4375,2.4545454545454546,1.2571428571428571,0.5714285714285714,4.0,0.8292682926829268,0.7407407407407407
3887,0.7916666666666666,0.4,1.0,1.4375,2.4545454545454546,1.2571428571428571,0.5714285714285714,4.0,0.8292682926829268,0.7407407407407407,0.14285714285714285
3888,0.4,1.0,1.4375,2.4545454545454546,1.2571428571428571,0.5714285714285714,4.0,0.8292682926829268,0.7407407407407407,0.14285714285714285,2.6666666666666665
3889,1.0,1.4375,2.4545454545454546,1.2571428571428571,0.5714285714285714,4.0,0.8292682926829268,0.7407407407407407,0.14285714285714285,2.6666666666666665,1.5957446808510638
3890,1.4375,2.4545454545454546,1.2571428571428571,0.5714285714285714,4.0,0.8292682926829268,0.7407407407407407,0.14285714285714285,2.6666666666666665,1.5957446808510638,1.09375
3891,2.4545454545454546,1.2571428571428571,0.5714285714285714,4.0,0.8292682926829268,0.7407407407407407,0.14285714285714285,2.6666666666666665,1.5957446808510638,1.09375,1.5
3892,1.2571428571428571,0.5714285714285714,4.0,0.8292682926829268,0.7407407407407407,0.14285714285714285,2.6666666666666665,1.5957446808510638,1.09375,1.5,1.5
3893,0.5714285714285714,4.0,0.8292682926829268,0.7407407407407407,0.14285714285714285,2.6666666666666665,1.5957446808510638,1.09375,1.5,1.5,0.8928571428571429
3894,4.0,0.8292682926829268,0.7407407407407407,0.14285714285714285,2.6666666666666665,1.5957446808510638,1.09375,1.5,1.5,0.8928571428571429,0.875
3895,0.8292682926829268,0.7407407407407407,0.14285714285714285,2.6666666666666665,1.5957446808510638,1.09375,1.5,1.5,0.8928571428571429,0.875,0.8888888888888888
3896,0.7407407407407407,0.14285714285714285,2.6666666666666665,1.5957446808510638,1.09375,1.5,1.5,0.8928571428571429,0.875,0.8888888888888888,0.0
3897,0.14285714285714285,2.6666666666666665,1.5957446808510638,1.09375,1.5,1.5,0.8928571428571429,0.875,0.8888888888888888,0.0,0.0
3898,2.6666666666666665,1.5957446808510638,1.09375,1.5,1.5,0.8928571428571429,0.875,0.8888888888888888,0.0,0.0,1.7692307692307692
3899,1.5957446808510638,1.09375,1.5,1.5,0.8928571428571429,0.875,0.8888888888888888,0.0,0.0,1.7692307692307692,1.1481481481481481
3900,1.09375,1.5,1.5,0.8928571428571429,0.875,0.8888888888888888,0.0,0.0,1.7692307692307692,1.1481481481481481,0.0
3901,1.5,1.5,0.8928571428571429,0.875,0.8888888888888888,0.0,0.0,1.7692307692307692,1.1481481481481481,0.0,0.2
3902,1.5,0.8928571428571429,0.875,0.8888888888888888,0.0,0.0,1.7692307692307692,1.1481481481481481,0.0,0.2,4.0
3903,0.8928571428571429,0.875,0.8888888888888888,0.0,0.0,1.7692307692307692,1.1481481481481481,0.0,0.2,4.0,1.1666666666666667
3904,0.875,0.8888888888888888,0.0,0.0,1.7692307692307692,1.1481481481481481,0.0,0.2,4.0,1.1666666666666667,1.2040816326530612
3905,0.8888888888888888,0.0,0.0,1.7692307692307692,1.1481481481481481,0.0,0.2,4.0,1.1666666666666667,1.2040816326530612,1.3333333333333333
3906,0.0,0.0,1.7692307692307692,1.1481481481481481,0.0,0.2,4.0,1.1666666666666667,1.2040816326530612,1.3333333333333333,1.2413793103448276
3907,0.0,1.7692307692307692,1.1481481481481481,0.0,0.2,4.0,1.1666666666666667,1.2040816326530612,1.3333333333333333,1.2413793103448276,1.0769230769230769
3908,1.7692307692307692,1.1481481481481481,0.0,0.2,4.0,1.1666666666666667,1.2040816326530612,1.3333333333333333,1.2413793103448276,1.0769230769230769,1.3863636363636365
3909,1.1481481481481481,0.0,0.2,4.0,1.1666666666666667,1.2040816326530612,1.3333333333333333,1.2413793103448276,1.0769230769230769,1.3863636363636365,1.7391304347826086
3910,0.0,0.2,4.0,1.1666666666666667,1.2040816326530612,1.3333333333333333,1.2413793103448276,1.0769230769230769,1.3863636363636365,1.7391304347826086,2.125
3911,0.2,4.0,1.1666666666666667,1.2040816326530612,1.3333333333333333,1.2413793103448276,1.0769230769230769,1.3863636363636365,1.7391304347826086,2.125,1.6923076923076923
3912,4.0,1.1666666666666667,1.2040816326530612,1.3333333333333333,1.2413793103448276,1.0769230769230769,1.3863636363636365,1.7391304347826086,2.125,1.6923076923076923,0.5
3913,1.1666666666666667,1.2040816326530612,1.3333333333333333,1.2413793103448276,1.0769230769230769,1.3863636363636365,1.7391304347826086,2.125,1.6923076923076923,0.5,0.8888888888888888
3914,1.2040816326530612,1.3333333333333333,1.2413793103448276,1.0769230769230769,1.3863636363636365,1.7391304347826086,2.125,1.6923076923076923,0.5,0.8888888888888888,1.8
3915,1.3333333333333333,1.2413793103448276,1.0769230769230769,1.3863636363636365,1.7391304347826086,2.125,1.6923076923076923,0.5,0.8888888888888888,1.8,1.2083333333333333
3916,1.2413793103448276,1.0769230769230769,1.3863636363636365,1.7391304347826086,2.125,1.6923076923076923,0.5,0.8888888888888888,1.8,1.2083333333333333,0.875
3917,1.0769230769230769,1.3863636363636365,1.7391304347826086,2.125,1.6923076923076923,0.5,0.8888888888888888,1.8,1.2083333333333333,0.875,1.3225806451612903
3918,1.3863636363636365,1.7391304347826086,2.125,1.6923076923076923,0.5,0.8888888888888888,1.8,1.2083333333333333,0.875,1.3225806451612903,1.25
3919,1.7391304347826086,2.125,1.6923076923076923,0.5,0.8888888888888888,1.8,1.2083333333333333,0.875,1.3225806451612903,1.25,1.5909090909090908
3920,2.125,1.6923076923076923,0.5,0.8888888888888888,1.8,1.2083333333333333,0.875,1.3225806451612903,1.25,1.5909090909090908,0.9534883720930233
3921,1.6923076923076923,0.5,0.8888888888888888,1.8,1.2083333333333333,0.875,1.3225806451612903,1.25,1.5909090909090908,0.9534883720930233,1.375
3922,0.5,0.8888888888888888,1.8,1.2083333333333333,0.875,1.3225806451612903,1.25,1.5909090909090908,0.9534883720930233,1.375,1.1470588235294117
3923,0.8888888888888888,1.8,1.2083333333333333,0.875,1.3225806451612903,1.25,1.5909090909090908,0.9534883720930233,1.375,1.1470588235294117,0.9019607843137255
3924,1.8,1.2083333333333333,0.875,1.3225806451612903,1.25,1.5909090909090908,0.9534883720930233,1.375,1.1470588235294117,0.9019607843137255,1.297872340425532
3925,1.2083333333333333,0.875,1.3225806451612903,1.25,1.5909090909090908,0.9534883720930233,1.375,1.1470588235294117,0.9019607843137255,1.297872340425532,0.14285714285714285
3926,0.875,1.3225806451612903,1.25,1.5909090909090908,0.9534883720930233,1.375,1.1470588235294117,0.9019607843137255,1.297872340425532,0.14285714285714285,1.0
3927,1.3225806451612903,1.25,1.5909090909090908,0.9534883720930233,1.375,1.1470588235294117,0.9019607843137255,1.297872340425532,0.14285714285714285,1.0,1.3333333333333333
3928,1.25,1.5909090909090908,0.9534883720930233,1.375,1.1470588235294117,0.9019607843137255,1.297872340425532,0.14285714285714285,1.0,1.3333333333333333,0.8571428571428571
3929,1.5909090909090908,0.9534883720930233,1.375,1.1470588235294117,0.9019607843137255,1.297872340425532,0.14285714285714285,1.0,1.3333333333333333,0.8571428571428571,0.0
3930,0.9534883720930233,1.375,1.1470588235294117,0.9019607843137255,1.297872340425532,0.14285714285714285,1.0,1.3333333333333333,0.8571428571428571,0.0,1.7241379310344827
3931,1.375,1.1470588235294117,0.9019607843137255,1.297872340425532,0.14285714285714285,1.0,1.3333333333333333,0.8571428571428571,0.0,1.7241379310344827,1.0
3932,1.1470588235294117,0.9019607843137255,1.297872340425532,0.14285714285714285,1.0,1.3333333333333333,0.8571428571428571,0.0,1.7241379310344827,1.0,0.7272727272727273
3933,0.9019607843137255,1.297872340425532,0.14285714285714285,1.0,1.3333333333333333,0.8571428571428571,0.0,1.7241379310344827,1.0,0.7272727272727273,1.08
3934,1.297872340425532,0.14285714285714285,1.0,1.3333333333333333,0.8571428571428571,0.0,1.7241379310344827,1.0,0.7272727272727273,1.08,0.7222222222222222
3935,0.14285714285714285,1.0,1.3333333333333333,0.8571428571428571,0.0,1.7241379310344827,1.0,0.7272727272727273,1.08,0.7222222222222222,1.8
3936,1.0,1.3333333333333333,0.8571428571428571,0.0,1.7241379310344827,1.0,0.7272727272727273,1.08,0.7222222222222222,1.8,1.25
3937,1.3333333333333333,0.8571428571428571,0.0,1.7241379310344827,1.0,0.7272727272727273,1.08,0.7222222222222222,1.8,1.25,1.2222222222222223
3938,0.8571428571428571,0.0,1.7241379310344827,1.0,0.7272727272727273,1.08,0.7222222222222222,1.8,1.25,1.2222222222222223,3.0
3939,0.0,1.7241379310344827,1.0,0.7272727272727273,1.08,0.7222222222222222,1.8,1.25,1.2222222222222223,3.0,1.3333333333333333
3940,1.7241379310344827,1.0,0.7272727272727273,1.08,0.7222222222222222,1.8,1.25,1.2222222222222223,3.0,1.3333333333333333,0.3333333333333333
3941,1.2173913043478262,1.4285714285714286,1.5,1.0,3.3333333333333335,1.5,0.8571428571428571,1.6666666666666667,1.9166666666666667,0.6666666666666666,1.4
3942,1.4285714285714286,1.5,1.0,3.3333333333333335,1.5,0.8571428571428571,1.6666666666666667,1.9166666666666667,0.6666666666666666,1.4,0.0
3943,1.5,1.0,3.3333333333333335,1.5,0.8571428571428571,1.6666666666666667,1.9166666666666667,0.6666666666666666,1.4,0.0,0.8333333333333334
3944,1.0,3.3333333333333335,1.5,0.8571428571428571,1.6666666666666667,1.9166666666666667,0.6666666666666666,1.4,0.0,0.8333333333333334,1.2
3945,3.3333333333333335,1.5,0.8571428571428571,1.6666666666666667,1.9166666666666667,0.6666666666666666,1.4,0.0,0.8333333333333334,1.2,0.0
3946,1.5,0.8571428571428571,1.6666666666666667,1.9166666666666667,0.6666666666666666,1.4,0.0,0.8333333333333334,1.2,0.0,0.0
3947,0.8571428571428571,1.6666666666666667,1.9166666666666667,0.6666666666666666,1.4,0.0,0.8333333333333334,1.2,0.0,0.0,1.16
3948,1.6666666666666667,1.9166666666666667,0.6666666666666666,1.4,0.0,0.8333333333333334,1.2,0.0,0.0,1.16,1.3636363636363635
3949,1.9166666666666667,0.6666666666666666,1.4,0.0,0.8333333333333334,1.2,0.0,0.0,1.16,1.3636363636363635,0.3333333333333333
3950,0.6666666666666666,1.4,0.0,0.8333333333333334,1.2,0.0,0.0,1.16,1.3636363636363635,0.3333333333333333,0.5
3951,1.4,0.0,0.8333333333333334,1.2,0.0,0.0,1.16,1.3636363636363635,0.3333333333333333,0.5,1.0
3952,0.0,0.8333333333333334,1.2,0.0,0.0,1.16,1.3636363636363635,0.3333333333333333,0.5,1.0,0.0
3953,0.8333333333333334,1.2,0.0,0.0,1.16,1.3636363636363635,0.3333333333333333,0.5,1.0,0.0,2.0
3954,1.2,0.0,0.0,1.16,1.3636363636363635,0.3333333333333333,0.5,1.0,0.0,2.0,1.5714285714285714
3955,0.0,0.0,1.16,1.3636363636363635,0.3333333333333333,0.5,1.0,0.0,2.0,1.5714285714285714,3.0
3956,0.0,1.16,1.3636363636363635,0.3333333333333333,0.5,1.0,0.0,2.0,1.5714285714285714,3.0,0.0
3957,1.16,1.3636363636363635,0.3333333333333333,0.5,1.0,0.0,2.0,1.5714285714285714,3.0,0.0,0.0
3958,1.3636363636363635,0.3333333333333333,0.5,1.0,0.0,2.0,1.5714285714285714,3.0,0.0,0.0,2.25
3959,0.3333333333333333,0.5,1.0,0.0,2.0,1.5714285714285714,3.0,0.0,0.0,2.25,2.0454545454545454
3960,0.5,1.0,0.0,2.0,1.5714285714285714,3.0,0.0,0.0,2.25,2.0454545454545454,0.0
3961,1.0,0.0,2.0,1.5714285714285714,3.0,0.0,0.0,2.25,2.0454545454545454,0.0,1.0
3962,0.0,2.0,1.5714285714285714,3.0,0.0,0.0,2.25,2.0454545454545454,0.0,1.0,2.2
3963,2.0,1.5714285714285714,3.0,0.0,0.0,2.25,2.0454545454545454,0.0,1.0,2.2,1.2727272727272727
3964,1.5714285714285714,3.0,0.0,0.0,2.25,2.0454545454545454,0.0,1.0,2.2,1.2727272727272727,0.6666666666666666
3965,3.0,0.0,0.0,2.25,2.0454545454545454,0.0,1.0,2.2,1.2727272727272727,0.6666666666666666,0.0
3966,0.0,0.0,2.25,2.0454545454545454,0.0,1.0,2.2,1.2727272727272727,0.6666666666666666,0.0,0.0
3967,0.0,2.25,2.0454545454545454,0.0,1.0,2.2,1.2727272727272727,0.6666666666666666,0.0,0.0,1.2
3968,2.25,2.0454545454545454,0.0,1.0,2.2,1.2727272727272727,0.6666666666666666,0.0,0.0,1.2,4.25
3969,2.0454545454545454,0.0,1.0,2.2,1.2727272727272727,0.6666666666666666,0.0,0.0,1.2,4.25,0.0
3970,0.0,1.0,2.2,1.2727272727272727,0.6666666666666666,0.0,0.0,1.2,4.25,0.0,0.6923076923076923
3971,1.0,2.2,1.2727272727272727,0.6666666666666666,0.0,0.0,1.2,4.25,0.0,0.6923076923076923,0.875
3972,2.2,1.2727272727272727,0.6666666666666666,0.0,0.0,1.2,4.25,0.0,0.6923076923076923,0.875,0.5
3973,1.2727272727272727,0.6666666666666666,0.0,0.0,1.2,4.25,0.0,0.6923076923076923,0.875,0.5,0.0
3974,0.6666666666666666,0.0,0.0,1.2,4.25,0.0,0.6923076923076923,0.875,0.5,0.0,1.0
3975,0.0,0.0,1.2,4.25,0.0,0.6923076923076923,0.875,0.5,0.0,1.0,1.0769230769230769
3976,0.0,1.2,4.25,0.0,0.6923076923076923,0.875,0.5,0.0,1.0,1.0769230769230769,1.75
3977,1.2,4.25,0.0,0.6923076923076923,0.875,0.5,0.0,1.0,1.0769230769230769,1.75,1.0
3978,4.25,0.0,0.6923076923076923,0.875,0.5,0.0,1.0,1.0769230769230769,1.75,1.0,0.5
3979,0.0,0.6923076923076923,0.875,0.5,0.0,1.0,1.0769230769230769,1.75,1.0,0.5,1.1428571428571428
3980,0.6923076923076923,0.875,0.5,0.0,1.0,1.0769230769230769,1.75,1.0,0.5,1.1428571428571428,1.125
3981,0.875,0.5,0.0,1.0,1.0769230769230769,1.75,1.0,0.5,1.1428571428571428,1.125,1.0
3982,0.5,0.0,1.0,1.0769230769230769,1.75,1.0,0.5,1.1428571428571428,1.125,1.0,0.6666666666666666
3983,0.0,1.0,1.0769230769230769,1.75,1.0,0.5,1.1428571428571428,1.125,1.0,0.6666666666666666,0.9523809523809523
3984,1.0,1.0769230769230769,1.75,1.0,0.5,1.1428571428571428,1.125,1.0,0.6666666666666666,0.9523809523809523,0.4
3985,1.0769230769230769,1.75,1.0,0.5,1.1428571428571428,1.125,1.0,0.6666666666666666,0.9523809523809523,0.4,0.6
3986,1.75,1.0,0.5,1.1428571428571428,1.125,1.0,0.6666666666666666,0.9523809523809523,0.4,0.6,0.0
3987,1.0,0.5,1.1428571428571428,1.125,1.0,0.6666666666666666,0.9523809523809523,0.4,0.6,0.0,0.25
3988,0.5,1.1428571428571428,1.125,1.0,0.6666666666666666,0.9523809523809523,0.4,0.6,0.0,0.25,0.5
3989,1.1428571428571428,1.125,1.0,0.6666666666666666,0.9523809523809523,0.4,0.6,0.0,0.25,0.5,1.7391304347826086
3990,1.125,1.0,0.6666666666666666,0.9523809523809523,0.4,0.6,0.0,0.25,0.5,1.7391304347826086,0.5
3991,1.0,0.6666666666666666,0.9523809523809523,0.4,0.6,0.0,0.25,0.5,1.7391304347826086,0.5,2.0
3992,0.6666666666666666,0.9523809523809523,0.4,0.6,0.0,0.25,0.5,1.7391304347826086,0.5,2.0,0.0
3993,0.9523809523809523,0.4,0.6,0.0,0.25,0.5,1.7391304347826086,0.5,2.0,0.0,1.0
3994,0.4,0.6,0.0,0.25,0.5,1.7391304347826086,0.5,2.0,0.0,1.0,0.75
3995,0.6,0.0,0.25,0.5,1.7391304347826086,0.5,2.0,0.0,1.0,0.75,2.3333333333333335
3996,0.0,0.25,0.5,1.7391304347826086,0.5,2.0,0.0,1.0,0.75,2.3333333333333335,0.5333333333333333
3997,0.25,0.5,1.7391304347826086,0.5,2.0,0.0,1.0,0.75,2.3333333333333335,0.5333333333333333,1.0
3998,0.5,1.7391304347826086,0.5,2.0,0.0,1.0,0.75,2.3333333333333335,0.5333333333333333,1.0,2.75
3999,1.7391304347826086,0.5,2.0,0.0,1.0,0.75,2.3333333333333335,0.5333333333333333,1.0,2.75,0.9090909090909091
4000,0.5,2.0,0.0,1.0,0.75,2.3333333333333335,0.5333333333333333,1.0,2.75,0.9090909090909091,1.6
4001,2.0,0.0,1.0,0.75,2.3333333333333335,0.5333333333333333,1.0,2.75,0.9090909090909091,1.6,1.8888888888888888
4002,0.0,1.0,0.75,2.3333333333333335,0.5333333333333333,1.0,2.75,0.9090909090909091,1.6,1.8888888888888888,2.3333333333333335
4003,1.0,0.75,2.3333333333333335,0.5333333333333333,1.0,2.75,0.9090909090909091,1.6,1.8888888888888888,2.3333333333333335,1.3157894736842106
4004,0.75,2.3333333333333335,0.5333333333333333,1.0,2.75,0.9090909090909091,1.6,1.8888888888888888,2.3333333333333335,1.3157894736842106,2.0
4005,2.3333333333333335,0.5333333333333333,1.0,2.75,0.9090909090909091,1.6,1.8888888888888888,2.3333333333333335,1.3157894736842106,2.0,0.6666666666666666
4006,0.5333333333333333,1.0,2.75,0.9090909090909091,1.6,1.8888888888888888,2.3333333333333335,1.3157894736842106,2.0,0.6666666666666666,0.0
4007,1.0,2.75,0.9090909090909091,1.6,1.8888888888888888,2.3333333333333335,1.3157894736842106,2.0,0.6666666666666666,0.0,0.46153846153846156
4008,2.75,0.9090909090909091,1.6,1.8888888888888888,2.3333333333333335,1.3157894736842106,2.0,0.6666666666666666,0.0,0.46153846153846156,0.8461538461538461
4009,0.9090909090909091,1.6,1.8888888888888888,2.3333333333333335,1.3157894736842106,2.0,0.6666666666666666,0.0,0.46153846153846156,0.8461538461538461,1.6
4010,1.6,1.8888888888888888,2.3333333333333335,1.3157894736842106,2.0,0.6666666666666666,0.0,0.46153846153846156,0.8461538461538461,1.6,0.4
4011,1.8888888888888888,2.3333333333333335,1.3157894736842106,2.0,0.6666666666666666,0.0,0.46153846153846156,0.8461538461538461,1.6,0.4,1.1
4012,2.3333333333333335,1.3157894736842106,2.0,0.6666666666666666,0.0,0.46153846153846156,0.8461538461538461,1.6,0.4,1.1,1.3333333333333333
4013,1.2142857142857142,1.8108108108108107,1.25,2.6666666666666665,4.0,1.3846153846153846,1.1428571428571428,0.7142857142857143,0.5,0.8571428571428571,0.9545454545454546
4014,1.8108108108108107,1.25,2.6666666666666665,4.0,1.3846153846153846,1.1428571428571428,0.7142857142857143,0.5,0.8571428571428571,0.9545454545454546,1.3333333333333333
4015,1.25,2.6666666666666665,4.0,1.3846153846153846,1.1428571428571428,0.7142857142857143,0.5,0.8571428571428571,0.9545454545454546,1.3333333333333333,1.1111111111111112
4016,2.6666666666666665,4.0,1.3846153846153846,1.1428571428571428,0.7142857142857143,0.5,0.8571428571428571,0.9545454545454546,1.3333333333333333,1.1111111111111112,1.0
4017,4.0,1.3846153846153846,1.1428571428571428,0.7142857142857143,0.5,0.8571428571428571,0.9545454545454546,1.3333333333333333,1.1111111111111112,1.0,2.0
4018,1.3846153846153846,1.1428571428571428,0.7142857142857143,0.5,0.8571428571428571,0.9545454545454546,1.3333333333333333,1.1111111111111112,1.0,2.0,1.0
4019,1.1428571428571428,0.7142857142857143,0.5,0.8571428571428571,0.9545454545454546,1.3333333333333333,1.1111111111111112,1.0,2.0,1.0,1.6923076923076923
4020,0.7142857142857143,0.5,0.8571428571428571,0.9545454545454546,1.3333333333333333,1.1111111111111112,1.0,2.0,1.0,1.6923076923076923,1.5
4021,0.5,0.8571428571428571,0.9545454545454546,1.3333333333333333,1.1111111111111112,1.0,2.0,1.0,1.6923076923076923,1.5,1.875
4022,0.8571428571428571,0.9545454545454546,1.3333333333333333,1.1111111111111112,1.0,2.0,1.0,1.6923076923076923,1.5,1.875,1.6571428571428573
4023,0.9545454545454546,1.3333333333333333,1.1111111111111112,1.0,2.0,1.0,1.6923076923076923,1.5,1.875,1.6571428571428573,0.25
4024,1.3333333333333333,1.1111111111111112,1.0,2.0,1.0,1.6923076923076923,1.5,1.875,1.6571428571428573,0.25,1.0
4025,1.1111111111111112,1.0,2.0,1.0,1.6923076923076923,1.5,1.875,1.6571428571428573,0.25,1.0,1.6111111111111112
4026,1.0,2.0,1.0,1.6923076923076923,1.5,1.875,1.6571428571428573,0.25,1.0,1.6111111111111112,0.0
4027,2.0,1.0,1.6923076923076923,1.5,1.875,1.6571428571428573,0.25,1.0,1.6111111111111112,0.0,2.625
4028,1.0,1.6923076923076923,1.5,1.875,1.6571428571428573,0.25,1.0,1.6111111111111112,0.0,2.625,1.25
4029,1.6923076923076923,1.5,1.875,1.6571428571428573,0.25,1.0,1.6111111111111112,0.0,2.625,1.25,2.1578947368421053
4030,1.5,1.875,1.6571428571428573,0.25,1.0,1.6111111111111112,0.0,2.625,1.25,2.1578947368421053,1.4482758620689655
4031,1.875,1.6571428571428573,0.25,1.0,1.6111111111111112,0.0,2.625,1.25,2.1578947368421053,1.4482758620689655,0.5384615384615384
4032,1.6571428571428573,0.25,1.0,1.6111111111111112,0.0,2.625,1.25,2.1578947368421053,1.4482758620689655,0.5384615384615384,0.9375
4033,0.25,1.0,1.6111111111111112,0.0,2.625,1.25,2.1578947368421053,1.4482758620689655,0.5384615384615384,0.9375,0.5
4034,1.0,1.6111111111111112,0.0,2.625,1.25,2.1578947368421053,1.4482758620689655,0.5384615384615384,0.9375,0.5,0.5
4035,1.6111111111111112,0.0,2.625,1.25,2.1578947368421053,1.4482758620689655,0.5384615384615384,0.9375,0.5,0.5,1.5
4036,0.0,2.625,1.25,2.1578947368421053,1.4482758620689655,0.5384615384615384,0.9375,0.5,0.5,1.5,0.7857142857142857
4037,2.625,1.25,2.1578947368421053,1.4482758620689655,0.5384615384615384,0.9375,0.5,0.5,1.5,0.7857142857142857,1.8823529411764706
4038,1.25,2.1578947368421053,1.4482758620689655,0.5384615384615384,0.9375,0.5,0.5,1.5,0.7857142857142857,1.8823529411764706,1.0
4039,2.1578947368421053,1.4482758620689655,0.5384615384615384,0.9375,0.5,0.5,1.5,0.7857142857142857,1.8823529411764706,1.0,1.105263157894737
4040,1.4482758620689655,0.5384615384615384,0.9375,0.5,0.5,1.5,0.7857142857142857,1.8823529411764706,1.0,1.105263157894737,0.0
4041,0.5384615384615384,0.9375,0.5,0.5,1.5,0.7857142857142857,1.8823529411764706,1.0,1.105263157894737,0.0,1.5925925925925926
4042,0.9375,0.5,0.5,1.5,0.7857142857142857,1.8823529411764706,1.0,1.105263157894737,0.0,1.5925925925925926,1.9130434782608696
4043,0.5,0.5,1.5,0.7857142857142857,1.8823529411764706,1.0,1.105263157894737,0.0,1.5925925925925926,1.9130434782608696,2.8125
4044,0.5,1.5,0.7857142857142857,1.8823529411764706,1.0,1.105263157894737,0.0,1.5925925925925926,1.9130434782608696,2.8125,2.032258064516129
4045,1.5,0.7857142857142857,1.8823529411764706,1.0,1.105263157894737,0.0,1.5925925925925926,1.9130434782608696,2.8125,2.032258064516129,1.1851851851851851
4046,0.7857142857142857,1.8823529411764706,1.0,1.105263157894737,0.0,1.5925925925925926,1.9130434782608696,2.8125,2.032258064516129,1.1851851851851851,1.0
4047,1.8823529411764706,1.0,1.105263157894737,0.0,1.5925925925925926,1.9130434782608696,2.8125,2.032258064516129,1.1851851851851851,1.0,1.375
4048,1.0,1.105263157894737,0.0,1.5925925925925926,1.9130434782608696,2.8125,2.032258064516129,1.1851851851851851,1.0,1.375,1.75
4049,1.105263157894737,0.0,1.5925925925925926,1.9130434782608696,2.8125,2.032258064516129,1.1851851851851851,1.0,1.375,1.75,1.5263157894736843
4050,0.0,1.5925925925925926,1.9130434782608696,2.8125,2.032258064516129,1.1851851851851851,1.0,1.375,1.75,1.5263157894736843,1.7083333333333333
4051,1.5925925925925926,1.9130434782608696,2.8125,2.032258064516129,1.1851851851851851,1.0,1.375,1.75,1.5263157894736843,1.7083333333333333,1.434782608695652
4052,1.9130434782608696,2.8125,2.032258064516129,1.1851851851851851,1.0,1.375,1.75,1.5263157894736843,1.7083333333333333,1.434782608695652,2.4
4053,2.8125,2.032258064516129,1.1851851851851851,1.0,1.375,1.75,1.5263157894736843,1.7083333333333333,1.434782608695652,2.4,1.1666666666666667
4054,2.032258064516129,1.1851851851851851,1.0,1.375,1.75,1.5263157894736843,1.7083333333333333,1.434782608695652,2.4,1.1666666666666667,1.75
4055,1.1851851851851851,1.0,1.375,1.75,1.5263157894736843,1.7083333333333333,1.434782608695652,2.4,1.1666666666666667,1.75,0.896551724137931
4056,1.0,1.375,1.75,1.5263157894736843,1.7083333333333333,1.434782608695652,2.4,1.1666666666666667,1.75,0.896551724137931,1.0789473684210527
4057,1.375,1.75,1.5263157894736843,1.7083333333333333,1.434782608695652,2.4,1.1666666666666667,1.75,0.896551724137931,1.0789473684210527,1.125
4058,1.75,1.5263157894736843,1.7083333333333333,1.434782608695652,2.4,1.1666666666666667,1.75,0.896551724137931,1.0789473684210527,1.125,1.12
4059,1.5263157894736843,1.7083333333333333,1.434782608695652,2.4,1.1666666666666667,1.75,0.896551724137931,1.0789473684210527,1.125,1.12,1.2352941176470589
4060,1.7083333333333333,1.434782608695652,2.4,1.1666666666666667,1.75,0.896551724137931,1.0789473684210527,1.125,1.12,1.2352941176470589,2.0588235294117645
4061,1.434782608695652,2.4,1.1666666666666667,1.75,0.896551724137931,1.0789473684210527,1.125,1.12,1.2352941176470589,2.0588235294117645,1.3478260869565217
4062,2.4,1.1666666666666667,1.75,0.896551724137931,1.0789473684210527,1.125,1.12,1.2352941176470589,2.0588235294117645,1.3478260869565217,1.75
4063,1.1666666666666667,1.75,0.896551724137931,1.0789473684210527,1.125,1.12,1.2352941176470589,2.0588235294117645,1.3478260869565217,1.75,1.6666666666666667
4064,1.75,0.896551724137931,1.0789473684210527,1.125,1.12,1.2352941176470589,2.0588235294117645,1.3478260869565217,1.75,1.6666666666666667,0.9047619047619048
4065,0.896551724137931,1.0789473684210527,1.125,1.12,1.2352941176470589,2.0588235294117645,1.3478260869565217,1.75,1.6666666666666667,0.9047619047619048,0.6666666666666666
4066,1.0789473684210527,1.125,1.12,1.2352941176470589,2.0588235294117645,1.3478260869565217,1.75,1.6666666666666667,0.9047619047619048,0.6666666666666666,1.2222222222222223
4067,1.125,1.12,1.2352941176470589,2.0588235294117645,1.3478260869565217,1.75,1.6666666666666667,0.9047619047619048,0.6666666666666666,1.2222222222222223,0.7419354838709677
4068,1.12,1.2352941176470589,2.0588235294117645,1.3478260869565217,1.75,1.6666666666666667,0.9047619047619048,0.6666666666666666,1.2222222222222223,0.7419354838709677,1.48
4069,1.2352941176470589,2.0588235294117645,1.3478260869565217,1.75,1.6666666666666667,0.9047619047619048,0.6666666666666666,1.2222222222222223,0.7419354838709677,1.48,1.5675675675675675
4070,2.0588235294117645,1.3478260869565217,1.75,1.6666666666666667,0.9047619047619048,0.6666666666666666,1.2222222222222223,0.7419354838709677,1.48,1.5675675675675675,2.15
4071,1.3478260869565217,1.75,1.6666666666666667,0.9047619047619048,0.6666666666666666,1.2222222222222223,0.7419354838709677,1.48,1.5675675675675675,2.15,0.375
4072,1.75,1.6666666666666667,0.9047619047619048,0.6666666666666666,1.2222222222222223,0.7419354838709677,1.48,1.5675675675675675,2.15,0.375,1.2380952380952381
4073,1.6666666666666667,0.9047619047619048,0.6666666666666666,1.2222222222222223,0.7419354838709677,1.48,1.5675675675675675,2.15,0.375,1.2380952380952381,1.4285714285714286
4074,0.9047619047619048,0.6666666666666666,1.2222222222222223,0.7419354838709677,1.48,1.5675675675675675,2.15,0.375,1.2380952380952381,1.4285714285714286,1.1578947368421053
4075,0.6666666666666666,1.2222222222222223,0.7419354838709677,1.48,1.5675675675675675,2.15,0.375,1.2380952380952381,1.4285714285714286,1.1578947368421053,2.0
4076,1.2222222222222223,0.7419354838709677,1.48,1.5675675675675675,2.15,0.375,1.2380952380952381,1.4285714285714286,1.1578947368421053,2.0,2.3333333333333335
4077,0.7419354838709677,1.48,1.5675675675675675,2.15,0.375,1.2380952380952381,1.4285714285714286,1.1578947368421053,2.0,2.3333333333333335,2.3
4078,1.48,1.5675675675675675,2.15,0.375,1.2380952380952381,1.4285714285714286,1.1578947368421053,2.0,2.3333333333333335,2.3,1.2941176470588236
4079,1.5675675675675675,2.15,0.375,1.2380952380952381,1.4285714285714286,1.1578947368421053,2.0,2.3333333333333335,2.3,1.2941176470588236,0.75
4080,2.15,0.375,1.2380952380952381,1.4285714285714286,1.1578947368421053,2.0,2.3333333333333335,2.3,1.2941176470588236,0.75,1.9166666666666667
4081,0.375,1.2380952380952381,1.4285714285714286,1.1578947368421053,2.0,2.3333333333333335,2.3,1.2941176470588236,0.75,1.9166666666666667,0.8928571428571429
4082,1.2380952380952381,1.4285714285714286,1.1578947368421053,2.0,2.3333333333333335,2.3,1.2941176470588236,0.75,1.9166666666666667,0.8928571428571429,1.2307692307692308
4083,1.4285714285714286,1.1578947368421053,2.0,2.3333333333333335,2.3,1.2941176470588236,0.75,1.9166666666666667,0.8928571428571429,1.2307692307692308,0.9166666666666666
4084,1.1578947368421053,2.0,2.3333333333333335,2.3,1.2941176470588236,0.75,1.9166666666666667,0.8928571428571429,1.2307692307692308,0.9166666666666666,2.125
4085,2.0,2.3333333333333335,2.3,1.2941176470588236,0.75,1.9166666666666667,0.8928571428571429,1.2307692307692308,0.9166666666666666,2.125,0.25
4086,2.3333333333333335,2.3,1.2941176470588236,0.75,1.9166666666666667,0.8928571428571429,1.2307692307692308,0.9166666666666666,2.125,0.25,0.6666666666666666
4087,2.3,1.2941176470588236,0.75,1.9166666666666667,0.8928571428571429,1.2307692307692308,0.9166666666666666,2.125,0.25,0.6666666666666666,0.6666666666666666
4088,1.2941176470588236,0.75,1.9166666666666667,0.8928571428571429,1.2307692307692308,0.9166666666666666,2.125,0.25,0.6666666666666666,0.6666666666666666,0.6
4089,0.75,1.9166666666666667,0.8928571428571429,1.2307692307692308,0.9166666666666666,2.125,0.25,0.6666666666666666,0.6666666666666666,0.6,0.7692307692307693
4090,1.9166666666666667,0.8928571428571429,1.2307692307692308,0.9166666666666666,2.125,0.25,0.6666666666666666,0.6666666666666666,0.6,0.7692307692307693,0.9285714285714286
4091,0.8928571428571429,1.2307692307692308,0.9166666666666666,2.125,0.25,0.6666666666666666,0.6666666666666666,0.6,0.7692307692307693,0.9285714285714286,1.3902439024390243
4092,1.2307692307692308,0.9166666666666666,2.125,0.25,0.6666666666666666,0.6666666666666666,0.6,0.7692307692307693,0.9285714285714286,1.3902439024390243,2.2
4093,0.9166666666666666,2.125,0.25,0.6666666666666666,0.6666666666666666,0.6,0.7692307692307693,0.9285714285714286,1.3902439024390243,2.2,0.625
4094,2.125,0.25,0.6666666666666666,0.6666666666666666,0.6,0.7692307692307693,0.9285714285714286,1.3902439024390243,2.2,0.625,0.7878787878787878
4095,0.25,0.6666666666666666,0.6666666666666666,0.6,0.7692307692307693,0.9285714285714286,1.3902439024390243,2.2,0.625,0.7878787878787878,1.7954545454545454
4096,0.6666666666666666,0.6666666666666666,0.6,0.7692307692307693,0.9285714285714286,1.3902439024390243,2.2,0.625,0.7878787878787878,1.7954545454545454,2.2857142857142856
4097,0.6666666666666666,0.6,0.7692307692307693,0.9285714285714286,1.3902439024390243,2.2,0.625,0.7878787878787878,1.7954545454545454,2.2857142857142856,0.8
4098,0.6,0.7692307692307693,0.9285714285714286,1.3902439024390243,2.2,0.625,0.7878787878787878,1.7954545454545454,2.2857142857142856,0.8,1.1428571428571428
4099,0.7692307692307693,0.9285714285714286,1.3902439024390243,2.2,0.625,0.7878787878787878,1.7954545454545454,2.2857142857142856,0.8,1.1428571428571428,1.25
4100,0.9285714285714286,1.3902439024390243,2.2,0.625,0.7878787878787878,1.7954545454545454,2.2857142857142856,0.8,1.1428571428571428,1.25,0.625
4101,1.3902439024390243,2.2,0.625,0.7878787878787878,1.7954545454545454,2.2857142857142856,0.8,1.1428571428571428,1.25,0.625,1.0454545454545454
4102,2.2,0.625,0.7878787878787878,1.7954545454545454,2.2857142857142856,0.8,1.1428571428571428,1.25,0.625,1.0454545454545454,1.4666666666666666
4103,0.625,0.7878787878787878,1.7954545454545454,2.2857142857142856,0.8,1.1428571428571428,1.25,0.625,1.0454545454545454,1.4666666666666666,0.625
4104,0.7878787878787878,1.7954545454545454,2.2857142857142856,0.8,1.1428571428571428,1.25,0.625,1.0454545454545454,1.4666666666666666,0.625,1.4
4105,1.7954545454545454,2.2857142857142856,0.8,1.1428571428571428,1.25,0.625,1.0454545454545454,1.4666666666666666,0.625,1.4,0.6666666666666666
4106,2.2857142857142856,0.8,1.1428571428571428,1.25,0.625,1.0454545454545454,1.4666666666666666,0.625,1.4,0.6666666666666666,1.625
4107,0.8,1.1428571428571428,1.25,0.625,1.0454545454545454,1.4666666666666666,0.625,1.4,0.6666666666666666,1.625,0.8378378378378378
4108,1.1428571428571428,1.25,0.625,1.0454545454545454,1.4666666666666666,0.625,1.4,0.6666666666666666,1.625,0.8378378378378378,1.8571428571428572
4109,1.25,0.625,1.0454545454545454,1.4666666666666666,0.625,1.4,0.6666666666666666,1.625,0.8378378378378378,1.8571428571428572,0.5
4110,0.625,1.0454545454545454,1.4666666666666666,0.625,1.4,0.6666666666666666,1.625,0.8378378378378378,1.8571428571428572,0.5,1.25
4111,1.0454545454545454,1.4666666666666666,0.625,1.4,0.6666666666666666,1.625,0.8378378378378378,1.8571428571428572,0.5,1.25,1.6666666666666667
4112,1.4666666666666666,0.625,1.4,0.6666666666666666,1.625,0.8378378378378378,1.8571428571428572,0.5,1.25,1.6666666666666667,1.0
4113,0.625,1.4,0.6666666666666666,1.625,0.8378378378378378,1.8571428571428572,0.5,1.25,1.6666666666666667,1.0,1.35
4114,1.4,0.6666666666666666,1.625,0.8378378378378378,1.8571428571428572,0.5,1.25,1.6666666666666667,1.0,1.35,0.36363636363636365
4115,0.6666666666666666,1.625,0.8378378378378378,1.8571428571428572,0.5,1.25,1.6666666666666667,1.0,1.35,0.36363636363636365,2.0
4116,1.625,0.8378378378378378,1.8571428571428572,0.5,1.25,1.6666666666666667,1.0,1.35,0.36363636363636365,2.0,1.0
4117,0.8378378378378378,1.8571428571428572,0.5,1.25,1.6666666666666667,1.0,1.35,0.36363636363636365,2.0,1.0,0.45454545454545453
4118,1.8571428571428572,0.5,1.25,1.6666666666666667,1.0,1.35,0.36363636363636365,2.0,1.0,0.45454545454545453,1.7941176470588236
4119,0.5,1.25,1.6666666666666667,1.0,1.35,0.36363636363636365,2.0,1.0,0.45454545454545453,1.7941176470588236,0.6363636363636364
4120,1.25,1.6666666666666667,1.0,1.35,0.36363636363636365,2.0,1.0,0.45454545454545453,1.7941176470588236,0.6363636363636364,2.090909090909091
4121,1.6666666666666667,1.0,1.35,0.36363636363636365,2.0,1.0,0.45454545454545453,1.7941176470588236,0.6363636363636364,2.090909090909091,0.5555555555555556
4122,1.0,1.35,0.36363636363636365,2.0,1.0,0.45454545454545453,1.7941176470588236,0.6363636363636364,2.090909090909091,0.5555555555555556,1.4761904761904763
4123,1.35,0.36363636363636365,2.0,1.0,0.45454545454545453,1.7941176470588236,0.6363636363636364,2.090909090909091,0.5555555555555556,1.4761904761904763,1.5384615384615385
4124,0.36363636363636365,2.0,1.0,0.45454545454545453,1.7941176470588236,0.6363636363636364,2.090909090909091,0.5555555555555556,1.4761904761904763,1.5384615384615385,0.7692307692307693
4125,2.0,1.0,0.45454545454545453,1.7941176470588236,0.6363636363636364,2.090909090909091,0.5555555555555556,1.4761904761904763,1.5384615384615385,0.7692307692307693,1.6666666666666667
4126,1.0,0.45454545454545453,1.7941176470588236,0.6363636363636364,2.090909090909091,0.5555555555555556,1.4761904761904763,1.5384615384615385,0.7692307692307693,1.6666666666666667,1.434782608695652
4127,0.45454545454545453,1.7941176470588236,0.6363636363636364,2.090909090909091,0.5555555555555556,1.4761904761904763,1.5384615384615385,0.7692307692307693,1.6666666666666667,1.434782608695652,1.6304347826086956
4128,1.7941176470588236,0.6363636363636364,2.090909090909091,0.5555555555555556,1.4761904761904763,1.5384615384615385,0.7692307692307693,1.6666666666666667,1.434782608695652,1.6304347826086956,1.3488372093023255
4129,0.6363636363636364,2.090909090909091,0.5555555555555556,1.4761904761904763,1.5384615384615385,0.7692307692307693,1.6666666666666667,1.434782608695652,1.6304347826086956,1.3488372093023255,0.6
4130,2.090909090909091,0.5555555555555556,1.4761904761904763,1.5384615384615385,0.7692307692307693,1.6666666666666667,1.434782608695652,1.6304347826086956,1.3488372093023255,0.6,1.3157894736842106
4131,0.5555555555555556,1.4761904761904763,1.5384615384615385,0.7692307692307693,1.6666666666666667,1.434782608695652,1.6304347826086956,1.3488372093023255,0.6,1.3157894736842106,1.0
4132,1.4761904761904763,1.5384615384615385,0.7692307692307693,1.6666666666666667,1.434782608695652,1.6304347826086956,1.3488372093023255,0.6,1.3157894736842106,1.0,0.6666666666666666
4133,1.5384615384615385,0.7692307692307693,1.6666666666666667,1.434782608695652,1.6304347826086956,1.3488372093023255,0.6,1.3157894736842106,1.0,0.6666666666666666,2.2222222222222223
4134,0.7692307692307693,1.6666666666666667,1.434782608695652,1.6304347826086956,1.3488372093023255,0.6,1.3157894736842106,1.0,0.6666666666666666,2.2222222222222223,0.5
4135,1.6666666666666667,1.434782608695652,1.6304347826086956,1.3488372093023255,0.6,1.3157894736842106,1.0,0.6666666666666666,2.2222222222222223,0.5,0.0
4136,1.434782608695652,1.6304347826086956,1.3488372093023255,0.6,1.3157894736842106,1.0,0.6666666666666666,2.2222222222222223,0.5,0.0,1.7222222222222223
4137,1.6304347826086956,1.3488372093023255,0.6,1.3157894736842106,1.0,0.6666666666666666,2.2222222222222223,0.5,0.0,1.7222222222222223,1.4
4138,1.3488372093023255,0.6,1.3157894736842106,1.0,0.6666666666666666,2.2222222222222223,0.5,0.0,1.7222222222222223,1.4,1.2727272727272727
4139,0.6,1.3157894736842106,1.0,0.6666666666666666,2.2222222222222223,0.5,0.0,1.7222222222222223,1.4,1.2727272727272727,1.8333333333333333
4140,1.3157894736842106,1.0,0.6666666666666666,2.2222222222222223,0.5,0.0,1.7222222222222223,1.4,1.2727272727272727,1.8333333333333333,2.3636363636363638
4141,1.0,0.6666666666666666,2.2222222222222223,0.5,0.0,1.7222222222222223,1.4,1.2727272727272727,1.8333333333333333,2.3636363636363638,1.5185185185185186
4142,0.6666666666666666,2.2222222222222223,0.5,0.0,1.7222222222222223,1.4,1.2727272727272727,1.8333333333333333,2.3636363636363638,1.5185185185185186,1.5625
4143,2.2222222222222223,0.5,0.0,1.7222222222222223,1.4,1.2727272727272727,1.8333333333333333,2.3636363636363638,1.5185185185185186,1.5625,0.9142857142857143
4144,0.5,0.0,1.7222222222222223,1.4,1.2727272727272727,1.8333333333333333,2.3636363636363638,1.5185185185185186,1.5625,0.9142857142857143,0.6666666666666666
4145,0.0,1.7222222222222223,1.4,1.2727272727272727,1.8333333333333333,2.3636363636363638,1.5185185185185186,1.5625,0.9142857142857143,0.6666666666666666,3.0
4146,1.7222222222222223,1.4,1.2727272727272727,1.8333333333333333,2.3636363636363638,1.5185185185185186,1.5625,0.9142857142857143,0.6666666666666666,3.0,1.9615384615384615
4147,1.4,1.2727272727272727,1.8333333333333333,2.3636363636363638,1.5185185185185186,1.5625,0.9142857142857143,0.6666666666666666,3.0,1.9615384615384615,0.6666666666666666
4148,1.2727272727272727,1.8333333333333333,2.3636363636363638,1.5185185185185186,1.5625,0.9142857142857143,0.6666666666666666,3.0,1.9615384615384615,0.6666666666666666,1.6666666666666667
4149,1.8333333333333333,2.3636363636363638,1.5185185185185186,1.5625,0.9142857142857143,0.6666666666666666,3.0,1.9615384615384615,0.6666666666666666,1.6666666666666667,2.55
4150,2.3636363636363638,1.5185185185185186,1.5625,0.9142857142857143,0.6666666666666666,3.0,1.9615384615384615,0.6666666666666666,1.6666666666666667,2.55,0.8333333333333334
4151,1.5185185185185186,1.5625,0.9142857142857143,0.6666666666666666,3.0,1.9615384615384615,0.6666666666666666,1.6666666666666667,2.55,0.8333333333333334,0.5
4152,1.5625,0.9142857142857143,0.6666666666666666,3.0,1.9615384615384615,0.6666666666666666,1.6666666666666667,2.55,0.8333333333333334,0.5,1.21875
4153,0.9142857142857143,0.6666666666666666,3.0,1.9615384615384615,0.6666666666666666,1.6666666666666667,2.55,0.8333333333333334,0.5,1.21875,1.3846153846153846
4154,0.6666666666666666,3.0,1.9615384615384615,0.6666666666666666,1.6666666666666667,2.55,0.8333333333333334,0.5,1.21875,1.3846153846153846,1.0
4155,3.0,1.9615384615384615,0.6666666666666666,1.6666666666666667,2.55,0.8333333333333334,0.5,1.21875,1.3846153846153846,1.0,2.0833333333333335
4156,1.9615384615384615,0.6666666666666666,1.6666666666666667,2.55,0.8333333333333334,0.5,1.21875,1.3846153846153846,1.0,2.0833333333333335,1.2380952380952381
4157,0.6666666666666666,1.6666666666666667,2.55,0.8333333333333334,0.5,1.21875,1.3846153846153846,1.0,2.0833333333333335,1.2380952380952381,2.3181818181818183
4158,1.6666666666666667,2.55,0.8333333333333334,0.5,1.21875,1.3846153846153846,1.0,2.0833333333333335,1.2380952380952381,2.3181818181818183,1.72
4159,2.55,0.8333333333333334,0.5,1.21875,1.3846153846153846,1.0,2.0833333333333335,1.2380952380952381,2.3181818181818183,1.72,0.7391304347826086
4160,0.8333333333333334,0.5,1.21875,1.3846153846153846,1.0,2.0833333333333335,1.2380952380952381,2.3181818181818183,1.72,0.7391304347826086,0.5
4161,0.5,1.21875,1.3846153846153846,1.0,2.0833333333333335,1.2380952380952381,2.3181818181818183,1.72,0.7391304347826086,0.5,0.5714285714285714
4162,1.21875,1.3846153846153846,1.0,2.0833333333333335,1.2380952380952381,2.3181818181818183,1.72,0.7391304347826086,0.5,0.5714285714285714,1.608695652173913
4163,1.3846153846153846,1.0,2.0833333333333335,1.2380952380952381,2.3181818181818183,1.72,0.7391304347826086,0.5,0.5714285714285714,1.608695652173913,0.8333333333333334
4164,1.0,2.0833333333333335,1.2380952380952381,2.3181818181818183,1.72,0.7391304347826086,0.5,0.5714285714285714,1.608695652173913,0.8333333333333334,1.2758620689655173
4165,2.0833333333333335,1.2380952380952381,2.3181818181818183,1.72,0.7391304347826086,0.5,0.5714285714285714,1.608695652173913,0.8333333333333334,1.2758620689655173,1.2758620689655173
4166,1.2380952380952381,2.3181818181818183,1.72,0.7391304347826086,0.5,0.5714285714285714,1.608695652173913,0.8333333333333334,1.2758620689655173,1.2758620689655173,0.25
4167,2.3181818181818183,1.72,0.7391304347826086,0.5,0.5714285714285714,1.608695652173913,0.8333333333333334,1.2758620689655173,1.2758620689655173,0.25,0.0
4168,1.72,0.7391304347826086,0.5,0.5714285714285714,1.608695652173913,0.8333333333333334,1.2758620689655173,1.2758620689655173,0.25,0.0,1.46875
4169,0.7391304347826086,0.5,0.5714285714285714,1.608695652173913,0.8333333333333334,1.2758620689655173,1.2758620689655173,0.25,0.0,1.46875,1.0666666666666667
4170,0.5,0.5714285714285714,1.608695652173913,0.8333333333333334,1.2758620689655173,1.2758620689655173,0.25,0.0,1.46875,1.0666666666666667,1.6153846153846154
4171,0.5714285714285714,1.608695652173913,0.8333333333333334,1.2758620689655173,1.2758620689655173,0.25,0.0,1.46875,1.0666666666666667,1.6153846153846154,1.0
4172,1.608695652173913,0.8333333333333334,1.2758620689655173,1.2758620689655173,0.25,0.0,1.46875,1.0666666666666667,1.6153846153846154,1.0,0.25
4173,0.8333333333333334,1.2758620689655173,1.2758620689655173,0.25,0.0,1.46875,1.0666666666666667,1.6153846153846154,1.0,0.25,0.0
4174,1.2758620689655173,1.2758620689655173,0.25,0.0,1.46875,1.0666666666666667,1.6153846153846154,1.0,0.25,0.0,1.0588235294117647
4175,1.2758620689655173,0.25,0.0,1.46875,1.0666666666666667,1.6153846153846154,1.0,0.25,0.0,1.0588235294117647,1.2727272727272727
4176,0.25,0.0,1.46875,1.0666666666666667,1.6153846153846154,1.0,0.25,0.0,1.0588235294117647,1.2727272727272727,0.8214285714285714
4177,0.0,1.46875,1.0666666666666667,1.6153846153846154,1.0,0.25,0.0,1.0588235294117647,1.2727272727272727,0.8214285714285714,0.5
4178,1.46875,1.0666666666666667,1.6153846153846154,1.0,0.25,0.0,1.0588235294117647,1.2727272727272727,0.8214285714285714,0.5,2.1538461538461537
4179,1.0666666666666667,1.6153846153846154,1.0,0.25,0.0,1.0588235294117647,1.2727272727272727,0.8214285714285714,0.5,2.1538461538461537,1.5
4180,1.6153846153846154,1.0,0.25,0.0,1.0588235294117647,1.2727272727272727,0.8214285714285714,0.5,2.1538461538461537,1.5,0.6666666666666666
4181,1.0,0.25,0.0,1.0588235294117647,1.2727272727272727,0.8214285714285714,0.5,2.1538461538461537,1.5,0.6666666666666666,1.0909090909090908
4182,0.25,0.0,1.0588235294117647,1.2727272727272727,0.8214285714285714,0.5,2.1538461538461537,1.5,0.6666666666666666,1.0909090909090908,0.9285714285714286
4183,0.0,1.0588235294117647,1.2727272727272727,0.8214285714285714,0.5,2.1538461538461537,1.5,0.6666666666666666,1.0909090909090908,0.9285714285714286,2.0
4184,1.0588235294117647,1.2727272727272727,0.8214285714285714,0.5,2.1538461538461537,1.5,0.6666666666666666,1.0909090909090908,0.9285714285714286,2.0,0.7777777777777778
4185,1.2727272727272727,0.8214285714285714,0.5,2.1538461538461537,1.5,0.6666666666666666,1.0909090909090908,0.9285714285714286,2.0,0.7777777777777778,3.25
4186,0.8214285714285714,0.5,2.1538461538461537,1.5,0.6666666666666666,1.0909090909090908,0.9285714285714286,2.0,0.7777777777777778,3.25,0.25
4187,0.5,2.1538461538461537,1.5,0.6666666666666666,1.0909090909090908,0.9285714285714286,2.0,0.7777777777777778,3.25,0.25,2.1666666666666665
4188,2.1538461538461537,1.5,0.6666666666666666,1.0909090909090908,0.9285714285714286,2.0,0.7777777777777778,3.25,0.25,2.1666666666666665,0.9
4189,1.5,0.6666666666666666,1.0909090909090908,0.9285714285714286,2.0,0.7777777777777778,3.25,0.25,2.1666666666666665,0.9,1.0
4190,0.6666666666666666,1.0909090909090908,0.9285714285714286,2.0,0.7777777777777778,3.25,0.25,2.1666666666666665,0.9,1.0,1.4285714285714286
4191,1.0909090909090908,0.9285714285714286,2.0,0.7777777777777778,3.25,0.25,2.1666666666666665,0.9,1.0,1.4285714285714286,1.0769230769230769
4192,0.9285714285714286,2.0,0.7777777777777778,3.25,0.25,2.1666666666666665,0.9,1.0,1.4285714285714286,1.0769230769230769,1.5
4193,2.0,0.7777777777777778,3.25,0.25,2.1666666666666665,0.9,1.0,1.4285714285714286,1.0769230769230769,1.5,1.1333333333333333
4194,0.7777777777777778,3.25,0.25,2.1666666666666665,0.9,1.0,1.4285714285714286,1.0769230769230769,1.5,1.1333333333333333,1.3333333333333333
4195,3.25,0.25,2.1666666666666665,0.9,1.0,1.4285714285714286,1.0769230769230769,1.5,1.1333333333333333,1.3333333333333333,1.5
4196,0.25,2.1666666666666665,0.9,1.0,1.4285714285714286,1.0769230769230769,1.5,1.1333333333333333,1.3333333333333333,1.5,2.1333333333333333
4197,2.1666666666666665,0.9,1.0,1.4285714285714286,1.0769230769230769,1.5,1.1333333333333333,1.3333333333333333,1.5,2.1333333333333333,2.4
4198,0.9,1.0,1.4285714285714286,1.0769230769230769,1.5,1.1333333333333333,1.3333333333333333,1.5,2.1333333333333333,2.4,1.15
4199,1.0,1.4285714285714286,1.0769230769230769,1.5,1.1333333333333333,1.3333333333333333,1.5,2.1333333333333333,2.4,1.15,1.4
4200,1.4285714285714286,1.0769230769230769,1.5,1.1333333333333333,1.3333333333333333,1.5,2.1333333333333333,2.4,1.15,1.4,1.3548387096774193
4201,1.0769230769230769,1.5,1.1333333333333333,1.3333333333333333,1.5,2.1333333333333333,2.4,1.15,1.4,1.3548387096774193,1.8275862068965518
4202,1.5,1.1333333333333333,1.3333333333333333,1.5,2.1333333333333333,2.4,1.15,1.4,1.3548387096774193,1.8275862068965518,1.125
4203,1.1333333333333333,1.3333333333333333,1.5,2.1333333333333333,2.4,1.15,1.4,1.3548387096774193,1.8275862068965518,1.125,1.2285714285714286
4204,1.3333333333333333,1.5,2.1333333333333333,2.4,1.15,1.4,1.3548387096774193,1.8275862068965518,1.125,1.2285714285714286,1.7058823529411764
4205,1.5,2.1333333333333333,2.4,1.15,1.4,1.3548387096774193,1.8275862068965518,1.125,1.2285714285714286,1.7058823529411764,0.7368421052631579
4206,2.1333333333333333,2.4,1.15,1.4,1.3548387096774193,1.8275862068965518,1.125,1.2285714285714286,1.7058823529411764,0.7368421052631579,1.0
4207,2.4,1.15,1.4,1.3548387096774193,1.8275862068965518,1.125,1.2285714285714286,1.7058823529411764,0.7368421052631579,1.0,0.7
4208,1.15,1.4,1.3548387096774193,1.8275862068965518,1.125,1.2285714285714286,1.7058823529411764,0.7368421052631579,1.0,0.7,0.0
4209,1.4,1.3548387096774193,1.8275862068965518,1.125,1.2285714285714286,1.7058823529411764,0.7368421052631579,1.0,0.7,0.0,1.2857142857142858
4210,1.3548387096774193,1.8275862068965518,1.125,1.2285714285714286,1.7058823529411764,0.7368421052631579,1.0,0.7,0.0,1.2857142857142858,0.6111111111111112
4211,1.8275862068965518,1.125,1.2285714285714286,1.7058823529411764,0.7368421052631579,1.0,0.7,0.0,1.2857142857142858,0.6111111111111112,0.9285714285714286
4212,1.125,1.2285714285714286,1.7058823529411764,0.7368421052631579,1.0,0.7,0.0,1.2857142857142858,0.6111111111111112,0.9285714285714286,1.3953488372093024
4213,1.2285714285714286,1.7058823529411764,0.7368421052631579,1.0,0.7,0.0,1.2857142857142858,0.6111111111111112,0.9285714285714286,1.3953488372093024,2.074074074074074
4214,1.7058823529411764,0.7368421052631579,1.0,0.7,0.0,1.2857142857142858,0.6111111111111112,0.9285714285714286,1.3953488372093024,2.074074074074074,1.8620689655172413
4215,0.7368421052631579,1.0,0.7,0.0,1.2857142857142858,0.6111111111111112,0.9285714285714286,1.3953488372093024,2.074074074074074,1.8620689655172413,1.380952380952381
4216,1.0,0.7,0.0,1.2857142857142858,0.6111111111111112,0.9285714285714286,1.3953488372093024,2.074074074074074,1.8620689655172413,1.380952380952381,1.7058823529411764
4217,0.7,0.0,1.2857142857142858,0.6111111111111112,0.9285714285714286,1.3953488372093024,2.074074074074074,1.8620689655172413,1.380952380952381,1.7058823529411764,1.25
4218,0.0,1.2857142857142858,0.6111111111111112,0.9285714285714286,1.3953488372093024,2.074074074074074,1.8620689655172413,1.380952380952381,1.7058823529411764,1.25,1.5555555555555556
4219,1.2857142857142858,0.6111111111111112,0.9285714285714286,1.3953488372093024,2.074074074074074,1.8620689655172413,1.380952380952381,1.7058823529411764,1.25,1.5555555555555556,0.14285714285714285
4220,0.6111111111111112,0.9285714285714286,1.3953488372093024,2.074074074074074,1.8620689655172413,1.380952380952381,1.7058823529411764,1.25,1.5555555555555556,0.14285714285714285,0.6666666666666666
4221,0.9285714285714286,1.3953488372093024,2.074074074074074,1.8620689655172413,1.380952380952381,1.7058823529411764,1.25,1.5555555555555556,0.14285714285714285,0.6666666666666666,0.9333333333333333
4222,1.2857142857142858,3.4444444444444446,1.5625,0.0,0.8,1.4285714285714286,1.8,1.3125,1.9545454545454546,0.7692307692307693,1.5
4223,3.4444444444444446,1.5625,0.0,0.8,1.4285714285714286,1.8,1.3125,1.9545454545454546,0.7692307692307693,1.5,1.0
4224,1.5625,0.0,0.8,1.4285714285714286,1.8,1.3125,1.9545454545454546,0.7692307692307693,1.5,1.0,0.3333333333333333
4225,1.0,0.5,1.4090909090909092,1.0689655172413792,1.263157894736842,1.4,1.625,1.0,1.380952380952381,2.074074074074074,1.2380952380952381
4226,0.2,0.42857142857142855,0.0,1.0,2.0,1.0,1.6666666666666667,0.3333333333333333,1.1666666666666667,1.0,1.0
4227,0.42857142857142855,0.0,1.0,2.0,1.0,1.6666666666666667,0.3333333333333333,1.1666666666666667,1.0,1.0,1.0
4228,0.0,1.0,2.0,1.0,1.6666666666666667,0.3333333333333333,1.1666666666666667,1.0,1.0,1.0,0.5
4229,1.0,2.0,1.0,1.6666666666666667,0.3333333333333333,1.1666666666666667,1.0,1.0,1.0,0.5,0.3333333333333333
4230,2.0,1.0,1.6666666666666667,0.3333333333333333,1.1666666666666667,1.0,1.0,1.0,0.5,0.3333333333333333,0.5
4231,2.0,0.7142857142857143,1.0,1.0,0.0,0.6666666666666666,1.2857142857142858,0.125,1.0,0.0,0.8
4232,0.7142857142857143,1.0,1.0,0.0,0.6666666666666666,1.2857142857142858,0.125,1.0,0.0,0.8,1.5
4233,1.0,1.0,0.0,0.6666666666666666,1.2857142857142858,0.125,1.0,0.0,0.8,1.5,1.0
4234,1.0,0.0,0.6666666666666666,1.2857142857142858,0.125,1.0,0.0,0.8,1.5,1.0,0.0
4235,0.0,0.6666666666666666,1.2857142857142858,0.125,1.0,0.0,0.8,1.5,1.0,0.0,2.7142857142857144
4236,0.6666666666666666,1.2857142857142858,0.125,1.0,0.0,0.8,1.5,1.0,0.0,2.7142857142857144,1.8571428571428572
4237,1.2857142857142858,0.125,1.0,0.0,0.8,1.5,1.0,0.0,2.7142857142857144,1.8571428571428572,0.6666666666666666
4238,0.125,1.0,0.0,0.8,1.5,1.0,0.0,2.7142857142857144,1.8571428571428572,0.6666666666666666,1.5
4239,1.0,0.0,0.8,1.5,1.0,0.0,2.7142857142857144,1.8571428571428572,0.6666666666666666,1.5,1.1
4240,0.0,0.8,1.5,1.0,0.0,2.7142857142857144,1.8571428571428572,0.6666666666666666,1.5,1.1,0.5
4241,0.8,1.5,1.0,0.0,2.7142857142857144,1.8571428571428572,0.6666666666666666,1.5,1.1,0.5,1.75
4242,1.5,1.0,0.0,2.7142857142857144,1.8571428571428572,0.6666666666666666,1.5,1.1,0.5,1.75,0.0
4243,2.3333333333333335,1.0,1.0,1.95,0.5,0.0,0.5,1.6666666666666667,1.0,0.0,0.0
4244,1.0,1.0,1.95,0.5,0.0,0.5,1.6666666666666667,1.0,0.0,0.0,1.0
4245,0.5,0.5,0.6,0.0,0.8333333333333334,0.2,2.25,0.0,1.4,2.0,0.6666666666666666
4246,0.5,0.6,0.0,0.8333333333333334,0.2,2.25,0.0,1.4,2.0,0.6666666666666666,0.3333333333333333
4247,0.6,0.0,0.8333333333333334,0.2,2.25,0.0,1.4,2.0,0.6666666666666666,0.3333333333333333,0.0
4248,0.0,0.8333333333333334,0.2,2.25,0.0,1.4,2.0,0.6666666666666666,0.3333333333333333,0.0,0.42857142857142855
4249,1.0,1.0,1.0,2.5,1.0,1.75,1.1666666666666667,1.7777777777777777,0.8,1.2666666666666666,1.0
4250,1.0,1.0,2.5,1.0,1.75,1.1666666666666667,1.7777777777777777,0.8,1.2666666666666666,1.0,2.25
4251,1.0,2.5,1.0,1.75,1.1666666666666667,1.7777777777777777,0.8,1.2666666666666666,1.0,2.25,1.2727272727272727
4252,2.5,1.0,1.75,1.1666666666666667,1.7777777777777777,0.8,1.2666666666666666,1.0,2.25,1.2727272727272727,0.8333333333333334
4253,1.0,1.75,1.1666666666666667,1.7777777777777777,0.8,1.2666666666666666,1.0,2.25,1.2727272727272727,0.8333333333333334,0.75
4254,1.75,1.1666666666666667,1.7777777777777777,0.8,1.2666666666666666,1.0,2.25,1.2727272727272727,0.8333333333333334,0.75,1.4444444444444444
4255,1.1666666666666667,1.7777777777777777,0.8,1.2666666666666666,1.0,2.25,1.2727272727272727,0.8333333333333334,0.75,1.4444444444444444,1.875
4256,1.7777777777777777,0.8,1.2666666666666666,1.0,2.25,1.2727272727272727,0.8333333333333334,0.75,1.4444444444444444,1.875,2.75
4257,0.8,1.2666666666666666,1.0,2.25,1.2727272727272727,0.8333333333333334,0.75,1.4444444444444444,1.875,2.75,1.0
4258,1.2666666666666666,1.0,2.25,1.2727272727272727,0.8333333333333334,0.75,1.4444444444444444,1.875,2.75,1.0,1.1333333333333333
4259,1.0,2.25,1.2727272727272727,0.8333333333333334,0.75,1.4444444444444444,1.875,2.75,1.0,1.1333333333333333,1.7777777777777777
4260,2.25,1.2727272727272727,0.8333333333333334,0.75,1.4444444444444444,1.875,2.75,1.0,1.1333333333333333,1.7777777777777777,1.625
4261,1.2727272727272727,0.8333333333333334,0.75,1.4444444444444444,1.875,2.75,1.0,1.1333333333333333,1.7777777777777777,1.625,0.6666666666666666
4262,1.0,0.0,0.0,0.0,0.5,0.3333333333333333,0.0,0.6,0.5,0.5,0.5
4263,0.0,0.0,0.0,0.5,0.3333333333333333,0.0,0.6,0.5,0.5,0.5,1.0
4264,0.0,0.0,0.5,0.3333333333333333,0.0,0.6,0.5,0.5,0.5,1.0,0.6666666666666666
4265,0.0,0.5,0.3333333333333333,0.0,0.6,0.5,0.5,0.5,1.0,0.6666666666666666,0.5
4266,0.5,0.3333333333333333,0.0,0.6,0.5,0.5,0.5,1.0,0.6666666666666666,0.5,1.0
4267,0.3333333333333333,0.0,0.6,0.5,0.5,0.5,1.0,0.6666666666666666,0.5,1.0,0.5
4268,0.0,0.6,0.5,0.5,0.5,1.0,0.6666666666666666,0.5,1.0,0.5,1.4
4269,0.6,0.5,0.5,0.5,1.0,0.6666666666666666,0.5,1.0,0.5,1.4,0.0
4270,0.5,0.5,0.5,1.0,0.6666666666666666,0.5,1.0,0.5,1.4,0.0,1.0
4271,0.5,0.5,1.0,0.6666666666666666,0.5,1.0,0.5,1.4,0.0,1.0,0.6666666666666666
4272,0.5,1.0,0.6666666666666666,0.5,1.0,0.5,1.4,0.0,1.0,0.6666666666666666,1.75
4273,1.0,0.6666666666666666,0.5,1.0,0.5,1.4,0.0,1.0,0.6666666666666666,1.75,0.5
4274,0.6666666666666666,0.5,1.0,0.5,1.4,0.0,1.0,0.6666666666666666,1.75,0.5,1.5714285714285714
4275,0.5,1.0,0.5,1.4,0.0,1.0,0.6666666666666666,1.75,0.5,1.5714285714285714,0.5454545454545454
4276,1.0,0.5,1.4,0.0,1.0,0.6666666666666666,1.75,0.5,1.5714285714285714,0.5454545454545454,0.3333333333333333
4277,0.5,1.4,0.0,1.0,0.6666666666666666,1.75,0.5,1.5714285714285714,0.5454545454545454,0.3333333333333333,1.0
4278,1.4,0.0,1.0,0.6666666666666666,1.75,0.5,1.5714285714285714,0.5454545454545454,0.3333333333333333,1.0,2.75
4279,0.0,1.0,0.6666666666666666,1.75,0.5,1.5714285714285714,0.5454545454545454,0.3333333333333333,1.0,2.75,0.0
4280,1.0,0.6666666666666666,1.75,0.5,1.5714285714285714,0.5454545454545454,0.3333333333333333,1.0,2.75,0.0,2.5
4281,0.6666666666666666,1.75,0.5,1.5714285714285714,0.5454545454545454,0.3333333333333333,1.0,2.75,0.0,2.5,0.8571428571428571
4282,1.75,0.5,1.5714285714285714,0.5454545454545454,0.3333333333333333,1.0,2.75,0.0,2.5,0.8571428571428571,1.0
4283,0.5,1.5714285714285714,0.5454545454545454,0.3333333333333333,1.0,2.75,0.0,2.5,0.8571428571428571,1.0,0.5
4284,1.5714285714285714,0.5454545454545454,0.3333333333333333,1.0,2.75,0.0,2.5,0.8571428571428571,1.0,0.5,0.25
4285,0.5454545454545454,0.3333333333333333,1.0,2.75,0.0,2.5,0.8571428571428571,1.0,0.5,0.25,0.75
4286,0.3333333333333333,1.0,2.75,0.0,2.5,0.8571428571428571,1.0,0.5,0.25,0.75,0.75
4287,1.0,2.75,0.0,2.5,0.8571428571428571,1.0,0.5,0.25,0.75,0.75,1.6666666666666667
4288,2.75,0.0,2.5,0.8571428571428571,1.0,0.5,0.25,0.75,0.75,1.6666666666666667,0.8888888888888888
4289,0.0,2.5,0.8571428571428571,1.0,0.5,0.25,0.75,0.75,1.6666666666666667,0.8888888888888888,1.0
4290,2.5,0.8571428571428571,1.0,0.5,0.25,0.75,0.75,1.6666666666666667,0.8888888888888888,1.0,0.4
4291,0.8571428571428571,1.0,0.5,0.25,0.75,0.75,1.6666666666666667,0.8888888888888888,1.0,0.4,2.0
4292,1.0,0.5,0.25,0.75,0.75,1.6666666666666667,0.8888888888888888,1.0,0.4,2.0,1.0384615384615385
4293,0.5,0.25,0.75,0.75,1.6666666666666667,0.8888888888888888,1.0,0.4,2.0,1.0384615384615385,2.625
4294,0.25,0.75,0.75,1.6666666666666667,0.8888888888888888,1.0,0.4,2.0,1.0384615384615385,2.625,0.0
4295,0.75,0.75,1.6666666666666667,0.8888888888888888,1.0,0.4,2.0,1.0384615384615385,2.625,0.0,0.5
4296,0.75,1.6666666666666667,0.8888888888888888,1.0,0.4,2.0,1.0384615384615385,2.625,0.0,0.5,0.5
4297,1.6666666666666667,0.8888888888888888,1.0,0.4,2.0,1.0384615384615385,2.625,0.0,0.5,0.5,1.6666666666666667
4298,0.8888888888888888,1.0,0.4,2.0,1.0384615384615385,2.625,0.0,0.5,0.5,1.6666666666666667,1.5
4299,1.0,0.4,2.0,1.0384615384615385,2.625,0.0,0.5,0.5,1.6666666666666667,1.5,0.6363636363636364
4300,0.4,2.0,1.0384615384615385,2.625,0.0,0.5,0.5,1.6666666666666667,1.5,0.6363636363636364,1.0
4301,2.0,1.0384615384615385,2.625,0.0,0.5,0.5,1.6666666666666667,1.5,0.6363636363636364,1.0,0.6
4302,1.0384615384615385,2.625,0.0,0.5,0.5,1.6666666666666667,1.5,0.6363636363636364,1.0,0.6,0.5
4303,2.625,0.0,0.5,0.5,1.6666666666666667,1.5,0.6363636363636364,1.0,0.6,0.5,1.4
4304,0.0,0.5,0.5,1.6666666666666667,1.5,0.6363636363636364,1.0,0.6,0.5,1.4,1.6666666666666667
4305,0.5,0.5,1.6666666666666667,1.5,0.6363636363636364,1.0,0.6,0.5,1.4,1.6666666666666667,1.0
4306,0.5,1.6666666666666667,1.5,0.6363636363636364,1.0,0.6,0.5,1.4,1.6666666666666667,1.0,1.0
4307,1.6666666666666667,1.5,0.6363636363636364,1.0,0.6,0.5,1.4,1.6666666666666667,1.0,1.0,1.8571428571428572
4308,1.5,0.6363636363636364,1.0,0.6,0.5,1.4,1.6666666666666667,1.0,1.0,1.8571428571428572,1.25
4309,0.6363636363636364,1.0,0.6,0.5,1.4,1.6666666666666667,1.0,1.0,1.8571428571428572,1.25,0.5
4310,1.0,0.6,0.5,1.4,1.6666666666666667,1.0,1.0,1.8571428571428572,1.25,0.5,1.3333333333333333
4311,0.6,0.5,1.4,1.6666666666666667,1.0,1.0,1.8571428571428572,1.25,0.5,1.3333333333333333,0.3333333333333333
4312,1.2857142857142858,0.75,1.6666666666666667,1.6,2.25,1.8421052631578947,0.875,3.25,0.5,0.0,1.6666666666666667
4313,0.75,1.6666666666666667,1.6,2.25,1.8421052631578947,0.875,3.25,0.5,0.0,1.6666666666666667,1.1666666666666667
4314,1.6666666666666667,1.6,2.25,1.8421052631578947,0.875,3.25,0.5,0.0,1.6666666666666667,1.1666666666666667,0.0
4315,1.6,2.25,1.8421052631578947,0.875,3.25,0.5,0.0,1.6666666666666667,1.1666666666666667,0.0,1.1111111111111112
4316,2.25,1.8421052631578947,0.875,3.25,0.5,0.0,1.6666666666666667,1.1666666666666667,0.0,1.1111111111111112,1.5454545454545454
4317,1.8421052631578947,0.875,3.25,0.5,0.0,1.6666666666666667,1.1666666666666667,0.0,1.1111111111111112,1.5454545454545454,1.0
4318,0.875,3.25,0.5,0.0,1.6666666666666667,1.1666666666666667,0.0,1.1111111111111112,1.5454545454545454,1.0,0.9285714285714286
4319,3.25,0.5,0.0,1.6666666666666667,1.1666666666666667,0.0,1.1111111111111112,1.5454545454545454,1.0,0.9285714285714286,2.5
4320,0.5,0.0,1.6666666666666667,1.1666666666666667,0.0,1.1111111111111112,1.5454545454545454,1.0,0.9285714285714286,2.5,0.8333333333333334
4321,0.0,1.6666666666666667,1.1666666666666667,0.0,1.1111111111111112,1.5454545454545454,1.0,0.9285714285714286,2.5,0.8333333333333334,0.8333333333333334
4322,1.6666666666666667,1.1666666666666667,0.0,1.1111111111111112,1.5454545454545454,1.0,0.9285714285714286,2.5,0.8333333333333334,0.8333333333333334,0.7272727272727273
4323,1.1666666666666667,0.0,1.1111111111111112,1.5454545454545454,1.0,0.9285714285714286,2.5,0.8333333333333334,0.8333333333333334,0.7272727272727273,0.6363636363636364
4324,0.0,1.1111111111111112,1.5454545454545454,1.0,0.9285714285714286,2.5,0.8333333333333334,0.8333333333333334,0.7272727272727273,0.6363636363636364,0.6666666666666666
4325,1.1111111111111112,1.5454545454545454,1.0,0.9285714285714286,2.5,0.8333333333333334,0.8333333333333334,0.7272727272727273,0.6363636363636364,0.6666666666666666,0.4444444444444444
4326,1.5454545454545454,1.0,0.9285714285714286,2.5,0.8333333333333334,0.8333333333333334,0.7272727272727273,0.6363636363636364,0.6666666666666666,0.4444444444444444,2.857142857142857
4327,1.0,0.9285714285714286,2.5,0.8333333333333334,0.8333333333333334,0.7272727272727273,0.6363636363636364,0.6666666666666666,0.4444444444444444,2.857142857142857,1.0
4328,0.9285714285714286,2.5,0.8333333333333334,0.8333333333333334,0.7272727272727273,0.6363636363636364,0.6666666666666666,0.4444444444444444,2.857142857142857,1.0,1.2857142857142858
4329,2.5,0.8333333333333334,0.8333333333333334,0.7272727272727273,0.6363636363636364,0.6666666666666666,0.4444444444444444,2.857142857142857,1.0,1.2857142857142858,1.6666666666666667
4330,0.8333333333333334,0.8333333333333334,0.7272727272727273,0.6363636363636364,0.6666666666666666,0.4444444444444444,2.857142857142857,1.0,1.2857142857142858,1.6666666666666667,0.5714285714285714
4331,0.8333333333333334,0.7272727272727273,0.6363636363636364,0.6666666666666666,0.4444444444444444,2.857142857142857,1.0,1.2857142857142858,1.6666666666666667,0.5714285714285714,5.0
4332,0.7272727272727273,0.6363636363636364,0.6666666666666666,0.4444444444444444,2.857142857142857,1.0,1.2857142857142858,1.6666666666666667,0.5714285714285714,5.0,1.5
4333,0.6363636363636364,0.6666666666666666,0.4444444444444444,2.857142857142857,1.0,1.2857142857142858,1.6666666666666667,0.5714285714285714,5.0,1.5,1.0
4334,0.6666666666666666,0.4444444444444444,2.857142857142857,1.0,1.2857142857142858,1.6666666666666667,0.5714285714285714,5.0,1.5,1.0,0.3333333333333333
4335,0.4444444444444444,2.857142857142857,1.0,1.2857142857142858,1.6666666666666667,0.5714285714285714,5.0,1.5,1.0,0.3333333333333333,0.3333333333333333
4336,2.857142857142857,1.0,1.2857142857142858,1.6666666666666667,0.5714285714285714,5.0,1.5,1.0,0.3333333333333333,0.3333333333333333,0.0
4337,1.0,1.2857142857142858,1.6666666666666667,0.5714285714285714,5.0,1.5,1.0,0.3333333333333333,0.3333333333333333,0.0,0.2
4338,1.2857142857142858,1.6666666666666667,0.5714285714285714,5.0,1.5,1.0,0.3333333333333333,0.3333333333333333,0.0,0.2,0.3333333333333333
4339,1.0,0.6896551724137931,0.8571428571428571,0.8571428571428571,1.0,1.0,0.9523809523809523,0.25,0.3333333333333333,1.2380952380952381,0.3333333333333333
4340,0.6896551724137931,0.8571428571428571,0.8571428571428571,1.0,1.0,0.9523809523809523,0.25,0.3333333333333333,1.2380952380952381,0.3333333333333333,0.0
4341,0.8571428571428571,0.8571428571428571,1.0,1.0,0.9523809523809523,0.25,0.3333333333333333,1.2380952380952381,0.3333333333333333,0.0,0.14285714285714285
4342,0.8571428571428571,1.0,1.0,0.9523809523809523,0.25,0.3333333333333333,1.2380952380952381,0.3333333333333333,0.0,0.14285714285714285,1.8095238095238095
4343,1.0,1.0,0.9523809523809523,0.25,0.3333333333333333,1.2380952380952381,0.3333333333333333,0.0,0.14285714285714285,1.8095238095238095,0.7
4344,1.0,0.9523809523809523,0.25,0.3333333333333333,1.2380952380952381,0.3333333333333333,0.0,0.14285714285714285,1.8095238095238095,0.7,1.263157894736842
4345,1.2666666666666666,1.35,1.9285714285714286,2.0,1.0526315789473684,1.4838709677419355,1.619047619047619,1.1428571428571428,0.875,0.25,0.7916666666666666
4346,1.35,1.9285714285714286,2.0,1.0526315789473684,1.4838709677419355,1.619047619047619,1.1428571428571428,0.875,0.25,0.7916666666666666,2.6
4347,1.9285714285714286,2.0,1.0526315789473684,1.4838709677419355,1.619047619047619,1.1428571428571428,0.875,0.25,0.7916666666666666,2.6,5.0
4348,2.0,1.0526315789473684,1.4838709677419355,1.619047619047619,1.1428571428571428,0.875,0.25,0.7916666666666666,2.6,5.0,1.0
4349,1.0526315789473684,1.4838709677419355,1.619047619047619,1.1428571428571428,0.875,0.25,0.7916666666666666,2.6,5.0,1.0,3.0
4350,1.4838709677419355,1.619047619047619,1.1428571428571428,0.875,0.25,0.7916666666666666,2.6,5.0,1.0,3.0,1.25
4351,1.619047619047619,1.1428571428571428,0.875,0.25,0.7916666666666666,2.6,5.0,1.0,3.0,1.25,0.8333333333333334
4352,1.1428571428571428,0.875,0.25,0.7916666666666666,2.6,5.0,1.0,3.0,1.25,0.8333333333333334,1.46875
4353,0.875,0.25,0.7916666666666666,2.6,5.0,1.0,3.0,1.25,0.8333333333333334,1.46875,0.8571428571428571
4354,0.25,0.7916666666666666,2.6,5.0,1.0,3.0,1.25,0.8333333333333334,1.46875,0.8571428571428571,1.896551724137931
4355,0.7916666666666666,2.6,5.0,1.0,3.0,1.25,0.8333333333333334,1.46875,0.8571428571428571,1.896551724137931,0.925
4356,2.6,5.0,1.0,3.0,1.25,0.8333333333333334,1.46875,0.8571428571428571,1.896551724137931,0.925,0.9310344827586207
4357,5.0,1.0,3.0,1.25,0.8333333333333334,1.46875,0.8571428571428571,1.896551724137931,0.925,0.9310344827586207,0.9310344827586207
4358,1.0,3.0,1.25,0.8333333333333334,1.46875,0.8571428571428571,1.896551724137931,0.925,0.9310344827586207,0.9310344827586207,0.8461538461538461
4359,3.0,1.25,0.8333333333333334,1.46875,0.8571428571428571,1.896551724137931,0.925,0.9310344827586207,0.9310344827586207,0.8461538461538461,1.3783783783783783
4360,1.25,0.8333333333333334,1.46875,0.8571428571428571,1.896551724137931,0.925,0.9310344827586207,0.9310344827586207,0.8461538461538461,1.3783783783783783,0.9642857142857143
4361,0.8333333333333334,1.46875,0.8571428571428571,1.896551724137931,0.925,0.9310344827586207,0.9310344827586207,0.8461538461538461,1.3783783783783783,0.9642857142857143,1.5128205128205128
4362,1.46875,0.8571428571428571,1.896551724137931,0.925,0.9310344827586207,0.9310344827586207,0.8461538461538461,1.3783783783783783,0.9642857142857143,1.5128205128205128,0.6842105263157895
4363,0.8571428571428571,1.896551724137931,0.925,0.9310344827586207,0.9310344827586207,0.8461538461538461,1.3783783783783783,0.9642857142857143,1.5128205128205128,0.6842105263157895,1.6666666666666667
4364,1.896551724137931,0.925,0.9310344827586207,0.9310344827586207,0.8461538461538461,1.3783783783783783,0.9642857142857143,1.5128205128205128,0.6842105263157895,1.6666666666666667,0.5
4365,0.925,0.9310344827586207,0.9310344827586207,0.8461538461538461,1.3783783783783783,0.9642857142857143,1.5128205128205128,0.6842105263157895,1.6666666666666667,0.5,0.0
4366,0.9310344827586207,0.9310344827586207,0.8461538461538461,1.3783783783783783,0.9642857142857143,1.5128205128205128,0.6842105263157895,1.6666666666666667,0.5,0.0,1.8333333333333333
4367,0.9310344827586207,0.8461538461538461,1.3783783783783783,0.9642857142857143,1.5128205128205128,0.6842105263157895,1.6666666666666667,0.5,0.0,1.8333333333333333,0.9333333333333333
4368,0.8461538461538461,1.3783783783783783,0.9642857142857143,1.5128205128205128,0.6842105263157895,1.6666666666666667,0.5,0.0,1.8333333333333333,0.9333333333333333,1.0
4369,1.3783783783783783,0.9642857142857143,1.5128205128205128,0.6842105263157895,1.6666666666666667,0.5,0.0,1.8333333333333333,0.9333333333333333,1.0,1.26
4370,0.9642857142857143,1.5128205128205128,0.6842105263157895,1.6666666666666667,0.5,0.0,1.8333333333333333,0.9333333333333333,1.0,1.26,0.0
4371,1.5128205128205128,0.6842105263157895,1.6666666666666667,0.5,0.0,1.8333333333333333,0.9333333333333333,1.0,1.26,0.0,1.5
4372,0.6842105263157895,1.6666666666666667,0.5,0.0,1.8333333333333333,0.9333333333333333,1.0,1.26,0.0,1.5,0.9459459459459459
4373,1.6666666666666667,0.5,0.0,1.8333333333333333,0.9333333333333333,1.0,1.26,0.0,1.5,0.9459459459459459,0.0
4374,0.5,0.0,1.8333333333333333,0.9333333333333333,1.0,1.26,0.0,1.5,0.9459459459459459,0.0,3.5
4375,0.0,1.8333333333333333,0.9333333333333333,1.0,1.26,0.0,1.5,0.9459459459459459,0.0,3.5,1.3478260869565217
4376,1.8333333333333333,0.9333333333333333,1.0,1.26,0.0,1.5,0.9459459459459459,0.0,3.5,1.3478260869565217,0.9361702127659575
4377,0.9333333333333333,1.0,1.26,0.0,1.5,0.9459459459459459,0.0,3.5,1.3478260869565217,0.9361702127659575,1.5471698113207548
4378,1.0,1.26,0.0,1.5,0.9459459459459459,0.0,3.5,1.3478260869565217,0.9361702127659575,1.5471698113207548,1.28
4379,1.26,0.0,1.5,0.9459459459459459,0.0,3.5,1.3478260869565217,0.9361702127659575,1.5471698113207548,1.28,0.6666666666666666
4380,0.0,1.5,0.9459459459459459,0.0,3.5,1.3478260869565217,0.9361702127659575,1.5471698113207548,1.28,0.6666666666666666,1.0
4381,1.5,0.9459459459459459,0.0,3.5,1.3478260869565217,0.9361702127659575,1.5471698113207548,1.28,0.6666666666666666,1.0,1.05
4382,0.9459459459459459,0.0,3.5,1.3478260869565217,0.9361702127659575,1.5471698113207548,1.28,0.6666666666666666,1.0,1.05,1.4444444444444444
4383,0.0,3.5,1.3478260869565217,0.9361702127659575,1.5471698113207548,1.28,0.6666666666666666,1.0,1.05,1.4444444444444444,2.0
4384,3.5,1.3478260869565217,0.9361702127659575,1.5471698113207548,1.28,0.6666666666666666,1.0,1.05,1.4444444444444444,2.0,1.4545454545454546
4385,1.3478260869565217,0.9361702127659575,1.5471698113207548,1.28,0.6666666666666666,1.0,1.05,1.4444444444444444,2.0,1.4545454545454546,0.75
4386,0.9361702127659575,1.5471698113207548,1.28,0.6666666666666666,1.0,1.05,1.4444444444444444,2.0,1.4545454545454546,0.75,1.5897435897435896
4387,1.5471698113207548,1.28,0.6666666666666666,1.0,1.05,1.4444444444444444,2.0,1.4545454545454546,0.75,1.5897435897435896,1.1818181818181819
4388,1.28,0.6666666666666666,1.0,1.05,1.4444444444444444,2.0,1.4545454545454546,0.75,1.5897435897435896,1.1818181818181819,1.6129032258064515
4389,0.6666666666666666,1.0,1.05,1.4444444444444444,2.0,1.4545454545454546,0.75,1.5897435897435896,1.1818181818181819,1.6129032258064515,1.1304347826086956
4390,1.0,1.05,1.4444444444444444,2.0,1.4545454545454546,0.75,1.5897435897435896,1.1818181818181819,1.6129032258064515,1.1304347826086956,1.3636363636363635
4391,1.05,1.4444444444444444,2.0,1.4545454545454546,0.75,1.5897435897435896,1.1818181818181819,1.6129032258064515,1.1304347826086956,1.3636363636363635,1.225
4392,1.4444444444444444,2.0,1.4545454545454546,0.75,1.5897435897435896,1.1818181818181819,1.6129032258064515,1.1304347826086956,1.3636363636363635,1.225,1.0526315789473684
4393,2.0,1.4545454545454546,0.75,1.5897435897435896,1.1818181818181819,1.6129032258064515,1.1304347826086956,1.3636363636363635,1.225,1.0526315789473684,0.6666666666666666
4394,1.4545454545454546,0.75,1.5897435897435896,1.1818181818181819,1.6129032258064515,1.1304347826086956,1.3636363636363635,1.225,1.0526315789473684,0.6666666666666666,1.6
4395,0.75,1.5897435897435896,1.1818181818181819,1.6129032258064515,1.1304347826086956,1.3636363636363635,1.225,1.0526315789473684,0.6666666666666666,1.6,1.5
4396,1.5897435897435896,1.1818181818181819,1.6129032258064515,1.1304347826086956,1.3636363636363635,1.225,1.0526315789473684,0.6666666666666666,1.6,1.5,0.6774193548387096
4397,1.1818181818181819,1.6129032258064515,1.1304347826086956,1.3636363636363635,1.225,1.0526315789473684,0.6666666666666666,1.6,1.5,0.6774193548387096,0.45454545454545453
4398,1.6129032258064515,1.1304347826086956,1.3636363636363635,1.225,1.0526315789473684,0.6666666666666666,1.6,1.5,0.6774193548387096,0.45454545454545453,1.1111111111111112
4399,1.1304347826086956,1.3636363636363635,1.225,1.0526315789473684,0.6666666666666666,1.6,1.5,0.6774193548387096,0.45454545454545453,1.1111111111111112,1.1111111111111112
4400,1.3636363636363635,1.225,1.0526315789473684,0.6666666666666666,1.6,1.5,0.6774193548387096,0.45454545454545453,1.1111111111111112,1.1111111111111112,0.5714285714285714
4401,1.225,1.0526315789473684,0.6666666666666666,1.6,1.5,0.6774193548387096,0.45454545454545453,1.1111111111111112,1.1111111111111112,0.5714285714285714,0.0
4402,1.0526315789473684,0.6666666666666666,1.6,1.5,0.6774193548387096,0.45454545454545453,1.1111111111111112,1.1111111111111112,0.5714285714285714,0.0,1.2962962962962963
4403,0.6666666666666666,1.6,1.5,0.6774193548387096,0.45454545454545453,1.1111111111111112,1.1111111111111112,0.5714285714285714,0.0,1.2962962962962963,1.4782608695652173
4404,1.6,1.5,0.6774193548387096,0.45454545454545453,1.1111111111111112,1.1111111111111112,0.5714285714285714,0.0,1.2962962962962963,1.4782608695652173,0.0
4405,1.5,0.6774193548387096,0.45454545454545453,1.1111111111111112,1.1111111111111112,0.5714285714285714,0.0,1.2962962962962963,1.4782608695652173,0.0,0.6842105263157895
4406,0.6774193548387096,0.45454545454545453,1.1111111111111112,1.1111111111111112,0.5714285714285714,0.0,1.2962962962962963,1.4782608695652173,0.0,0.6842105263157895,1.4
4407,0.45454545454545453,1.1111111111111112,1.1111111111111112,0.5714285714285714,0.0,1.2962962962962963,1.4782608695652173,0.0,0.6842105263157895,1.4,0.3333333333333333
4408,1.1111111111111112,1.1111111111111112,0.5714285714285714,0.0,1.2962962962962963,1.4782608695652173,0.0,0.6842105263157895,1.4,0.3333333333333333,0.8
4409,1.1111111111111112,0.5714285714285714,0.0,1.2962962962962963,1.4782608695652173,0.0,0.6842105263157895,1.4,0.3333333333333333,0.8,1.0
4410,0.5714285714285714,0.0,1.2962962962962963,1.4782608695652173,0.0,0.6842105263157895,1.4,0.3333333333333333,0.8,1.0,1.5
4411,0.0,1.2962962962962963,1.4782608695652173,0.0,0.6842105263157895,1.4,0.3333333333333333,0.8,1.0,1.5,0.9310344827586207
4412,1.2962962962962963,1.4782608695652173,0.0,0.6842105263157895,1.4,0.3333333333333333,0.8,1.0,1.5,0.9310344827586207,1.0
4413,1.4782608695652173,0.0,0.6842105263157895,1.4,0.3333333333333333,0.8,1.0,1.5,0.9310344827586207,1.0,1.5454545454545454
4414,0.0,0.6842105263157895,1.4,0.3333333333333333,0.8,1.0,1.5,0.9310344827586207,1.0,1.5454545454545454,1.962962962962963
4415,0.6842105263157895,1.4,0.3333333333333333,0.8,1.0,1.5,0.9310344827586207,1.0,1.5454545454545454,1.962962962962963,0.8148148148148148
4416,1.4,0.3333333333333333,0.8,1.0,1.5,0.9310344827586207,1.0,1.5454545454545454,1.962962962962963,0.8148148148148148,1.1578947368421053
4417,0.3333333333333333,0.8,1.0,1.5,0.9310344827586207,1.0,1.5454545454545454,1.962962962962963,0.8148148148148148,1.1578947368421053,0.8333333333333334
4418,0.8,1.0,1.5,0.9310344827586207,1.0,1.5454545454545454,1.962962962962963,0.8148148148148148,1.1578947368421053,0.8333333333333334,0.0
4419,1.0,1.5,0.9310344827586207,1.0,1.5454545454545454,1.962962962962963,0.8148148148148148,1.1578947368421053,0.8333333333333334,0.0,0.8
4420,1.5,0.9310344827586207,1.0,1.5454545454545454,1.962962962962963,0.8148148148148148,1.1578947368421053,0.8333333333333334,0.0,0.8,1.5
4421,0.9310344827586207,1.0,1.5454545454545454,1.962962962962963,0.8148148148148148,1.1578947368421053,0.8333333333333334,0.0,0.8,1.5,1.3333333333333333
4422,1.0,1.5454545454545454,1.962962962962963,0.8148148148148148,1.1578947368421053,0.8333333333333334,0.0,0.8,1.5,1.3333333333333333,0.125
4423,1.5454545454545454,1.962962962962963,0.8148148148148148,1.1578947368421053,0.8333333333333334,0.0,0.8,1.5,1.3333333333333333,0.125,1.2127659574468086
4424,1.962962962962963,0.8148148148148148,1.1578947368421053,0.8333333333333334,0.0,0.8,1.5,1.3333333333333333,0.125,1.2127659574468086,1.8
4425,0.8148148148148148,1.1578947368421053,0.8333333333333334,0.0,0.8,1.5,1.3333333333333333,0.125,1.2127659574468086,1.8,0.8823529411764706
4426,1.1578947368421053,0.8333333333333334,0.0,0.8,1.5,1.3333333333333333,0.125,1.2127659574468086,1.8,0.8823529411764706,1.25
4427,0.8333333333333334,0.0,0.8,1.5,1.3333333333333333,0.125,1.2127659574468086,1.8,0.8823529411764706,1.25,2.3333333333333335
4428,0.0,0.8,1.5,1.3333333333333333,0.125,1.2127659574468086,1.8,0.8823529411764706,1.25,2.3333333333333335,0.0
4429,0.8,1.5,1.3333333333333333,0.125,1.2127659574468086,1.8,0.8823529411764706,1.25,2.3333333333333335,0.0,1.0909090909090908
4430,1.5,1.3333333333333333,0.125,1.2127659574468086,1.8,0.8823529411764706,1.25,2.3333333333333335,0.0,1.0909090909090908,1.3529411764705883
4431,1.3333333333333333,0.125,1.2127659574468086,1.8,0.8823529411764706,1.25,2.3333333333333335,0.0,1.0909090909090908,1.3529411764705883,1.8888888888888888
4432,0.125,1.2127659574468086,1.8,0.8823529411764706,1.25,2.3333333333333335,0.0,1.0909090909090908,1.3529411764705883,1.8888888888888888,2.375
4433,1.2127659574468086,1.8,0.8823529411764706,1.25,2.3333333333333335,0.0,1.0909090909090908,1.3529411764705883,1.8888888888888888,2.375,0.75
4434,1.8,0.8823529411764706,1.25,2.3333333333333335,0.0,1.0909090909090908,1.3529411764705883,1.8888888888888888,2.375,0.75,0.75
4435,0.8823529411764706,1.25,2.3333333333333335,0.0,1.0909090909090908,1.3529411764705883,1.8888888888888888,2.375,0.75,0.75,1.8
4436,1.25,2.3333333333333335,0.0,1.0909090909090908,1.3529411764705883,1.8888888888888888,2.375,0.75,0.75,1.8,1.0714285714285714
4437,2.3333333333333335,0.0,1.0909090909090908,1.3529411764705883,1.8888888888888888,2.375,0.75,0.75,1.8,1.0714285714285714,1.0277777777777777
4438,0.0,1.0909090909090908,1.3529411764705883,1.8888888888888888,2.375,0.75,0.75,1.8,1.0714285714285714,1.0277777777777777,1.2
4439,1.0909090909090908,1.3529411764705883,1.8888888888888888,2.375,0.75,0.75,1.8,1.0714285714285714,1.0277777777777777,1.2,0.5
4440,1.3529411764705883,1.8888888888888888,2.375,0.75,0.75,1.8,1.0714285714285714,1.0277777777777777,1.2,0.5,0.6666666666666666
4441,1.8888888888888888,2.375,0.75,0.75,1.8,1.0714285714285714,1.0277777777777777,1.2,0.5,0.6666666666666666,1.6
4442,2.375,0.75,0.75,1.8,1.0714285714285714,1.0277777777777777,1.2,0.5,0.6666666666666666,1.6,1.4047619047619047
4443,0.75,0.75,1.8,1.0714285714285714,1.0277777777777777,1.2,0.5,0.6666666666666666,1.6,1.4047619047619047,1.2222222222222223
4444,0.75,1.8,1.0714285714285714,1.0277777777777777,1.2,0.5,0.6666666666666666,1.6,1.4047619047619047,1.2222222222222223,0.6666666666666666
4445,1.8,1.0714285714285714,1.0277777777777777,1.2,0.5,0.6666666666666666,1.6,1.4047619047619047,1.2222222222222223,0.6666666666666666,3.0
4446,1.0714285714285714,1.0277777777777777,1.2,0.5,0.6666666666666666,1.6,1.4047619047619047,1.2222222222222223,0.6666666666666666,3.0,0.6666666666666666
4447,1.0277777777777777,1.2,0.5,0.6666666666666666,1.6,1.4047619047619047,1.2222222222222223,0.6666666666666666,3.0,0.6666666666666666,1.2142857142857142
4448,1.2,0.5,0.6666666666666666,1.6,1.4047619047619047,1.2222222222222223,0.6666666666666666,3.0,0.6666666666666666,1.2142857142857142,4.0
4449,0.5,0.6666666666666666,1.6,1.4047619047619047,1.2222222222222223,0.6666666666666666,3.0,0.6666666666666666,1.2142857142857142,4.0,1.7567567567567568
4450,0.6666666666666666,1.6,1.4047619047619047,1.2222222222222223,0.6666666666666666,3.0,0.6666666666666666,1.2142857142857142,4.0,1.7567567567567568,1.0
4451,1.6,1.4047619047619047,1.2222222222222223,0.6666666666666666,3.0,0.6666666666666666,1.2142857142857142,4.0,1.7567567567567568,1.0,1.2790697674418605
4452,1.4047619047619047,1.2222222222222223,0.6666666666666666,3.0,0.6666666666666666,1.2142857142857142,4.0,1.7567567567567568,1.0,1.2790697674418605,0.3333333333333333
4453,1.2222222222222223,0.6666666666666666,3.0,0.6666666666666666,1.2142857142857142,4.0,1.7567567567567568,1.0,1.2790697674418605,0.3333333333333333,0.7
4454,0.6666666666666666,3.0,0.6666666666666666,1.2142857142857142,4.0,1.7567567567567568,1.0,1.2790697674418605,0.3333333333333333,0.7,0.5454545454545454
4455,3.0,0.6666666666666666,1.2142857142857142,4.0,1.7567567567567568,1.0,1.2790697674418605,0.3333333333333333,0.7,0.5454545454545454,1.125
4456,0.6666666666666666,1.2142857142857142,4.0,1.7567567567567568,1.0,1.2790697674418605,0.3333333333333333,0.7,0.5454545454545454,1.125,1.606060606060606
4457,1.2142857142857142,4.0,1.7567567567567568,1.0,1.2790697674418605,0.3333333333333333,0.7,0.5454545454545454,1.125,1.606060606060606,0.25
4458,4.0,1.7567567567567568,1.0,1.2790697674418605,0.3333333333333333,0.7,0.5454545454545454,1.125,1.606060606060606,0.25,2.8333333333333335
4459,1.7567567567567568,1.0,1.2790697674418605,0.3333333333333333,0.7,0.5454545454545454,1.125,1.606060606060606,0.25,2.8333333333333335,1.0
4460,1.0,1.2790697674418605,0.3333333333333333,0.7,0.5454545454545454,1.125,1.606060606060606,0.25,2.8333333333333335,1.0,0.5
4461,1.2790697674418605,0.3333333333333333,0.7,0.5454545454545454,1.125,1.606060606060606,0.25,2.8333333333333335,1.0,0.5,0.36363636363636365
4462,0.3333333333333333,0.7,0.5454545454545454,1.125,1.606060606060606,0.25,2.8333333333333335,1.0,0.5,0.36363636363636365,1.0
4463,0.7,0.5454545454545454,1.125,1.606060606060606,0.25,2.8333333333333335,1.0,0.5,0.36363636363636365,1.0,2.0
4464,0.5454545454545454,1.125,1.606060606060606,0.25,2.8333333333333335,1.0,0.5,0.36363636363636365,1.0,2.0,0.3333333333333333
4465,1.125,1.606060606060606,0.25,2.8333333333333335,1.0,0.5,0.36363636363636365,1.0,2.0,0.3333333333333333,0.0
4466,1.606060606060606,0.25,2.8333333333333335,1.0,0.5,0.36363636363636365,1.0,2.0,0.3333333333333333,0.0,1.2941176470588236
4467,0.25,2.8333333333333335,1.0,0.5,0.36363636363636365,1.0,2.0,0.3333333333333333,0.0,1.2941176470588236,1.375
4468,2.8333333333333335,1.0,0.5,0.36363636363636365,1.0,2.0,0.3333333333333333,0.0,1.2941176470588236,1.375,1.5714285714285714
4469,1.0,0.5,0.36363636363636365,1.0,2.0,0.3333333333333333,0.0,1.2941176470588236,1.375,1.5714285714285714,1.0
4470,0.5,0.36363636363636365,1.0,2.0,0.3333333333333333,0.0,1.2941176470588236,1.375,1.5714285714285714,1.0,1.0
4471,0.36363636363636365,1.0,2.0,0.3333333333333333,0.0,1.2941176470588236,1.375,1.5714285714285714,1.0,1.0,1.625
4472,1.0,2.0,0.3333333333333333,0.0,1.2941176470588236,1.375,1.5714285714285714,1.0,1.0,1.625,1.3076923076923077
4473,2.0,0.3333333333333333,0.0,1.2941176470588236,1.375,1.5714285714285714,1.0,1.0,1.625,1.3076923076923077,0.9090909090909091
4474,0.3333333333333333,0.0,1.2941176470588236,1.375,1.5714285714285714,1.0,1.0,1.625,1.3076923076923077,0.9090909090909091,0.4
4475,0.0,1.2941176470588236,1.375,1.5714285714285714,1.0,1.0,1.625,1.3076923076923077,0.9090909090909091,0.4,1.8125
4476,1.2941176470588236,1.375,1.5714285714285714,1.0,1.0,1.625,1.3076923076923077,0.9090909090909091,0.4,1.8125,1.0
4477,1.375,1.5714285714285714,1.0,1.0,1.625,1.3076923076923077,0.9090909090909091,0.4,1.8125,1.0,1.7894736842105263
4478,1.5714285714285714,1.0,1.0,1.625,1.3076923076923077,0.9090909090909091,0.4,1.8125,1.0,1.7894736842105263,1.5
4479,1.0,1.0,1.625,1.3076923076923077,0.9090909090909091,0.4,1.8125,1.0,1.7894736842105263,1.5,1.1020408163265305
4480,1.0,1.625,1.3076923076923077,0.9090909090909091,0.4,1.8125,1.0,1.7894736842105263,1.5,1.1020408163265305,1.0869565217391304
4481,1.625,1.3076923076923077,0.9090909090909091,0.4,1.8125,1.0,1.7894736842105263,1.5,1.1020408163265305,1.0869565217391304,1.0
4482,1.3076923076923077,0.9090909090909091,0.4,1.8125,1.0,1.7894736842105263,1.5,1.1020408163265305,1.0869565217391304,1.0,0.0
4483,0.9090909090909091,0.4,1.8125,1.0,1.7894736842105263,1.5,1.1020408163265305,1.0869565217391304,1.0,0.0,1.7027027027027026
4484,0.4,1.8125,1.0,1.7894736842105263,1.5,1.1020408163265305,1.0869565217391304,1.0,0.0,1.7027027027027026,1.1578947368421053
4485,1.8125,1.0,1.7894736842105263,1.5,1.1020408163265305,1.0869565217391304,1.0,0.0,1.7027027027027026,1.1578947368421053,2.135135135135135
4486,1.0,1.7894736842105263,1.5,1.1020408163265305,1.0869565217391304,1.0,0.0,1.7027027027027026,1.1578947368421053,2.135135135135135,1.3142857142857143
4487,1.7894736842105263,1.5,1.1020408163265305,1.0869565217391304,1.0,0.0,1.7027027027027026,1.1578947368421053,2.135135135135135,1.3142857142857143,1.7083333333333333
4488,1.5,1.1020408163265305,1.0869565217391304,1.0,0.0,1.7027027027027026,1.1578947368421053,2.135135135135135,1.3142857142857143,1.7083333333333333,1.2352941176470589
4489,1.1020408163265305,1.0869565217391304,1.0,0.0,1.7027027027027026,1.1578947368421053,2.135135135135135,1.3142857142857143,1.7083333333333333,1.2352941176470589,1.7241379310344827
4490,1.0869565217391304,1.0,0.0,1.7027027027027026,1.1578947368421053,2.135135135135135,1.3142857142857143,1.7083333333333333,1.2352941176470589,1.7241379310344827,0.0
4491,1.0,0.0,1.7027027027027026,1.1578947368421053,2.135135135135135,1.3142857142857143,1.7083333333333333,1.2352941176470589,1.7241379310344827,0.0,0.8421052631578947
4492,0.0,1.7027027027027026,1.1578947368421053,2.135135135135135,1.3142857142857143,1.7083333333333333,1.2352941176470589,1.7241379310344827,0.0,0.8421052631578947,0.0
4493,1.7027027027027026,1.1578947368421053,2.135135135135135,1.3142857142857143,1.7083333333333333,1.2352941176470589,1.7241379310344827,0.0,0.8421052631578947,0.0,1.4
4494,1.1578947368421053,2.135135135135135,1.3142857142857143,1.7083333333333333,1.2352941176470589,1.7241379310344827,0.0,0.8421052631578947,0.0,1.4,1.1904761904761905
4495,2.135135135135135,1.3142857142857143,1.7083333333333333,1.2352941176470589,1.7241379310344827,0.0,0.8421052631578947,0.0,1.4,1.1904761904761905,0.84
4496,1.3142857142857143,1.7083333333333333,1.2352941176470589,1.7241379310344827,0.0,0.8421052631578947,0.0,1.4,1.1904761904761905,0.84,0.0
4497,1.7083333333333333,1.2352941176470589,1.7241379310344827,0.0,0.8421052631578947,0.0,1.4,1.1904761904761905,0.84,0.0,0.5
4498,1.2352941176470589,1.7241379310344827,0.0,0.8421052631578947,0.0,1.4,1.1904761904761905,0.84,0.0,0.5,1.135135135135135
4499,1.7241379310344827,0.0,0.8421052631578947,0.0,1.4,1.1904761904761905,0.84,0.0,0.5,1.135135135135135,1.135135135135135
4500,0.0,0.8421052631578947,0.0,1.4,1.1904761904761905,0.84,0.0,0.5,1.135135135135135,1.135135135135135,0.25
4501,0.8421052631578947,0.0,1.4,1.1904761904761905,0.84,0.0,0.5,1.135135135135135,1.135135135135135,0.25,1.4791666666666667
4502,0.0,1.4,1.1904761904761905,0.84,0.0,0.5,1.135135135135135,1.135135135135135,0.25,1.4791666666666667,1.0
4503,1.4,1.1904761904761905,0.84,0.0,0.5,1.135135135135135,1.135135135135135,0.25,1.4791666666666667,1.0,0.8888888888888888
4504,1.1904761904761905,0.84,0.0,0.5,1.135135135135135,1.135135135135135,0.25,1.4791666666666667,1.0,0.8888888888888888,0.6666666666666666
4505,0.84,0.0,0.5,1.135135135135135,1.135135135135135,0.25,1.4791666666666667,1.0,0.8888888888888888,0.6666666666666666,1.2058823529411764
4506,0.0,0.5,1.135135135135135,1.135135135135135,0.25,1.4791666666666667,1.0,0.8888888888888888,0.6666666666666666,1.2058823529411764,0.6842105263157895
4507,0.5,1.135135135135135,1.135135135135135,0.25,1.4791666666666667,1.0,0.8888888888888888,0.6666666666666666,1.2058823529411764,0.6842105263157895,1.9
4508,1.135135135135135,1.135135135135135,0.25,1.4791666666666667,1.0,0.8888888888888888,0.6666666666666666,1.2058823529411764,0.6842105263157895,1.9,1.4375
4509,1.135135135135135,0.25,1.4791666666666667,1.0,0.8888888888888888,0.6666666666666666,1.2058823529411764,0.6842105263157895,1.9,1.4375,0.0
4510,0.25,1.4791666666666667,1.0,0.8888888888888888,0.6666666666666666,1.2058823529411764,0.6842105263157895,1.9,1.4375,0.0,1.588235294117647
4511,1.4791666666666667,1.0,0.8888888888888888,0.6666666666666666,1.2058823529411764,0.6842105263157895,1.9,1.4375,0.0,1.588235294117647,2.6666666666666665
4512,1.0,0.8888888888888888,0.6666666666666666,1.2058823529411764,0.6842105263157895,1.9,1.4375,0.0,1.588235294117647,2.6666666666666665,0.5
4513,0.8888888888888888,0.6666666666666666,1.2058823529411764,0.6842105263157895,1.9,1.4375,0.0,1.588235294117647,2.6666666666666665,0.5,1.3076923076923077
4514,0.6666666666666666,1.2058823529411764,0.6842105263157895,1.9,1.4375,0.0,1.588235294117647,2.6666666666666665,0.5,1.3076923076923077,0.6190476190476191
4515,1.2058823529411764,0.6842105263157895,1.9,1.4375,0.0,1.588235294117647,2.6666666666666665,0.5,1.3076923076923077,0.6190476190476191,1.0
4516,0.6842105263157895,1.9,1.4375,0.0,1.588235294117647,2.6666666666666665,0.5,1.3076923076923077,0.6190476190476191,1.0,1.1428571428571428
4517,1.9,1.4375,0.0,1.588235294117647,2.6666666666666665,0.5,1.3076923076923077,0.6190476190476191,1.0,1.1428571428571428,2.0
4518,1.4375,0.0,1.588235294117647,2.6666666666666665,0.5,1.3076923076923077,0.6190476190476191,1.0,1.1428571428571428,2.0,1.25
4519,0.0,1.588235294117647,2.6666666666666665,0.5,1.3076923076923077,0.6190476190476191,1.0,1.1428571428571428,2.0,1.25,0.7142857142857143
4520,1.588235294117647,2.6666666666666665,0.5,1.3076923076923077,0.6190476190476191,1.0,1.1428571428571428,2.0,1.25,0.7142857142857143,0.5
4521,2.6666666666666665,0.5,1.3076923076923077,0.6190476190476191,1.0,1.1428571428571428,2.0,1.25,0.7142857142857143,0.5,1.0
4522,1.125,0.5,1.0,0.7142857142857143,0.6,1.1111111111111112,0.4,1.0,0.7857142857142857,0.5,1.0
4523,0.5,1.0,0.7142857142857143,0.6,1.1111111111111112,0.4,1.0,0.7857142857142857,0.5,1.0,0.2
4524,1.0,0.7142857142857143,0.6,1.1111111111111112,0.4,1.0,0.7857142857142857,0.5,1.0,0.2,1.0
4525,0.2,0.5,0.5833333333333334,1.0476190476190477,1.5714285714285714,1.4285714285714286,2.3333333333333335,0.6,0.5217391304347826,1.46875,1.0
4526,0.5,0.5833333333333334,1.0476190476190477,1.5714285714285714,1.4285714285714286,2.3333333333333335,0.6,0.5217391304347826,1.46875,1.0,0.625
4527,0.5833333333333334,1.0476190476190477,1.5714285714285714,1.4285714285714286,2.3333333333333335,0.6,0.5217391304347826,1.46875,1.0,0.625,2.111111111111111
4528,1.0476190476190477,1.5714285714285714,1.4285714285714286,2.3333333333333335,0.6,0.5217391304347826,1.46875,1.0,0.625,2.111111111111111,1.3103448275862069
4529,1.5714285714285714,1.4285714285714286,2.3333333333333335,0.6,0.5217391304347826,1.46875,1.0,0.625,2.111111111111111,1.3103448275862069,1.0833333333333333
4530,0.75,0.6428571428571429,0.14285714285714285,1.425531914893617,2.3333333333333335,1.1666666666666667,1.15,1.1935483870967742,1.3333333333333333,0.8235294117647058,0.6666666666666666
4531,0.6428571428571429,0.14285714285714285,1.425531914893617,2.3333333333333335,1.1666666666666667,1.15,1.1935483870967742,1.3333333333333333,0.8235294117647058,0.6666666666666666,1.1538461538461537
4532,0.14285714285714285,1.425531914893617,2.3333333333333335,1.1666666666666667,1.15,1.1935483870967742,1.3333333333333333,0.8235294117647058,0.6666666666666666,1.1538461538461537,0.5
4533,1.425531914893617,2.3333333333333335,1.1666666666666667,1.15,1.1935483870967742,1.3333333333333333,0.8235294117647058,0.6666666666666666,1.1538461538461537,0.5,3.4
4534,2.3333333333333335,1.1666666666666667,1.15,1.1935483870967742,1.3333333333333333,0.8235294117647058,0.6666666666666666,1.1538461538461537,0.5,3.4,0.6666666666666666
4535,1.1666666666666667,1.15,1.1935483870967742,1.3333333333333333,0.8235294117647058,0.6666666666666666,1.1538461538461537,0.5,3.4,0.6666666666666666,2.0
4536,1.15,1.1935483870967742,1.3333333333333333,0.8235294117647058,0.6666666666666666,1.1538461538461537,0.5,3.4,0.6666666666666666,2.0,0.5
4537,1.1935483870967742,1.3333333333333333,0.8235294117647058,0.6666666666666666,1.1538461538461537,0.5,3.4,0.6666666666666666,2.0,0.5,1.21875
4538,1.3333333333333333,0.8235294117647058,0.6666666666666666,1.1538461538461537,0.5,3.4,0.6666666666666666,2.0,0.5,1.21875,1.0
4539,0.8235294117647058,0.6666666666666666,1.1538461538461537,0.5,3.4,0.6666666666666666,2.0,0.5,1.21875,1.0,0.6666666666666666
4540,0.6666666666666666,1.1538461538461537,0.5,3.4,0.6666666666666666,2.0,0.5,1.21875,1.0,0.6666666666666666,1.3333333333333333
4541,1.1538461538461537,0.5,3.4,0.6666666666666666,2.0,0.5,1.21875,1.0,0.6666666666666666,1.3333333333333333,0.95
4542,0.5,3.4,0.6666666666666666,2.0,0.5,1.21875,1.0,0.6666666666666666,1.3333333333333333,0.95,0.8571428571428571
4543,3.4,0.6666666666666666,2.0,0.5,1.21875,1.0,0.6666666666666666,1.3333333333333333,0.95,0.8571428571428571,1.5555555555555556
4544,0.6666666666666666,2.0,0.5,1.21875,1.0,0.6666666666666666,1.3333333333333333,0.95,0.8571428571428571,1.5555555555555556,1.75
4545,2.0,0.5,1.21875,1.0,0.6666666666666666,1.3333333333333333,0.95,0.8571428571428571,1.5555555555555556,1.75,0.6
4546,0.5,1.21875,1.0,0.6666666666666666,1.3333333333333333,0.95,0.8571428571428571,1.5555555555555556,1.75,0.6,0.6666666666666666
4547,1.21875,1.0,0.6666666666666666,1.3333333333333333,0.95,0.8571428571428571,1.5555555555555556,1.75,0.6,0.6666666666666666,2.0
4548,1.5,0.14285714285714285,1.125,0.47058823529411764,1.25,0.625,1.2608695652173914,1.0,1.5,1.0,1.0
4549,1.8421052631578947,0.75,1.5238095238095237,0.875,1.2777777777777777,1.0,0.8888888888888888,1.3333333333333333,0.6666666666666666,0.5,0.5
4550,0.75,1.5238095238095237,0.875,1.2777777777777777,1.0,0.8888888888888888,1.3333333333333333,0.6666666666666666,0.5,0.5,0.6666666666666666
4551,1.5238095238095237,0.875,1.2777777777777777,1.0,0.8888888888888888,1.3333333333333333,0.6666666666666666,0.5,0.5,0.6666666666666666,0.5
4552,0.875,1.2777777777777777,1.0,0.8888888888888888,1.3333333333333333,0.6666666666666666,0.5,0.5,0.6666666666666666,0.5,0.9375
4553,1.2777777777777777,1.0,0.8888888888888888,1.3333333333333333,0.6666666666666666,0.5,0.5,0.6666666666666666,0.5,0.9375,0.4
4554,1.2571428571428571,2.096774193548387,2.4782608695652173,1.5789473684210527,2.1627906976744184,1.7608695652173914,1.5454545454545454,1.0555555555555556,0.8888888888888888,1.4,1.3571428571428572
4555,2.096774193548387,2.4782608695652173,1.5789473684210527,2.1627906976744184,1.7608695652173914,1.5454545454545454,1.0555555555555556,0.8888888888888888,1.4,1.3571428571428572,1.619047619047619
4556,2.4782608695652173,1.5789473684210527,2.1627906976744184,1.7608695652173914,1.5454545454545454,1.0555555555555556,0.8888888888888888,1.4,1.3571428571428572,1.619047619047619,1.5555555555555556
4557,1.5789473684210527,2.1627906976744184,1.7608695652173914,1.5454545454545454,1.0555555555555556,0.8888888888888888,1.4,1.3571428571428572,1.619047619047619,1.5555555555555556,0.0
4558,2.1627906976744184,1.7608695652173914,1.5454545454545454,1.0555555555555556,0.8888888888888888,1.4,1.3571428571428572,1.619047619047619,1.5555555555555556,0.0,1.72
4559,1.7608695652173914,1.5454545454545454,1.0555555555555556,0.8888888888888888,1.4,1.3571428571428572,1.619047619047619,1.5555555555555556,0.0,1.72,0.5
4560,1.5454545454545454,1.0555555555555556,0.8888888888888888,1.4,1.3571428571428572,1.619047619047619,1.5555555555555556,0.0,1.72,0.5,0.125
4561,1.0555555555555556,0.8888888888888888,1.4,1.3571428571428572,1.619047619047619,1.5555555555555556,0.0,1.72,0.5,0.125,1.1538461538461537
4562,0.8888888888888888,1.4,1.3571428571428572,1.619047619047619,1.5555555555555556,0.0,1.72,0.5,0.125,1.1538461538461537,0.5483870967741935
4563,1.4,1.3571428571428572,1.619047619047619,1.5555555555555556,0.0,1.72,0.5,0.125,1.1538461538461537,0.5483870967741935,1.1290322580645162
4564,1.3571428571428572,1.619047619047619,1.5555555555555556,0.0,1.72,0.5,0.125,1.1538461538461537,0.5483870967741935,1.1290322580645162,1.0909090909090908
4565,1.619047619047619,1.5555555555555556,0.0,1.72,0.5,0.125,1.1538461538461537,0.5483870967741935,1.1290322580645162,1.0909090909090908,0.6842105263157895
4566,1.5555555555555556,0.0,1.72,0.5,0.125,1.1538461538461537,0.5483870967741935,1.1290322580645162,1.0909090909090908,0.6842105263157895,1.5789473684210527
4567,0.0,1.72,0.5,0.125,1.1538461538461537,0.5483870967741935,1.1290322580645162,1.0909090909090908,0.6842105263157895,1.5789473684210527,0.8571428571428571
4568,1.72,0.5,0.125,1.1538461538461537,0.5483870967741935,1.1290322580645162,1.0909090909090908,0.6842105263157895,1.5789473684210527,0.8571428571428571,0.2
4569,0.5,0.125,1.1538461538461537,0.5483870967741935,1.1290322580645162,1.0909090909090908,0.6842105263157895,1.5789473684210527,0.8571428571428571,0.2,1.6666666666666667
4570,0.125,1.1538461538461537,0.5483870967741935,1.1290322580645162,1.0909090909090908,0.6842105263157895,1.5789473684210527,0.8571428571428571,0.2,1.6666666666666667,1.5344827586206897
4571,1.1538461538461537,0.5483870967741935,1.1290322580645162,1.0909090909090908,0.6842105263157895,1.5789473684210527,0.8571428571428571,0.2,1.6666666666666667,1.5344827586206897,1.32
4572,0.5483870967741935,1.1290322580645162,1.0909090909090908,0.6842105263157895,1.5789473684210527,0.8571428571428571,0.2,1.6666666666666667,1.5344827586206897,1.32,0.625
4573,1.1290322580645162,1.0909090909090908,0.6842105263157895,1.5789473684210527,0.8571428571428571,0.2,1.6666666666666667,1.5344827586206897,1.32,0.625,1.1428571428571428
4574,1.0909090909090908,0.6842105263157895,1.5789473684210527,0.8571428571428571,0.2,1.6666666666666667,1.5344827586206897,1.32,0.625,1.1428571428571428,1.4705882352941178
4575,0.6842105263157895,1.5789473684210527,0.8571428571428571,0.2,1.6666666666666667,1.5344827586206897,1.32,0.625,1.1428571428571428,1.4705882352941178,1.368421052631579
4576,1.0,1.849056603773585,2.375,0.6666666666666666,0.6666666666666666,1.2941176470588236,0.5,1.6428571428571428,1.85,1.793103448275862,1.1
4577,1.849056603773585,2.375,0.6666666666666666,0.6666666666666666,1.2941176470588236,0.5,1.6428571428571428,1.85,1.793103448275862,1.1,0.875
4578,2.375,0.6666666666666666,0.6666666666666666,1.2941176470588236,0.5,1.6428571428571428,1.85,1.793103448275862,1.1,0.875,1.0
4579,0.6666666666666666,0.6666666666666666,1.2941176470588236,0.5,1.6428571428571428,1.85,1.793103448275862,1.1,0.875,1.0,1.0
4580,0.6666666666666666,1.2941176470588236,0.5,1.6428571428571428,1.85,1.793103448275862,1.1,0.875,1.0,1.0,0.0
4581,1.2941176470588236,0.5,1.6428571428571428,1.85,1.793103448275862,1.1,0.875,1.0,1.0,0.0,1.7857142857142858
4582,0.5,1.6428571428571428,1.85,1.793103448275862,1.1,0.875,1.0,1.0,0.0,1.7857142857142858,1.3225806451612903
4583,1.6428571428571428,1.85,1.793103448275862,1.1,0.875,1.0,1.0,0.0,1.7857142857142858,1.3225806451612903,1.8709677419354838
4584,1.85,1.793103448275862,1.1,0.875,1.0,1.0,0.0,1.7857142857142858,1.3225806451612903,1.8709677419354838,0.8461538461538461
4585,1.793103448275862,1.1,0.875,1.0,1.0,0.0,1.7857142857142858,1.3225806451612903,1.8709677419354838,0.8461538461538461,1.1
4586,1.1,0.875,1.0,1.0,0.0,1.7857142857142858,1.3225806451612903,1.8709677419354838,0.8461538461538461,1.1,0.6666666666666666
4587,0.875,1.0,1.0,0.0,1.7857142857142858,1.3225806451612903,1.8709677419354838,0.8461538461538461,1.1,0.6666666666666666,1.6111111111111112
4588,1.0,1.0,0.0,1.7857142857142858,1.3225806451612903,1.8709677419354838,0.8461538461538461,1.1,0.6666666666666666,1.6111111111111112,0.8125
4589,1.0,0.0,1.7857142857142858,1.3225806451612903,1.8709677419354838,0.8461538461538461,1.1,0.6666666666666666,1.6111111111111112,0.8125,1.5384615384615385
4590,0.0,1.7857142857142858,1.3225806451612903,1.8709677419354838,0.8461538461538461,1.1,0.6666666666666666,1.6111111111111112,0.8125,1.5384615384615385,0.8888888888888888
4591,1.7857142857142858,1.3225806451612903,1.8709677419354838,0.8461538461538461,1.1,0.6666666666666666,1.6111111111111112,0.8125,1.5384615384615385,0.8888888888888888,2.4
4592,1.3225806451612903,1.8709677419354838,0.8461538461538461,1.1,0.6666666666666666,1.6111111111111112,0.8125,1.5384615384615385,0.8888888888888888,2.4,0.5
4593,1.8709677419354838,0.8461538461538461,1.1,0.6666666666666666,1.6111111111111112,0.8125,1.5384615384615385,0.8888888888888888,2.4,0.5,0.88
4594,0.8461538461538461,1.1,0.6666666666666666,1.6111111111111112,0.8125,1.5384615384615385,0.8888888888888888,2.4,0.5,0.88,0.0
4595,1.1,0.6666666666666666,1.6111111111111112,0.8125,1.5384615384615385,0.8888888888888888,2.4,0.5,0.88,0.0,1.2666666666666666
4596,0.6666666666666666,1.6111111111111112,0.8125,1.5384615384615385,0.8888888888888888,2.4,0.5,0.88,0.0,1.2666666666666666,1.0
4597,1.6111111111111112,0.8125,1.5384615384615385,0.8888888888888888,2.4,0.5,0.88,0.0,1.2666666666666666,1.0,0.2
4598,0.8125,1.5384615384615385,0.8888888888888888,2.4,0.5,0.88,0.0,1.2666666666666666,1.0,0.2,1.1818181818181819
4599,1.5384615384615385,0.8888888888888888,2.4,0.5,0.88,0.0,1.2666666666666666,1.0,0.2,1.1818181818181819,2.0
4600,0.8888888888888888,2.4,0.5,0.88,0.0,1.2666666666666666,1.0,0.2,1.1818181818181819,2.0,1.736842105263158
4601,2.4,0.5,0.88,0.0,1.2666666666666666,1.0,0.2,1.1818181818181819,2.0,1.736842105263158,0.5
4602,0.5,0.88,0.0,1.2666666666666666,1.0,0.2,1.1818181818181819,2.0,1.736842105263158,0.5,1.0
4603,0.88,0.0,1.2666666666666666,1.0,0.2,1.1818181818181819,2.0,1.736842105263158,0.5,1.0,1.0
4604,0.0,1.2666666666666666,1.0,0.2,1.1818181818181819,2.0,1.736842105263158,0.5,1.0,1.0,1.619047619047619
4605,1.2666666666666666,1.0,0.2,1.1818181818181819,2.0,1.736842105263158,0.5,1.0,1.0,1.619047619047619,2.769230769230769
4606,1.0,0.2,1.1818181818181819,2.0,1.736842105263158,0.5,1.0,1.0,1.619047619047619,2.769230769230769,0.3333333333333333
4607,0.2,1.1818181818181819,2.0,1.736842105263158,0.5,1.0,1.0,1.619047619047619,2.769230769230769,0.3333333333333333,1.0714285714285714
4608,1.1818181818181819,2.0,1.736842105263158,0.5,1.0,1.0,1.619047619047619,2.769230769230769,0.3333333333333333,1.0714285714285714,0.0
4609,2.0,1.736842105263158,0.5,1.0,1.0,1.619047619047619,2.769230769230769,0.3333333333333333,1.0714285714285714,0.0,0.5
4610,1.736842105263158,0.5,1.0,1.0,1.619047619047619,2.769230769230769,0.3333333333333333,1.0714285714285714,0.0,0.5,0.7777777777777778
4611,0.5,1.0,1.0,1.619047619047619,2.769230769230769,0.3333333333333333,1.0714285714285714,0.0,0.5,0.7777777777777778,0.16666666666666666
4612,1.0,1.0,1.619047619047619,2.769230769230769,0.3333333333333333,1.0714285714285714,0.0,0.5,0.7777777777777778,0.16666666666666666,1.2222222222222223
4613,1.0,1.619047619047619,2.769230769230769,0.3333333333333333,1.0714285714285714,0.0,0.5,0.7777777777777778,0.16666666666666666,1.2222222222222223,0.25
4614,1.619047619047619,2.769230769230769,0.3333333333333333,1.0714285714285714,0.0,0.5,0.7777777777777778,0.16666666666666666,1.2222222222222223,0.25,0.7777777777777778
4615,2.769230769230769,0.3333333333333333,1.0714285714285714,0.0,0.5,0.7777777777777778,0.16666666666666666,1.2222222222222223,0.25,0.7777777777777778,0.6
4616,0.3333333333333333,1.0714285714285714,0.0,0.5,0.7777777777777778,0.16666666666666666,1.2222222222222223,0.25,0.7777777777777778,0.6,1.75
4617,1.0714285714285714,0.0,0.5,0.7777777777777778,0.16666666666666666,1.2222222222222223,0.25,0.7777777777777778,0.6,1.75,0.7857142857142857
4618,0.0,0.5,0.7777777777777778,0.16666666666666666,1.2222222222222223,0.25,0.7777777777777778,0.6,1.75,0.7857142857142857,0.0
4619,0.5,0.7777777777777778,0.16666666666666666,1.2222222222222223,0.25,0.7777777777777778,0.6,1.75,0.7857142857142857,0.0,1.6666666666666667
4620,0.7777777777777778,0.16666666666666666,1.2222222222222223,0.25,0.7777777777777778,0.6,1.75,0.7857142857142857,0.0,1.6666666666666667,0.7777777777777778
4621,0.16666666666666666,1.2222222222222223,0.25,0.7777777777777778,0.6,1.75,0.7857142857142857,0.0,1.6666666666666667,0.7777777777777778,2.5
4622,1.2222222222222223,0.25,0.7777777777777778,0.6,1.75,0.7857142857142857,0.0,1.6666666666666667,0.7777777777777778,2.5,1.5
4623,0.25,0.7777777777777778,0.6,1.75,0.7857142857142857,0.0,1.6666666666666667,0.7777777777777778,2.5,1.5,1.6842105263157894
4624,0.7777777777777778,0.6,1.75,0.7857142857142857,0.0,1.6666666666666667,0.7777777777777778,2.5,1.5,1.6842105263157894,1.24
4625,0.6,1.75,0.7857142857142857,0.0,1.6666666666666667,0.7777777777777778,2.5,1.5,1.6842105263157894,1.24,1.6923076923076923
4626,1.75,0.7857142857142857,0.0,1.6666666666666667,0.7777777777777778,2.5,1.5,1.6842105263157894,1.24,1.6923076923076923,1.6285714285714286
4627,0.7857142857142857,0.0,1.6666666666666667,0.7777777777777778,2.5,1.5,1.6842105263157894,1.24,1.6923076923076923,1.6285714285714286,1.7647058823529411
4628,0.0,1.6666666666666667,0.7777777777777778,2.5,1.5,1.6842105263157894,1.24,1.6923076923076923,1.6285714285714286,1.7647058823529411,1.0
4629,1.6666666666666667,0.7777777777777778,2.5,1.5,1.6842105263157894,1.24,1.6923076923076923,1.6285714285714286,1.7647058823529411,1.0,1.55
4630,0.7777777777777778,2.5,1.5,1.6842105263157894,1.24,1.6923076923076923,1.6285714285714286,1.7647058823529411,1.0,1.55,1.793103448275862
4631,2.5,1.5,1.6842105263157894,1.24,1.6923076923076923,1.6285714285714286,1.7647058823529411,1.0,1.55,1.793103448275862,2.210526315789474
4632,1.5,1.6842105263157894,1.24,1.6923076923076923,1.6285714285714286,1.7647058823529411,1.0,1.55,1.793103448275862,2.210526315789474,1.8888888888888888
4633,1.6842105263157894,1.24,1.6923076923076923,1.6285714285714286,1.7647058823529411,1.0,1.55,1.793103448275862,2.210526315789474,1.8888888888888888,0.8571428571428571
4634,1.24,1.6923076923076923,1.6285714285714286,1.7647058823529411,1.0,1.55,1.793103448275862,2.210526315789474,1.8888888888888888,0.8571428571428571,1.25
4635,1.6923076923076923,1.6285714285714286,1.7647058823529411,1.0,1.55,1.793103448275862,2.210526315789474,1.8888888888888888,0.8571428571428571,1.25,1.6923076923076923
4636,1.6285714285714286,1.7647058823529411,1.0,1.55,1.793103448275862,2.210526315789474,1.8888888888888888,0.8571428571428571,1.25,1.6923076923076923,0.42857142857142855
4637,1.7647058823529411,1.0,1.55,1.793103448275862,2.210526315789474,1.8888888888888888,0.8571428571428571,1.25,1.6923076923076923,0.42857142857142855,1.5714285714285714
4638,1.0,1.55,1.793103448275862,2.210526315789474,1.8888888888888888,0.8571428571428571,1.25,1.6923076923076923,0.42857142857142855,1.5714285714285714,0.8571428571428571
4639,1.55,1.793103448275862,2.210526315789474,1.8888888888888888,0.8571428571428571,1.25,1.6923076923076923,0.42857142857142855,1.5714285714285714,0.8571428571428571,1.2307692307692308
4640,1.793103448275862,2.210526315789474,1.8888888888888888,0.8571428571428571,1.25,1.6923076923076923,0.42857142857142855,1.5714285714285714,0.8571428571428571,1.2307692307692308,1.1724137931034482
4641,2.210526315789474,1.8888888888888888,0.8571428571428571,1.25,1.6923076923076923,0.42857142857142855,1.5714285714285714,0.8571428571428571,1.2307692307692308,1.1724137931034482,2.1176470588235294
4642,1.8888888888888888,0.8571428571428571,1.25,1.6923076923076923,0.42857142857142855,1.5714285714285714,0.8571428571428571,1.2307692307692308,1.1724137931034482,2.1176470588235294,0.45454545454545453
4643,0.8571428571428571,1.25,1.6923076923076923,0.42857142857142855,1.5714285714285714,0.8571428571428571,1.2307692307692308,1.1724137931034482,2.1176470588235294,0.45454545454545453,1.2857142857142858
4644,1.25,1.6923076923076923,0.42857142857142855,1.5714285714285714,0.8571428571428571,1.2307692307692308,1.1724137931034482,2.1176470588235294,0.45454545454545453,1.2857142857142858,1.6
4645,1.6923076923076923,0.42857142857142855,1.5714285714285714,0.8571428571428571,1.2307692307692308,1.1724137931034482,2.1176470588235294,0.45454545454545453,1.2857142857142858,1.6,0.9473684210526315
4646,0.42857142857142855,1.5714285714285714,0.8571428571428571,1.2307692307692308,1.1724137931034482,2.1176470588235294,0.45454545454545453,1.2857142857142858,1.6,0.9473684210526315,1.7241379310344827
4647,1.5714285714285714,0.8571428571428571,1.2307692307692308,1.1724137931034482,2.1176470588235294,0.45454545454545453,1.2857142857142858,1.6,0.9473684210526315,1.7241379310344827,1.1666666666666667
4648,0.8571428571428571,1.2307692307692308,1.1724137931034482,2.1176470588235294,0.45454545454545453,1.2857142857142858,1.6,0.9473684210526315,1.7241379310344827,1.1666666666666667,0.5
4649,1.2307692307692308,1.1724137931034482,2.1176470588235294,0.45454545454545453,1.2857142857142858,1.6,0.9473684210526315,1.7241379310344827,1.1666666666666667,0.5,1.24
4650,1.1724137931034482,2.1176470588235294,0.45454545454545453,1.2857142857142858,1.6,0.9473684210526315,1.7241379310344827,1.1666666666666667,0.5,1.24,1.6557377049180328
4651,2.1176470588235294,0.45454545454545453,1.2857142857142858,1.6,0.9473684210526315,1.7241379310344827,1.1666666666666667,0.5,1.24,1.6557377049180328,1.0
4652,0.45454545454545453,1.2857142857142858,1.6,0.9473684210526315,1.7241379310344827,1.1666666666666667,0.5,1.24,1.6557377049180328,1.0,2.0
4653,1.2857142857142858,1.6,0.9473684210526315,1.7241379310344827,1.1666666666666667,0.5,1.24,1.6557377049180328,1.0,2.0,2.0588235294117645
4654,1.6,0.9473684210526315,1.7241379310344827,1.1666666666666667,0.5,1.24,1.6557377049180328,1.0,2.0,2.0588235294117645,1.1875
4655,0.9473684210526315,1.7241379310344827,1.1666666666666667,0.5,1.24,1.6557377049180328,1.0,2.0,2.0588235294117645,1.1875,0.5789473684210527
4656,1.7241379310344827,1.1666666666666667,0.5,1.24,1.6557377049180328,1.0,2.0,2.0588235294117645,1.1875,0.5789473684210527,1.6
4657,1.1666666666666667,0.5,1.24,1.6557377049180328,1.0,2.0,2.0588235294117645,1.1875,0.5789473684210527,1.6,0.75
4658,0.5,1.24,1.6557377049180328,1.0,2.0,2.0588235294117645,1.1875,0.5789473684210527,1.6,0.75,1.4444444444444444
4659,1.24,1.6557377049180328,1.0,2.0,2.0588235294117645,1.1875,0.5789473684210527,1.6,0.75,1.4444444444444444,1.6
4660,1.6557377049180328,1.0,2.0,2.0588235294117645,1.1875,0.5789473684210527,1.6,0.75,1.4444444444444444,1.6,1.6451612903225807
4661,1.0,2.0,2.0588235294117645,1.1875,0.5789473684210527,1.6,0.75,1.4444444444444444,1.6,1.6451612903225807,0.0
4662,2.0,2.0588235294117645,1.1875,0.5789473684210527,1.6,0.75,1.4444444444444444,1.6,1.6451612903225807,0.0,1.553191489361702
4663,2.0588235294117645,1.1875,0.5789473684210527,1.6,0.75,1.4444444444444444,1.6,1.6451612903225807,0.0,1.553191489361702,1.2857142857142858
4664,1.1875,0.5789473684210527,1.6,0.75,1.4444444444444444,1.6,1.6451612903225807,0.0,1.553191489361702,1.2857142857142858,1.3333333333333333
4665,0.5789473684210527,1.6,0.75,1.4444444444444444,1.6,1.6451612903225807,0.0,1.553191489361702,1.2857142857142858,1.3333333333333333,1.0
4666,1.6,0.75,1.4444444444444444,1.6,1.6451612903225807,0.0,1.553191489361702,1.2857142857142858,1.3333333333333333,1.0,0.9333333333333333
4667,0.75,1.4444444444444444,1.6,1.6451612903225807,0.0,1.553191489361702,1.2857142857142858,1.3333333333333333,1.0,0.9333333333333333,1.8596491228070176
4668,1.4444444444444444,1.6,1.6451612903225807,0.0,1.553191489361702,1.2857142857142858,1.3333333333333333,1.0,0.9333333333333333,1.8596491228070176,1.2580645161290323
4669,1.6,1.6451612903225807,0.0,1.553191489361702,1.2857142857142858,1.3333333333333333,1.0,0.9333333333333333,1.8596491228070176,1.2580645161290323,1.0
4670,1.6451612903225807,0.0,1.553191489361702,1.2857142857142858,1.3333333333333333,1.0,0.9333333333333333,1.8596491228070176,1.2580645161290323,1.0,0.0
4671,0.0,1.553191489361702,1.2857142857142858,1.3333333333333333,1.0,0.9333333333333333,1.8596491228070176,1.2580645161290323,1.0,0.0,1.2857142857142858
4672,1.553191489361702,1.2857142857142858,1.3333333333333333,1.0,0.9333333333333333,1.8596491228070176,1.2580645161290323,1.0,0.0,1.2857142857142858,0.4444444444444444
4673,1.2857142857142858,1.3333333333333333,1.0,0.9333333333333333,1.8596491228070176,1.2580645161290323,1.0,0.0,1.2857142857142858,0.4444444444444444,1.6923076923076923
4674,1.3333333333333333,1.0,0.9333333333333333,1.8596491228070176,1.2580645161290323,1.0,0.0,1.2857142857142858,0.4444444444444444,1.6923076923076923,1.8936170212765957
4675,1.0,0.9333333333333333,1.8596491228070176,1.2580645161290323,1.0,0.0,1.2857142857142858,0.4444444444444444,1.6923076923076923,1.8936170212765957,1.1428571428571428
4676,0.9333333333333333,1.8596491228070176,1.2580645161290323,1.0,0.0,1.2857142857142858,0.4444444444444444,1.6923076923076923,1.8936170212765957,1.1428571428571428,0.6
4677,1.8596491228070176,1.2580645161290323,1.0,0.0,1.2857142857142858,0.4444444444444444,1.6923076923076923,1.8936170212765957,1.1428571428571428,0.6,1.0909090909090908
4678,1.2580645161290323,1.0,0.0,1.2857142857142858,0.4444444444444444,1.6923076923076923,1.8936170212765957,1.1428571428571428,0.6,1.0909090909090908,1.95
4679,1.0,0.0,1.2857142857142858,0.4444444444444444,1.6923076923076923,1.8936170212765957,1.1428571428571428,0.6,1.0909090909090908,1.95,1.44
4680,0.0,1.2857142857142858,0.4444444444444444,1.6923076923076923,1.8936170212765957,1.1428571428571428,0.6,1.0909090909090908,1.95,1.44,0.6086956521739131
4681,1.2857142857142858,0.4444444444444444,1.6923076923076923,1.8936170212765957,1.1428571428571428,0.6,1.0909090909090908,1.95,1.44,0.6086956521739131,0.0
4682,0.4444444444444444,1.6923076923076923,1.8936170212765957,1.1428571428571428,0.6,1.0909090909090908,1.95,1.44,0.6086956521739131,0.0,2.0526315789473686
4683,1.6923076923076923,1.8936170212765957,1.1428571428571428,0.6,1.0909090909090908,1.95,1.44,0.6086956521739131,0.0,2.0526315789473686,0.8333333333333334
4684,1.8936170212765957,1.1428571428571428,0.6,1.0909090909090908,1.95,1.44,0.6086956521739131,0.0,2.0526315789473686,0.8333333333333334,1.0833333333333333
4685,1.1428571428571428,0.6,1.0909090909090908,1.95,1.44,0.6086956521739131,0.0,2.0526315789473686,0.8333333333333334,1.0833333333333333,1.0689655172413792
4686,0.6,1.0909090909090908,1.95,1.44,0.6086956521739131,0.0,2.0526315789473686,0.8333333333333334,1.0833333333333333,1.0689655172413792,1.8113207547169812
4687,1.0909090909090908,1.95,1.44,0.6086956521739131,0.0,2.0526315789473686,0.8333333333333334,1.0833333333333333,1.0689655172413792,1.8113207547169812,2.0
4688,1.95,1.44,0.6086956521739131,0.0,2.0526315789473686,0.8333333333333334,1.0833333333333333,1.0689655172413792,1.8113207547169812,2.0,0.6363636363636364
4689,1.44,0.6086956521739131,0.0,2.0526315789473686,0.8333333333333334,1.0833333333333333,1.0689655172413792,1.8113207547169812,2.0,0.6363636363636364,0.7692307692307693
4690,0.6086956521739131,0.0,2.0526315789473686,0.8333333333333334,1.0833333333333333,1.0689655172413792,1.8113207547169812,2.0,0.6363636363636364,0.7692307692307693,0.7692307692307693
4691,0.0,2.0526315789473686,0.8333333333333334,1.0833333333333333,1.0689655172413792,1.8113207547169812,2.0,0.6363636363636364,0.7692307692307693,0.7692307692307693,1.3559322033898304
4692,2.0526315789473686,0.8333333333333334,1.0833333333333333,1.0689655172413792,1.8113207547169812,2.0,0.6363636363636364,0.7692307692307693,0.7692307692307693,1.3559322033898304,0.8
4693,0.8333333333333334,1.0833333333333333,1.0689655172413792,1.8113207547169812,2.0,0.6363636363636364,0.7692307692307693,0.7692307692307693,1.3559322033898304,0.8,0.16666666666666666
4694,1.0833333333333333,1.0689655172413792,1.8113207547169812,2.0,0.6363636363636364,0.7692307692307693,0.7692307692307693,1.3559322033898304,0.8,0.16666666666666666,1.105263157894737
4695,1.0689655172413792,1.8113207547169812,2.0,0.6363636363636364,0.7692307692307693,0.7692307692307693,1.3559322033898304,0.8,0.16666666666666666,1.105263157894737,2.6666666666666665
4696,1.8113207547169812,2.0,0.6363636363636364,0.7692307692307693,0.7692307692307693,1.3559322033898304,0.8,0.16666666666666666,1.105263157894737,2.6666666666666665,0.7368421052631579
4697,2.0,0.6363636363636364,0.7692307692307693,0.7692307692307693,1.3559322033898304,0.8,0.16666666666666666,1.105263157894737,2.6666666666666665,0.7368421052631579,0.8333333333333334
4698,0.6363636363636364,0.7692307692307693,0.7692307692307693,1.3559322033898304,0.8,0.16666666666666666,1.105263157894737,2.6666666666666665,0.7368421052631579,0.8333333333333334,1.5510204081632653
4699,0.7692307692307693,0.7692307692307693,1.3559322033898304,0.8,0.16666666666666666,1.105263157894737,2.6666666666666665,0.7368421052631579,0.8333333333333334,1.5510204081632653,1.225
4700,0.7692307692307693,1.3559322033898304,0.8,0.16666666666666666,1.105263157894737,2.6666666666666665,0.7368421052631579,0.8333333333333334,1.5510204081632653,1.225,1.4736842105263157
4701,1.3559322033898304,0.8,0.16666666666666666,1.105263157894737,2.6666666666666665,0.7368421052631579,0.8333333333333334,1.5510204081632653,1.225,1.4736842105263157,1.4
4702,0.8,0.16666666666666666,1.105263157894737,2.6666666666666665,0.7368421052631579,0.8333333333333334,1.5510204081632653,1.225,1.4736842105263157,1.4,1.1578947368421053
4703,0.16666666666666666,1.105263157894737,2.6666666666666665,0.7368421052631579,0.8333333333333334,1.5510204081632653,1.225,1.4736842105263157,1.4,1.1578947368421053,1.5714285714285714
4704,1.105263157894737,2.6666666666666665,0.7368421052631579,0.8333333333333334,1.5510204081632653,1.225,1.4736842105263157,1.4,1.1578947368421053,1.5714285714285714,1.6938775510204083
4705,2.6666666666666665,0.7368421052631579,0.8333333333333334,1.5510204081632653,1.225,1.4736842105263157,1.4,1.1578947368421053,1.5714285714285714,1.6938775510204083,0.875
4706,0.7368421052631579,0.8333333333333334,1.5510204081632653,1.225,1.4736842105263157,1.4,1.1578947368421053,1.5714285714285714,1.6938775510204083,0.875,1.4878048780487805
4707,0.8333333333333334,1.5510204081632653,1.225,1.4736842105263157,1.4,1.1578947368421053,1.5714285714285714,1.6938775510204083,0.875,1.4878048780487805,1.75
4708,1.0909090909090908,1.5348837209302326,1.2745098039215685,1.3409090909090908,1.2830188679245282,1.0714285714285714,0.0,0.875,1.36,1.2666666666666666,1.0
4709,1.5348837209302326,1.2745098039215685,1.3409090909090908,1.2830188679245282,1.0714285714285714,0.0,0.875,1.36,1.2666666666666666,1.0,0.38461538461538464
4710,1.2745098039215685,1.3409090909090908,1.2830188679245282,1.0714285714285714,0.0,0.875,1.36,1.2666666666666666,1.0,0.38461538461538464,0.375
4711,1.3409090909090908,1.2830188679245282,1.0714285714285714,0.0,0.875,1.36,1.2666666666666666,1.0,0.38461538461538464,0.375,1.0
4712,1.2830188679245282,1.0714285714285714,0.0,0.875,1.36,1.2666666666666666,1.0,0.38461538461538464,0.375,1.0,0.8571428571428571
4713,1.0714285714285714,0.0,0.875,1.36,1.2666666666666666,1.0,0.38461538461538464,0.375,1.0,0.8571428571428571,1.4
4714,0.0,0.875,1.36,1.2666666666666666,1.0,0.38461538461538464,0.375,1.0,0.8571428571428571,1.4,1.5
4715,0.875,1.36,1.2666666666666666,1.0,0.38461538461538464,0.375,1.0,0.8571428571428571,1.4,1.5,1.5227272727272727
4716,1.36,1.2666666666666666,1.0,0.38461538461538464,0.375,1.0,0.8571428571428571,1.4,1.5,1.5227272727272727,1.639344262295082
4717,1.2666666666666666,1.0,0.38461538461538464,0.375,1.0,0.8571428571428571,1.4,1.5,1.5227272727272727,1.639344262295082,1.2678571428571428
4718,1.0,0.38461538461538464,0.375,1.0,0.8571428571428571,1.4,1.5,1.5227272727272727,1.639344262295082,1.2678571428571428,1.84375
4719,0.38461538461538464,0.375,1.0,0.8571428571428571,1.4,1.5,1.5227272727272727,1.639344262295082,1.2678571428571428,1.84375,0.5
4720,0.375,1.0,0.8571428571428571,1.4,1.5,1.5227272727272727,1.639344262295082,1.2678571428571428,1.84375,0.5,0.38461538461538464
4721,1.0,0.8571428571428571,1.4,1.5,1.5227272727272727,1.639344262295082,1.2678571428571428,1.84375,0.5,0.38461538461538464,1.2142857142857142
4722,0.8571428571428571,1.4,1.5,1.5227272727272727,1.639344262295082,1.2678571428571428,1.84375,0.5,0.38461538461538464,1.2142857142857142,1.2258064516129032
4723,1.4,1.5,1.5227272727272727,1.639344262295082,1.2678571428571428,1.84375,0.5,0.38461538461538464,1.2142857142857142,1.2258064516129032,1.511111111111111
4724,1.5,1.5227272727272727,1.639344262295082,1.2678571428571428,1.84375,0.5,0.38461538461538464,1.2142857142857142,1.2258064516129032,1.511111111111111,0.0
4725,1.5227272727272727,1.639344262295082,1.2678571428571428,1.84375,0.5,0.38461538461538464,1.2142857142857142,1.2258064516129032,1.511111111111111,0.0,1.2156862745098038
4726,1.639344262295082,1.2678571428571428,1.84375,0.5,0.38461538461538464,1.2142857142857142,1.2258064516129032,1.511111111111111,0.0,1.2156862745098038,0.2
4727,1.5,1.3333333333333333,1.5555555555555556,0.0,1.1666666666666667,0.0,1.7142857142857142,0.6086956521739131,0.25,0.0,0.9459459459459459
4728,1.3333333333333333,1.5555555555555556,0.0,1.1666666666666667,0.0,1.7142857142857142,0.6086956521739131,0.25,0.0,0.9459459459459459,1.5909090909090908
4729,1.5555555555555556,0.0,1.1666666666666667,0.0,1.7142857142857142,0.6086956521739131,0.25,0.0,0.9459459459459459,1.5909090909090908,1.0
4730,0.0,1.1666666666666667,0.0,1.7142857142857142,0.6086956521739131,0.25,0.0,0.9459459459459459,1.5909090909090908,1.0,2.2162162162162162
4731,0.3333333333333333,1.0,1.1363636363636365,1.3157894736842106,1.8518518518518519,1.2,1.5,0.7,1.0,2.176470588235294,1.7142857142857142
4732,1.0,1.1363636363636365,1.3157894736842106,1.8518518518518519,1.2,1.5,0.7,1.0,2.176470588235294,1.7142857142857142,1.2745098039215685
4733,1.1363636363636365,1.3157894736842106,1.8518518518518519,1.2,1.5,0.7,1.0,2.176470588235294,1.7142857142857142,1.2745098039215685,1.4166666666666667
4734,1.3157894736842106,1.8518518518518519,1.2,1.5,0.7,1.0,2.176470588235294,1.7142857142857142,1.2745098039215685,1.4166666666666667,0.625
4735,1.8518518518518519,1.2,1.5,0.7,1.0,2.176470588235294,1.7142857142857142,1.2745098039215685,1.4166666666666667,0.625,1.0
4736,1.2,1.5,0.7,1.0,2.176470588235294,1.7142857142857142,1.2745098039215685,1.4166666666666667,0.625,1.0,0.0
4737,1.5,0.7,1.0,2.176470588235294,1.7142857142857142,1.2745098039215685,1.4166666666666667,0.625,1.0,0.0,1.7777777777777777
4738,0.7,1.0,2.176470588235294,1.7142857142857142,1.2745098039215685,1.4166666666666667,0.625,1.0,0.0,1.7777777777777777,0.5263157894736842
4739,1.0,2.176470588235294,1.7142857142857142,1.2745098039215685,1.4166666666666667,0.625,1.0,0.0,1.7777777777777777,0.5263157894736842,0.8048780487804879
4740,2.176470588235294,1.7142857142857142,1.2745098039215685,1.4166666666666667,0.625,1.0,0.0,1.7777777777777777,0.5263157894736842,0.8048780487804879,0.0
4741,1.7142857142857142,1.2745098039215685,1.4166666666666667,0.625,1.0,0.0,1.7777777777777777,0.5263157894736842,0.8048780487804879,0.0,1.1304347826086956
4742,1.2745098039215685,1.4166666666666667,0.625,1.0,0.0,1.7777777777777777,0.5263157894736842,0.8048780487804879,0.0,1.1304347826086956,0.5
4743,1.4166666666666667,0.625,1.0,0.0,1.7777777777777777,0.5263157894736842,0.8048780487804879,0.0,1.1304347826086956,0.5,0.9166666666666666
4744,0.625,1.0,0.0,1.7777777777777777,0.5263157894736842,0.8048780487804879,0.0,1.1304347826086956,0.5,0.9166666666666666,0.4
4745,1.0,0.0,1.7777777777777777,0.5263157894736842,0.8048780487804879,0.0,1.1304347826086956,0.5,0.9166666666666666,0.4,1.425531914893617
4746,0.0,1.7777777777777777,0.5263157894736842,0.8048780487804879,0.0,1.1304347826086956,0.5,0.9166666666666666,0.4,1.425531914893617,0.9444444444444444
4747,1.7777777777777777,0.5263157894736842,0.8048780487804879,0.0,1.1304347826086956,0.5,0.9166666666666666,0.4,1.425531914893617,0.9444444444444444,0.0
4748,0.5263157894736842,0.8048780487804879,0.0,1.1304347826086956,0.5,0.9166666666666666,0.4,1.425531914893617,0.9444444444444444,0.0,0.25
4749,0.8048780487804879,0.0,1.1304347826086956,0.5,0.9166666666666666,0.4,1.425531914893617,0.9444444444444444,0.0,0.25,1.1346153846153846
4750,0.0,1.1304347826086956,0.5,0.9166666666666666,0.4,1.425531914893617,0.9444444444444444,0.0,0.25,1.1346153846153846,0.875
4751,1.1304347826086956,0.5,0.9166666666666666,0.4,1.425531914893617,0.9444444444444444,0.0,0.25,1.1346153846153846,0.875,0.0
4752,0.5,0.9166666666666666,0.4,1.425531914893617,0.9444444444444444,0.0,0.25,1.1346153846153846,0.875,0.0,0.7894736842105263
4753,0.9166666666666666,0.4,1.425531914893617,0.9444444444444444,0.0,0.25,1.1346153846153846,0.875,0.0,0.7894736842105263,0.5
4754,0.4,1.425531914893617,0.9444444444444444,0.0,0.25,1.1346153846153846,0.875,0.0,0.7894736842105263,0.5,1.4074074074074074
4755,1.425531914893617,0.9444444444444444,0.0,0.25,1.1346153846153846,0.875,0.0,0.7894736842105263,0.5,1.4074074074074074,0.3333333333333333
4756,0.9444444444444444,0.0,0.25,1.1346153846153846,0.875,0.0,0.7894736842105263,0.5,1.4074074074074074,0.3333333333333333,1.3148148148148149
4757,0.0,0.25,1.1346153846153846,0.875,0.0,0.7894736842105263,0.5,1.4074074074074074,0.3333333333333333,1.3148148148148149,1.2045454545454546
4758,0.25,1.1346153846153846,0.875,0.0,0.7894736842105263,0.5,1.4074074074074074,0.3333333333333333,1.3148148148148149,1.2045454545454546,0.9591836734693877
4759,1.1346153846153846,0.875,0.0,0.7894736842105263,0.5,1.4074074074074074,0.3333333333333333,1.3148148148148149,1.2045454545454546,0.9591836734693877,0.7222222222222222
4760,0.875,0.0,0.7894736842105263,0.5,1.4074074074074074,0.3333333333333333,1.3148148148148149,1.2045454545454546,0.9591836734693877,0.7222222222222222,2.6666666666666665
4761,0.0,0.7894736842105263,0.5,1.4074074074074074,0.3333333333333333,1.3148148148148149,1.2045454545454546,0.9591836734693877,0.7222222222222222,2.6666666666666665,1.4285714285714286
4762,0.7894736842105263,0.5,1.4074074074074074,0.3333333333333333,1.3148148148148149,1.2045454545454546,0.9591836734693877,0.7222222222222222,2.6666666666666665,1.4285714285714286,1.5833333333333333
4763,0.5,1.4074074074074074,0.3333333333333333,1.3148148148148149,1.2045454545454546,0.9591836734693877,0.7222222222222222,2.6666666666666665,1.4285714285714286,1.5833333333333333,0.0
4764,1.4074074074074074,0.3333333333333333,1.3148148148148149,1.2045454545454546,0.9591836734693877,0.7222222222222222,2.6666666666666665,1.4285714285714286,1.5833333333333333,0.0,0.76
4765,0.3333333333333333,1.3148148148148149,1.2045454545454546,0.9591836734693877,0.7222222222222222,2.6666666666666665,1.4285714285714286,1.5833333333333333,0.0,0.76,0.0
4766,1.3148148148148149,1.2045454545454546,0.9591836734693877,0.7222222222222222,2.6666666666666665,1.4285714285714286,1.5833333333333333,0.0,0.76,0.0,1.4
4767,1.2045454545454546,0.9591836734693877,0.7222222222222222,2.6666666666666665,1.4285714285714286,1.5833333333333333,0.0,0.76,0.0,1.4,1.6774193548387097
4768,0.9591836734693877,0.7222222222222222,2.6666666666666665,1.4285714285714286,1.5833333333333333,0.0,0.76,0.0,1.4,1.6774193548387097,1.2258064516129032
4769,0.7222222222222222,2.6666666666666665,1.4285714285714286,1.5833333333333333,0.0,0.76,0.0,1.4,1.6774193548387097,1.2258064516129032,0.5
4770,2.6666666666666665,1.4285714285714286,1.5833333333333333,0.0,0.76,0.0,1.4,1.6774193548387097,1.2258064516129032,0.5,1.3333333333333333
4771,0.3333333333333333,1.0769230769230769,1.125,0.8,1.8333333333333333,1.6666666666666667,1.625,1.25,0.9411764705882353,0.0,0.6666666666666666
4772,0.6,0.0,0.0,1.1666666666666667,6.0,0.5,1.1764705882352942,0.8571428571428571,2.0,1.5,1.3333333333333333
4773,0.0,0.0,1.1666666666666667,6.0,0.5,1.1764705882352942,0.8571428571428571,2.0,1.5,1.3333333333333333,0.9166666666666666
4774,0.0,1.1666666666666667,6.0,0.5,1.1764705882352942,0.8571428571428571,2.0,1.5,1.3333333333333333,0.9166666666666666,1.6923076923076923
4775,1.1666666666666667,6.0,0.5,1.1764705882352942,0.8571428571428571,2.0,1.5,1.3333333333333333,0.9166666666666666,1.6923076923076923,1.3333333333333333
4776,6.0,0.5,1.1764705882352942,0.8571428571428571,2.0,1.5,1.3333333333333333,0.9166666666666666,1.6923076923076923,1.3333333333333333,1.3888888888888888
4777,0.5,1.1764705882352942,0.8571428571428571,2.0,1.5,1.3333333333333333,0.9166666666666666,1.6923076923076923,1.3333333333333333,1.3888888888888888,1.9090909090909092
4778,1.1764705882352942,0.8571428571428571,2.0,1.5,1.3333333333333333,0.9166666666666666,1.6923076923076923,1.3333333333333333,1.3888888888888888,1.9090909090909092,1.25
4779,0.8571428571428571,2.0,1.5,1.3333333333333333,0.9166666666666666,1.6923076923076923,1.3333333333333333,1.3888888888888888,1.9090909090909092,1.25,0.8571428571428571
4780,2.0,1.5,1.3333333333333333,0.9166666666666666,1.6923076923076923,1.3333333333333333,1.3888888888888888,1.9090909090909092,1.25,0.8571428571428571,0.8
4781,1.5,1.3333333333333333,0.9166666666666666,1.6923076923076923,1.3333333333333333,1.3888888888888888,1.9090909090909092,1.25,0.8571428571428571,0.8,1.0909090909090908
4782,1.3333333333333333,0.9166666666666666,1.6923076923076923,1.3333333333333333,1.3888888888888888,1.9090909090909092,1.25,0.8571428571428571,0.8,1.0909090909090908,1.0
4783,0.9166666666666666,1.6923076923076923,1.3333333333333333,1.3888888888888888,1.9090909090909092,1.25,0.8571428571428571,0.8,1.0909090909090908,1.0,1.8888888888888888
4784,1.6923076923076923,1.3333333333333333,1.3888888888888888,1.9090909090909092,1.25,0.8571428571428571,0.8,1.0909090909090908,1.0,1.8888888888888888,0.8888888888888888
4785,1.3333333333333333,1.3888888888888888,1.9090909090909092,1.25,0.8571428571428571,0.8,1.0909090909090908,1.0,1.8888888888888888,0.8888888888888888,0.0
4786,1.3888888888888888,1.9090909090909092,1.25,0.8571428571428571,0.8,1.0909090909090908,1.0,1.8888888888888888,0.8888888888888888,0.0,0.5555555555555556
4787,1.6333333333333333,1.6875,1.1176470588235294,1.6842105263157894,2.4444444444444446,0.8888888888888888,0.4,1.8,0.7142857142857143,1.5,0.3333333333333333
4788,1.6875,1.1176470588235294,1.6842105263157894,2.4444444444444446,0.8888888888888888,0.4,1.8,0.7142857142857143,1.5,0.3333333333333333,1.5454545454545454
4789,1.1176470588235294,1.6842105263157894,2.4444444444444446,0.8888888888888888,0.4,1.8,0.7142857142857143,1.5,0.3333333333333333,1.5454545454545454,1.0
4790,1.6842105263157894,2.4444444444444446,0.8888888888888888,0.4,1.8,0.7142857142857143,1.5,0.3333333333333333,1.5454545454545454,1.0,0.9166666666666666
4791,2.4444444444444446,0.8888888888888888,0.4,1.8,0.7142857142857143,1.5,0.3333333333333333,1.5454545454545454,1.0,0.9166666666666666,1.5714285714285714
4792,0.8888888888888888,0.4,1.8,0.7142857142857143,1.5,0.3333333333333333,1.5454545454545454,1.0,0.9166666666666666,1.5714285714285714,1.2777777777777777
4793,0.4,1.8,0.7142857142857143,1.5,0.3333333333333333,1.5454545454545454,1.0,0.9166666666666666,1.5714285714285714,1.2777777777777777,0.875
4794,1.8,0.7142857142857143,1.5,0.3333333333333333,1.5454545454545454,1.0,0.9166666666666666,1.5714285714285714,1.2777777777777777,0.875,2.7
4795,0.7142857142857143,1.5,0.3333333333333333,1.5454545454545454,1.0,0.9166666666666666,1.5714285714285714,1.2777777777777777,0.875,2.7,0.6153846153846154
4796,1.5,0.3333333333333333,1.5454545454545454,1.0,0.9166666666666666,1.5714285714285714,1.2777777777777777,0.875,2.7,0.6153846153846154,1.2222222222222223
4797,0.3333333333333333,1.5454545454545454,1.0,0.9166666666666666,1.5714285714285714,1.2777777777777777,0.875,2.7,0.6153846153846154,1.2222222222222223,2.380952380952381
4798,1.5454545454545454,1.0,0.9166666666666666,1.5714285714285714,1.2777777777777777,0.875,2.7,0.6153846153846154,1.2222222222222223,2.380952380952381,1.4545454545454546
4799,1.0,0.9166666666666666,1.5714285714285714,1.2777777777777777,0.875,2.7,0.6153846153846154,1.2222222222222223,2.380952380952381,1.4545454545454546,0.2857142857142857
4800,0.9166666666666666,1.5714285714285714,1.2777777777777777,0.875,2.7,0.6153846153846154,1.2222222222222223,2.380952380952381,1.4545454545454546,0.2857142857142857,0.5
4801,1.5714285714285714,1.2777777777777777,0.875,2.7,0.6153846153846154,1.2222222222222223,2.380952380952381,1.4545454545454546,0.2857142857142857,0.5,1.0769230769230769
4802,1.2777777777777777,0.875,2.7,0.6153846153846154,1.2222222222222223,2.380952380952381,1.4545454545454546,0.2857142857142857,0.5,1.0769230769230769,1.9259259259259258
4803,0.875,2.7,0.6153846153846154,1.2222222222222223,2.380952380952381,1.4545454545454546,0.2857142857142857,0.5,1.0769230769230769,1.9259259259259258,1.5757575757575757
4804,2.7,0.6153846153846154,1.2222222222222223,2.380952380952381,1.4545454545454546,0.2857142857142857,0.5,1.0769230769230769,1.9259259259259258,1.5757575757575757,1.4444444444444444
4805,0.6153846153846154,1.2222222222222223,2.380952380952381,1.4545454545454546,0.2857142857142857,0.5,1.0769230769230769,1.9259259259259258,1.5757575757575757,1.4444444444444444,2.0833333333333335
4806,1.2222222222222223,2.380952380952381,1.4545454545454546,0.2857142857142857,0.5,1.0769230769230769,1.9259259259259258,1.5757575757575757,1.4444444444444444,2.0833333333333335,0.3333333333333333
4807,2.380952380952381,1.4545454545454546,0.2857142857142857,0.5,1.0769230769230769,1.9259259259259258,1.5757575757575757,1.4444444444444444,2.0833333333333335,0.3333333333333333,1.5238095238095237
4808,1.4545454545454546,0.2857142857142857,0.5,1.0769230769230769,1.9259259259259258,1.5757575757575757,1.4444444444444444,2.0833333333333335,0.3333333333333333,1.5238095238095237,0.85
4809,0.2857142857142857,0.5,1.0769230769230769,1.9259259259259258,1.5757575757575757,1.4444444444444444,2.0833333333333335,0.3333333333333333,1.5238095238095237,0.85,1.5238095238095237
4810,0.5,1.0769230769230769,1.9259259259259258,1.5757575757575757,1.4444444444444444,2.0833333333333335,0.3333333333333333,1.5238095238095237,0.85,1.5238095238095237,1.9
4811,1.0769230769230769,1.9259259259259258,1.5757575757575757,1.4444444444444444,2.0833333333333335,0.3333333333333333,1.5238095238095237,0.85,1.5238095238095237,1.9,0.6
4812,1.9259259259259258,1.5757575757575757,1.4444444444444444,2.0833333333333335,0.3333333333333333,1.5238095238095237,0.85,1.5238095238095237,1.9,0.6,0.9285714285714286
4813,1.5757575757575757,1.4444444444444444,2.0833333333333335,0.3333333333333333,1.5238095238095237,0.85,1.5238095238095237,1.9,0.6,0.9285714285714286,1.1428571428571428
4814,1.4444444444444444,2.0833333333333335,0.3333333333333333,1.5238095238095237,0.85,1.5238095238095237,1.9,0.6,0.9285714285714286,1.1428571428571428,1.1111111111111112
4815,2.0833333333333335,0.3333333333333333,1.5238095238095237,0.85,1.5238095238095237,1.9,0.6,0.9285714285714286,1.1428571428571428,1.1111111111111112,1.0555555555555556
4816,0.3333333333333333,1.5238095238095237,0.85,1.5238095238095237,1.9,0.6,0.9285714285714286,1.1428571428571428,1.1111111111111112,1.0555555555555556,2.0652173913043477
4817,1.5238095238095237,0.85,1.5238095238095237,1.9,0.6,0.9285714285714286,1.1428571428571428,1.1111111111111112,1.0555555555555556,2.0652173913043477,0.9
4818,0.85,1.5238095238095237,1.9,0.6,0.9285714285714286,1.1428571428571428,1.1111111111111112,1.0555555555555556,2.0652173913043477,0.9,1.6470588235294117
4819,1.5238095238095237,1.9,0.6,0.9285714285714286,1.1428571428571428,1.1111111111111112,1.0555555555555556,2.0652173913043477,0.9,1.6470588235294117,1.5333333333333334
4820,1.9,0.6,0.9285714285714286,1.1428571428571428,1.1111111111111112,1.0555555555555556,2.0652173913043477,0.9,1.6470588235294117,1.5333333333333334,1.4375
4821,0.6,0.9285714285714286,1.1428571428571428,1.1111111111111112,1.0555555555555556,2.0652173913043477,0.9,1.6470588235294117,1.5333333333333334,1.4375,0.375
4822,0.9285714285714286,1.1428571428571428,1.1111111111111112,1.0555555555555556,2.0652173913043477,0.9,1.6470588235294117,1.5333333333333334,1.4375,0.375,1.1290322580645162
4823,1.1428571428571428,1.1111111111111112,1.0555555555555556,2.0652173913043477,0.9,1.6470588235294117,1.5333333333333334,1.4375,0.375,1.1290322580645162,0.0
4824,0.8571428571428571,0.9090909090909091,0.0,0.42857142857142855,0.96,1.5263157894736843,0.8333333333333334,1.0769230769230769,0.5555555555555556,1.0,1.588235294117647
4825,0.9090909090909091,0.0,0.42857142857142855,0.96,1.5263157894736843,0.8333333333333334,1.0769230769230769,0.5555555555555556,1.0,1.588235294117647,1.5263157894736843
4826,0.0,0.42857142857142855,0.96,1.5263157894736843,0.8333333333333334,1.0769230769230769,0.5555555555555556,1.0,1.588235294117647,1.5263157894736843,1.2916666666666667
4827,0.42857142857142855,0.96,1.5263157894736843,0.8333333333333334,1.0769230769230769,0.5555555555555556,1.0,1.588235294117647,1.5263157894736843,1.2916666666666667,0.0
4828,0.96,1.5263157894736843,0.8333333333333334,1.0769230769230769,0.5555555555555556,1.0,1.588235294117647,1.5263157894736843,1.2916666666666667,0.0,1.0
4829,1.5263157894736843,0.8333333333333334,1.0769230769230769,0.5555555555555556,1.0,1.588235294117647,1.5263157894736843,1.2916666666666667,0.0,1.0,0.7777777777777778
4830,0.8333333333333334,1.0769230769230769,0.5555555555555556,1.0,1.588235294117647,1.5263157894736843,1.2916666666666667,0.0,1.0,0.7777777777777778,2.0
4831,1.0769230769230769,0.5555555555555556,1.0,1.588235294117647,1.5263157894736843,1.2916666666666667,0.0,1.0,0.7777777777777778,2.0,1.1818181818181819
4832,0.5555555555555556,1.0,1.588235294117647,1.5263157894736843,1.2916666666666667,0.0,1.0,0.7777777777777778,2.0,1.1818181818181819,0.6
4833,1.0,1.588235294117647,1.5263157894736843,1.2916666666666667,0.0,1.0,0.7777777777777778,2.0,1.1818181818181819,0.6,0.8823529411764706
4834,1.588235294117647,1.5263157894736843,1.2916666666666667,0.0,1.0,0.7777777777777778,2.0,1.1818181818181819,0.6,0.8823529411764706,1.3636363636363635
4835,1.5263157894736843,1.2916666666666667,0.0,1.0,0.7777777777777778,2.0,1.1818181818181819,0.6,0.8823529411764706,1.3636363636363635,0.6875
4836,1.2916666666666667,0.0,1.0,0.7777777777777778,2.0,1.1818181818181819,0.6,0.8823529411764706,1.3636363636363635,0.6875,1.368421052631579
4837,0.0,1.0,0.7777777777777778,2.0,1.1818181818181819,0.6,0.8823529411764706,1.3636363636363635,0.6875,1.368421052631579,1.25
4838,1.0,0.7777777777777778,2.0,1.1818181818181819,0.6,0.8823529411764706,1.3636363636363635,0.6875,1.368421052631579,1.25,1.3870967741935485
4839,0.7777777777777778,2.0,1.1818181818181819,0.6,0.8823529411764706,1.3636363636363635,0.6875,1.368421052631579,1.25,1.3870967741935485,1.0
4840,2.0,1.1818181818181819,0.6,0.8823529411764706,1.3636363636363635,0.6875,1.368421052631579,1.25,1.3870967741935485,1.0,2.25
4841,1.1818181818181819,0.6,0.8823529411764706,1.3636363636363635,0.6875,1.368421052631579,1.25,1.3870967741935485,1.0,2.25,0.8
4842,0.6,0.8823529411764706,1.3636363636363635,0.6875,1.368421052631579,1.25,1.3870967741935485,1.0,2.25,0.8,1.6428571428571428
4843,0.8823529411764706,1.3636363636363635,0.6875,1.368421052631579,1.25,1.3870967741935485,1.0,2.25,0.8,1.6428571428571428,1.3666666666666667
4844,1.3636363636363635,0.6875,1.368421052631579,1.25,1.3870967741935485,1.0,2.25,0.8,1.6428571428571428,1.3666666666666667,0.0
4845,0.6875,1.368421052631579,1.25,1.3870967741935485,1.0,2.25,0.8,1.6428571428571428,1.3666666666666667,0.0,0.7857142857142857
4846,1.368421052631579,1.25,1.3870967741935485,1.0,2.25,0.8,1.6428571428571428,1.3666666666666667,0.0,0.7857142857142857,0.2857142857142857
4847,1.25,1.3870967741935485,1.0,2.25,0.8,1.6428571428571428,1.3666666666666667,0.0,0.7857142857142857,0.2857142857142857,1.0
4848,1.3870967741935485,1.0,2.25,0.8,1.6428571428571428,1.3666666666666667,0.0,0.7857142857142857,0.2857142857142857,1.0,1.5384615384615385
4849,1.0,2.25,0.8,1.6428571428571428,1.3666666666666667,0.0,0.7857142857142857,0.2857142857142857,1.0,1.5384615384615385,0.42857142857142855
4850,2.25,0.8,1.6428571428571428,1.3666666666666667,0.0,0.7857142857142857,0.2857142857142857,1.0,1.5384615384615385,0.42857142857142855,1.5333333333333334
4851,0.8,1.6428571428571428,1.3666666666666667,0.0,0.7857142857142857,0.2857142857142857,1.0,1.5384615384615385,0.42857142857142855,1.5333333333333334,0.8333333333333334
4852,1.6428571428571428,1.3666666666666667,0.0,0.7857142857142857,0.2857142857142857,1.0,1.5384615384615385,0.42857142857142855,1.5333333333333334,0.8333333333333334,1.0
4853,1.1111111111111112,0.8620689655172413,1.6774193548387097,1.6486486486486487,1.3571428571428572,2.0,0.9,1.4444444444444444,0.5454545454545454,1.2352941176470589,0.3333333333333333
4854,0.8620689655172413,1.6774193548387097,1.6486486486486487,1.3571428571428572,2.0,0.9,1.4444444444444444,0.5454545454545454,1.2352941176470589,0.3333333333333333,1.0
4855,1.6774193548387097,1.6486486486486487,1.3571428571428572,2.0,0.9,1.4444444444444444,0.5454545454545454,1.2352941176470589,0.3333333333333333,1.0,1.7
4856,1.6486486486486487,1.3571428571428572,2.0,0.9,1.4444444444444444,0.5454545454545454,1.2352941176470589,0.3333333333333333,1.0,1.7,1.3333333333333333
4857,1.3571428571428572,2.0,0.9,1.4444444444444444,0.5454545454545454,1.2352941176470589,0.3333333333333333,1.0,1.7,1.3333333333333333,1.2571428571428571
4858,2.0,0.9,1.4444444444444444,0.5454545454545454,1.2352941176470589,0.3333333333333333,1.0,1.7,1.3333333333333333,1.2571428571428571,1.606060606060606
4859,0.9,1.4444444444444444,0.5454545454545454,1.2352941176470589,0.3333333333333333,1.0,1.7,1.3333333333333333,1.2571428571428571,1.606060606060606,0.9
4860,1.4444444444444444,0.5454545454545454,1.2352941176470589,0.3333333333333333,1.0,1.7,1.3333333333333333,1.2571428571428571,1.606060606060606,0.9,1.6666666666666667
4861,0.5454545454545454,1.2352941176470589,0.3333333333333333,1.0,1.7,1.3333333333333333,1.2571428571428571,1.606060606060606,0.9,1.6666666666666667,0.8
4862,1.2352941176470589,0.3333333333333333,1.0,1.7,1.3333333333333333,1.2571428571428571,1.606060606060606,0.9,1.6666666666666667,0.8,1.3333333333333333
4863,0.3333333333333333,1.0,1.7,1.3333333333333333,1.2571428571428571,1.606060606060606,0.9,1.6666666666666667,0.8,1.3333333333333333,1.0
4864,1.0,1.7,1.3333333333333333,1.2571428571428571,1.606060606060606,0.9,1.6666666666666667,0.8,1.3333333333333333,1.0,1.4054054054054055
4865,1.7,1.3333333333333333,1.2571428571428571,1.606060606060606,0.9,1.6666666666666667,0.8,1.3333333333333333,1.0,1.4054054054054055,0.3333333333333333
4866,1.3333333333333333,1.2571428571428571,1.606060606060606,0.9,1.6666666666666667,0.8,1.3333333333333333,1.0,1.4054054054054055,0.3333333333333333,0.5714285714285714
4867,1.2571428571428571,1.606060606060606,0.9,1.6666666666666667,0.8,1.3333333333333333,1.0,1.4054054054054055,0.3333333333333333,0.5714285714285714,1.0
4868,1.606060606060606,0.9,1.6666666666666667,0.8,1.3333333333333333,1.0,1.4054054054054055,0.3333333333333333,0.5714285714285714,1.0,0.9
4869,0.9,1.6666666666666667,0.8,1.3333333333333333,1.0,1.4054054054054055,0.3333333333333333,0.5714285714285714,1.0,0.9,1.0833333333333333
4870,1.6666666666666667,0.8,1.3333333333333333,1.0,1.4054054054054055,0.3333333333333333,0.5714285714285714,1.0,0.9,1.0833333333333333,1.6
4871,0.8,1.3333333333333333,1.0,1.4054054054054055,0.3333333333333333,0.5714285714285714,1.0,0.9,1.0833333333333333,1.6,0.7
4872,1.3333333333333333,1.0,1.4054054054054055,0.3333333333333333,0.5714285714285714,1.0,0.9,1.0833333333333333,1.6,0.7,1.0769230769230769
4873,1.0,1.4054054054054055,0.3333333333333333,0.5714285714285714,1.0,0.9,1.0833333333333333,1.6,0.7,1.0769230769230769,1.75
4874,1.4054054054054055,0.3333333333333333,0.5714285714285714,1.0,0.9,1.0833333333333333,1.6,0.7,1.0769230769230769,1.75,0.2
4875,0.3333333333333333,0.5714285714285714,1.0,0.9,1.0833333333333333,1.6,0.7,1.0769230769230769,1.75,0.2,0.5
4876,0.5714285714285714,1.0,0.9,1.0833333333333333,1.6,0.7,1.0769230769230769,1.75,0.2,0.5,1.5
4877,1.0,0.9,1.0833333333333333,1.6,0.7,1.0769230769230769,1.75,0.2,0.5,1.5,0.6666666666666666
4878,0.9,1.0833333333333333,1.6,0.7,1.0769230769230769,1.75,0.2,0.5,1.5,0.6666666666666666,0.9473684210526315
4879,1.0833333333333333,1.6,0.7,1.0769230769230769,1.75,0.2,0.5,1.5,0.6666666666666666,0.9473684210526315,1.3333333333333333
4880,1.6,0.7,1.0769230769230769,1.75,0.2,0.5,1.5,0.6666666666666666,0.9473684210526315,1.3333333333333333,1.0625
4881,0.7,1.0769230769230769,1.75,0.2,0.5,1.5,0.6666666666666666,0.9473684210526315,1.3333333333333333,1.0625,1.565217391304348
4882,1.0769230769230769,1.75,0.2,0.5,1.5,0.6666666666666666,0.9473684210526315,1.3333333333333333,1.0625,1.565217391304348,0.8636363636363636
4883,1.75,0.2,0.5,1.5,0.6666666666666666,0.9473684210526315,1.3333333333333333,1.0625,1.565217391304348,0.8636363636363636,1.2
4884,0.2,0.5,1.5,0.6666666666666666,0.9473684210526315,1.3333333333333333,1.0625,1.565217391304348,0.8636363636363636,1.2,1.3125
4885,0.5,1.5,0.6666666666666666,0.9473684210526315,1.3333333333333333,1.0625,1.565217391304348,0.8636363636363636,1.2,1.3125,1.2352941176470589
4886,1.5,0.6666666666666666,0.9473684210526315,1.3333333333333333,1.0625,1.565217391304348,0.8636363636363636,1.2,1.3125,1.2352941176470589,1.3333333333333333
4887,0.6666666666666666,0.9473684210526315,1.3333333333333333,1.0625,1.565217391304348,0.8636363636363636,1.2,1.3125,1.2352941176470589,1.3333333333333333,0.625
4888,0.9473684210526315,1.3333333333333333,1.0625,1.565217391304348,0.8636363636363636,1.2,1.3125,1.2352941176470589,1.3333333333333333,0.625,0.6
4889,1.3333333333333333,1.0625,1.565217391304348,0.8636363636363636,1.2,1.3125,1.2352941176470589,1.3333333333333333,0.625,0.6,1.25
4890,1.0625,1.565217391304348,0.8636363636363636,1.2,1.3125,1.2352941176470589,1.3333333333333333,0.625,0.6,1.25,1.6
4891,1.565217391304348,0.8636363636363636,1.2,1.3125,1.2352941176470589,1.3333333333333333,0.625,0.6,1.25,1.6,1.1818181818181819
4892,0.8636363636363636,1.2,1.3125,1.2352941176470589,1.3333333333333333,0.625,0.6,1.25,1.6,1.1818181818181819,1.4444444444444444
4893,1.2,1.3125,1.2352941176470589,1.3333333333333333,0.625,0.6,1.25,1.6,1.1818181818181819,1.4444444444444444,1.6153846153846154
4894,1.3125,1.2352941176470589,1.3333333333333333,0.625,0.6,1.25,1.6,1.1818181818181819,1.4444444444444444,1.6153846153846154,2.5
4895,1.2352941176470589,1.3333333333333333,0.625,0.6,1.25,1.6,1.1818181818181819,1.4444444444444444,1.6153846153846154,2.5,1.25
4896,1.3333333333333333,0.625,0.6,1.25,1.6,1.1818181818181819,1.4444444444444444,1.6153846153846154,2.5,1.25,1.2162162162162162
4897,0.625,0.6,1.25,1.6,1.1818181818181819,1.4444444444444444,1.6153846153846154,2.5,1.25,1.2162162162162162,1.5
4898,0.6,1.25,1.6,1.1818181818181819,1.4444444444444444,1.6153846153846154,2.5,1.25,1.2162162162162162,1.5,0.0
4899,1.25,1.6,1.1818181818181819,1.4444444444444444,1.6153846153846154,2.5,1.25,1.2162162162162162,1.5,0.0,0.5
4900,1.6,1.1818181818181819,1.4444444444444444,1.6153846153846154,2.5,1.25,1.2162162162162162,1.5,0.0,0.5,1.2666666666666666
4901,1.1818181818181819,1.4444444444444444,1.6153846153846154,2.5,1.25,1.2162162162162162,1.5,0.0,0.5,1.2666666666666666,1.1666666666666667
4902,1.4444444444444444,1.6153846153846154,2.5,1.25,1.2162162162162162,1.5,0.0,0.5,1.2666666666666666,1.1666666666666667,1.0833333333333333
4903,1.6153846153846154,2.5,1.25,1.2162162162162162,1.5,0.0,0.5,1.2666666666666666,1.1666666666666667,1.0833333333333333,1.1333333333333333
4904,2.5,1.25,1.2162162162162162,1.5,0.0,0.5,1.2666666666666666,1.1666666666666667,1.0833333333333333,1.1333333333333333,0.7777777777777778
4905,1.25,1.2162162162162162,1.5,0.0,0.5,1.2666666666666666,1.1666666666666667,1.0833333333333333,1.1333333333333333,0.7777777777777778,1.1904761904761905
4906,1.2162162162162162,1.5,0.0,0.5,1.2666666666666666,1.1666666666666667,1.0833333333333333,1.1333333333333333,0.7777777777777778,1.1904761904761905,1.2432432432432432
4907,1.5,0.0,0.5,1.2666666666666666,1.1666666666666667,1.0833333333333333,1.1333333333333333,0.7777777777777778,1.1904761904761905,1.2432432432432432,1.25
4908,0.0,0.5,1.2666666666666666,1.1666666666666667,1.0833333333333333,1.1333333333333333,0.7777777777777778,1.1904761904761905,1.2432432432432432,1.25,0.8333333333333334
4909,0.5,1.2666666666666666,1.1666666666666667,1.0833333333333333,1.1333333333333333,0.7777777777777778,1.1904761904761905,1.2432432432432432,1.25,0.8333333333333334,1.3478260869565217
4910,1.2666666666666666,1.1666666666666667,1.0833333333333333,1.1333333333333333,0.7777777777777778,1.1904761904761905,1.2432432432432432,1.25,0.8333333333333334,1.3478260869565217,1.2093023255813953
4911,1.1666666666666667,1.0833333333333333,1.1333333333333333,0.7777777777777778,1.1904761904761905,1.2432432432432432,1.25,0.8333333333333334,1.3478260869565217,1.2093023255813953,1.3548387096774193
4912,1.0833333333333333,1.1333333333333333,0.7777777777777778,1.1904761904761905,1.2432432432432432,1.25,0.8333333333333334,1.3478260869565217,1.2093023255813953,1.3548387096774193,1.36
4913,1.1333333333333333,0.7777777777777778,1.1904761904761905,1.2432432432432432,1.25,0.8333333333333334,1.3478260869565217,1.2093023255813953,1.3548387096774193,1.36,1.04
4914,0.7777777777777778,1.1904761904761905,1.2432432432432432,1.25,0.8333333333333334,1.3478260869565217,1.2093023255813953,1.3548387096774193,1.36,1.04,0.3333333333333333
4915,1.1904761904761905,1.2432432432432432,1.25,0.8333333333333334,1.3478260869565217,1.2093023255813953,1.3548387096774193,1.36,1.04,0.3333333333333333,0.6666666666666666
4916,0.8,1.3043478260869565,1.5,1.3043478260869565,0.8,0.3333333333333333,0.6666666666666666,1.0,1.75,1.2222222222222223,1.1379310344827587
4917,1.3043478260869565,1.5,1.3043478260869565,0.8,0.3333333333333333,0.6666666666666666,1.0,1.75,1.2222222222222223,1.1379310344827587,1.125
4918,1.5,1.3043478260869565,0.8,0.3333333333333333,0.6666666666666666,1.0,1.75,1.2222222222222223,1.1379310344827587,1.125,1.0
4919,1.25,0.5,1.0,0.5714285714285714,0.6666666666666666,1.3333333333333333,0.45454545454545453,0.2,0.5,1.2105263157894737,0.0
4920,0.8666666666666667,1.0833333333333333,1.3333333333333333,0.5,1.0,1.875,1.0,1.1538461538461537,0.5454545454545454,1.0833333333333333,0.35714285714285715
4921,1.0833333333333333,1.3333333333333333,0.5,1.0,1.875,1.0,1.1538461538461537,0.5454545454545454,1.0833333333333333,0.35714285714285715,0.0
4922,1.3333333333333333,0.5,1.0,1.875,1.0,1.1538461538461537,0.5454545454545454,1.0833333333333333,0.35714285714285715,0.0,1.4285714285714286
4923,0.5,1.0,1.875,1.0,1.1538461538461537,0.5454545454545454,1.0833333333333333,0.35714285714285715,0.0,1.4285714285714286,0.5
4924,1.0,1.875,1.0,1.1538461538461537,0.5454545454545454,1.0833333333333333,0.35714285714285715,0.0,1.4285714285714286,0.5,0.0
4925,1.875,1.0,1.1538461538461537,0.5454545454545454,1.0833333333333333,0.35714285714285715,0.0,1.4285714285714286,0.5,0.0,1.5365853658536586
4926,1.0,1.1538461538461537,0.5454545454545454,1.0833333333333333,0.35714285714285715,0.0,1.4285714285714286,0.5,0.0,1.5365853658536586,1.3076923076923077
4927,1.1538461538461537,0.5454545454545454,1.0833333333333333,0.35714285714285715,0.0,1.4285714285714286,0.5,0.0,1.5365853658536586,1.3076923076923077,0.0
4928,0.5454545454545454,1.0833333333333333,0.35714285714285715,0.0,1.4285714285714286,0.5,0.0,1.5365853658536586,1.3076923076923077,0.0,1.619047619047619
4929,1.0833333333333333,0.35714285714285715,0.0,1.4285714285714286,0.5,0.0,1.5365853658536586,1.3076923076923077,0.0,1.619047619047619,0.0
4930,0.35714285714285715,0.0,1.4285714285714286,0.5,0.0,1.5365853658536586,1.3076923076923077,0.0,1.619047619047619,0.0,1.5
4931,0.0,1.4285714285714286,0.5,0.0,1.5365853658536586,1.3076923076923077,0.0,1.619047619047619,0.0,1.5,0.8
4932,1.4285714285714286,0.5,0.0,1.5365853658536586,1.3076923076923077,0.0,1.619047619047619,0.0,1.5,0.8,0.3333333333333333
4933,0.5,0.0,1.5365853658536586,1.3076923076923077,0.0,1.619047619047619,0.0,1.5,0.8,0.3333333333333333,1.625
4934,0.0,1.5365853658536586,1.3076923076923077,0.0,1.619047619047619,0.0,1.5,0.8,0.3333333333333333,1.625,0.5714285714285714
4935,1.5365853658536586,1.3076923076923077,0.0,1.619047619047619,0.0,1.5,0.8,0.3333333333333333,1.625,0.5714285714285714,0.625
4936,1.3076923076923077,0.0,1.619047619047619,0.0,1.5,0.8,0.3333333333333333,1.625,0.5714285714285714,0.625,0.6428571428571429
4937,0.0,1.619047619047619,0.0,1.5,0.8,0.3333333333333333,1.625,0.5714285714285714,0.625,0.6428571428571429,1.4166666666666667
4938,1.619047619047619,0.0,1.5,0.8,0.3333333333333333,1.625,0.5714285714285714,0.625,0.6428571428571429,1.4166666666666667,2.0444444444444443
4939,0.0,1.5,0.8,0.3333333333333333,1.625,0.5714285714285714,0.625,0.6428571428571429,1.4166666666666667,2.0444444444444443,0.0
4940,1.5,0.8,0.3333333333333333,1.625,0.5714285714285714,0.625,0.6428571428571429,1.4166666666666667,2.0444444444444443,0.0,2.1538461538461537
4941,0.8,0.3333333333333333,1.625,0.5714285714285714,0.625,0.6428571428571429,1.4166666666666667,2.0444444444444443,0.0,2.1538461538461537,1.3333333333333333
4942,0.3333333333333333,1.625,0.5714285714285714,0.625,0.6428571428571429,1.4166666666666667,2.0444444444444443,0.0,2.1538461538461537,1.3333333333333333,1.5
4943,1.625,0.5714285714285714,0.625,0.6428571428571429,1.4166666666666667,2.0444444444444443,0.0,2.1538461538461537,1.3333333333333333,1.5,1.2666666666666666
4944,0.5714285714285714,0.625,0.6428571428571429,1.4166666666666667,2.0444444444444443,0.0,2.1538461538461537,1.3333333333333333,1.5,1.2666666666666666,1.173913043478261
4945,0.625,0.6428571428571429,1.4166666666666667,2.0444444444444443,0.0,2.1538461538461537,1.3333333333333333,1.5,1.2666666666666666,1.173913043478261,1.4242424242424243
4946,0.6428571428571429,1.4166666666666667,2.0444444444444443,0.0,2.1538461538461537,1.3333333333333333,1.5,1.2666666666666666,1.173913043478261,1.4242424242424243,1.3333333333333333
4947,1.4166666666666667,2.0444444444444443,0.0,2.1538461538461537,1.3333333333333333,1.5,1.2666666666666666,1.173913043478261,1.4242424242424243,1.3333333333333333,1.6666666666666667
4948,2.0444444444444443,0.0,2.1538461538461537,1.3333333333333333,1.5,1.2666666666666666,1.173913043478261,1.4242424242424243,1.3333333333333333,1.6666666666666667,0.9166666666666666
4949,0.0,2.1538461538461537,1.3333333333333333,1.5,1.2666666666666666,1.173913043478261,1.4242424242424243,1.3333333333333333,1.6666666666666667,0.9166666666666666,1.56
4950,2.1538461538461537,1.3333333333333333,1.5,1.2666666666666666,1.173913043478261,1.4242424242424243,1.3333333333333333,1.6666666666666667,0.9166666666666666,1.56,1.2727272727272727
4951,1.3333333333333333,1.5,1.2666666666666666,1.173913043478261,1.4242424242424243,1.3333333333333333,1.6666666666666667,0.9166666666666666,1.56,1.2727272727272727,1.2222222222222223
4952,1.5,1.2666666666666666,1.173913043478261,1.4242424242424243,1.3333333333333333,1.6666666666666667,0.9166666666666666,1.56,1.2727272727272727,1.2222222222222223,1.1935483870967742
4953,1.2666666666666666,1.173913043478261,1.4242424242424243,1.3333333333333333,1.6666666666666667,0.9166666666666666,1.56,1.2727272727272727,1.2222222222222223,1.1935483870967742,0.8888888888888888
4954,1.173913043478261,1.4242424242424243,1.3333333333333333,1.6666666666666667,0.9166666666666666,1.56,1.2727272727272727,1.2222222222222223,1.1935483870967742,0.8888888888888888,1.0
4955,1.4242424242424243,1.3333333333333333,1.6666666666666667,0.9166666666666666,1.56,1.2727272727272727,1.2222222222222223,1.1935483870967742,0.8888888888888888,1.0,1.2
4956,1.3333333333333333,1.6666666666666667,0.9166666666666666,1.56,1.2727272727272727,1.2222222222222223,1.1935483870967742,0.8888888888888888,1.0,1.2,1.3157894736842106
4957,1.6666666666666667,0.9166666666666666,1.56,1.2727272727272727,1.2222222222222223,1.1935483870967742,0.8888888888888888,1.0,1.2,1.3157894736842106,1.4666666666666666
4958,0.9166666666666666,1.56,1.2727272727272727,1.2222222222222223,1.1935483870967742,0.8888888888888888,1.0,1.2,1.3157894736842106,1.4666666666666666,0.8888888888888888
4959,1.56,1.2727272727272727,1.2222222222222223,1.1935483870967742,0.8888888888888888,1.0,1.2,1.3157894736842106,1.4666666666666666,0.8888888888888888,0.25
4960,1.2727272727272727,1.2222222222222223,1.1935483870967742,0.8888888888888888,1.0,1.2,1.3157894736842106,1.4666666666666666,0.8888888888888888,0.25,1.024390243902439
4961,1.2222222222222223,1.1935483870967742,0.8888888888888888,1.0,1.2,1.3157894736842106,1.4666666666666666,0.8888888888888888,0.25,1.024390243902439,2.0
4962,1.1935483870967742,0.8888888888888888,1.0,1.2,1.3157894736842106,1.4666666666666666,0.8888888888888888,0.25,1.024390243902439,2.0,1.6551724137931034
4963,0.8888888888888888,1.0,1.2,1.3157894736842106,1.4666666666666666,0.8888888888888888,0.25,1.024390243902439,2.0,1.6551724137931034,0.3333333333333333
4964,1.0,1.2,1.3157894736842106,1.4666666666666666,0.8888888888888888,0.25,1.024390243902439,2.0,1.6551724137931034,0.3333333333333333,1.0625
4965,1.2,1.3157894736842106,1.4666666666666666,0.8888888888888888,0.25,1.024390243902439,2.0,1.6551724137931034,0.3333333333333333,1.0625,1.4615384615384615
4966,1.3157894736842106,1.4666666666666666,0.8888888888888888,0.25,1.024390243902439,2.0,1.6551724137931034,0.3333333333333333,1.0625,1.4615384615384615,1.967741935483871
4967,1.4666666666666666,0.8888888888888888,0.25,1.024390243902439,2.0,1.6551724137931034,0.3333333333333333,1.0625,1.4615384615384615,1.967741935483871,1.1020408163265305
4968,0.8888888888888888,0.25,1.024390243902439,2.0,1.6551724137931034,0.3333333333333333,1.0625,1.4615384615384615,1.967741935483871,1.1020408163265305,1.2857142857142858
4969,0.25,1.024390243902439,2.0,1.6551724137931034,0.3333333333333333,1.0625,1.4615384615384615,1.967741935483871,1.1020408163265305,1.2857142857142858,1.8421052631578947
4970,1.024390243902439,2.0,1.6551724137931034,0.3333333333333333,1.0625,1.4615384615384615,1.967741935483871,1.1020408163265305,1.2857142857142858,1.8421052631578947,1.5
4971,2.0,1.6551724137931034,0.3333333333333333,1.0625,1.4615384615384615,1.967741935483871,1.1020408163265305,1.2857142857142858,1.8421052631578947,1.5,0.5555555555555556
4972,1.6551724137931034,0.3333333333333333,1.0625,1.4615384615384615,1.967741935483871,1.1020408163265305,1.2857142857142858,1.8421052631578947,1.5,0.5555555555555556,0.8
4973,0.3333333333333333,1.0625,1.4615384615384615,1.967741935483871,1.1020408163265305,1.2857142857142858,1.8421052631578947,1.5,0.5555555555555556,0.8,2.037037037037037
4974,1.0625,1.4615384615384615,1.967741935483871,1.1020408163265305,1.2857142857142858,1.8421052631578947,1.5,0.5555555555555556,0.8,2.037037037037037,1.736842105263158
4975,1.4615384615384615,1.967741935483871,1.1020408163265305,1.2857142857142858,1.8421052631578947,1.5,0.5555555555555556,0.8,2.037037037037037,1.736842105263158,1.5294117647058822
4976,1.967741935483871,1.1020408163265305,1.2857142857142858,1.8421052631578947,1.5,0.5555555555555556,0.8,2.037037037037037,1.736842105263158,1.5294117647058822,1.0
4977,1.1020408163265305,1.2857142857142858,1.8421052631578947,1.5,0.5555555555555556,0.8,2.037037037037037,1.736842105263158,1.5294117647058822,1.0,1.1111111111111112
4978,1.2857142857142858,1.8421052631578947,1.5,0.5555555555555556,0.8,2.037037037037037,1.736842105263158,1.5294117647058822,1.0,1.1111111111111112,0.0
4979,1.8421052631578947,1.5,0.5555555555555556,0.8,2.037037037037037,1.736842105263158,1.5294117647058822,1.0,1.1111111111111112,0.0,1.0
4980,1.5,0.5555555555555556,0.8,2.037037037037037,1.736842105263158,1.5294117647058822,1.0,1.1111111111111112,0.0,1.0,0.7142857142857143
4981,0.5555555555555556,0.8,2.037037037037037,1.736842105263158,1.5294117647058822,1.0,1.1111111111111112,0.0,1.0,0.7142857142857143,0.47619047619047616
4982,0.8,2.037037037037037,1.736842105263158,1.5294117647058822,1.0,1.1111111111111112,0.0,1.0,0.7142857142857143,0.47619047619047616,0.0
4983,2.037037037037037,1.736842105263158,1.5294117647058822,1.0,1.1111111111111112,0.0,1.0,0.7142857142857143,0.47619047619047616,0.0,1.1764705882352942
4984,1.736842105263158,1.5294117647058822,1.0,1.1111111111111112,0.0,1.0,0.7142857142857143,0.47619047619047616,0.0,1.1764705882352942,1.2142857142857142
4985,1.5294117647058822,1.0,1.1111111111111112,0.0,1.0,0.7142857142857143,0.47619047619047616,0.0,1.1764705882352942,1.2142857142857142,1.6
4986,1.0,1.1111111111111112,0.0,1.0,0.7142857142857143,0.47619047619047616,0.0,1.1764705882352942,1.2142857142857142,1.6,1.0344827586206897
4987,1.1111111111111112,0.0,1.0,0.7142857142857143,0.47619047619047616,0.0,1.1764705882352942,1.2142857142857142,1.6,1.0344827586206897,0.8333333333333334
4988,0.0,1.0,0.7142857142857143,0.47619047619047616,0.0,1.1764705882352942,1.2142857142857142,1.6,1.0344827586206897,0.8333333333333334,2.5
4989,1.0,0.7142857142857143,0.47619047619047616,0.0,1.1764705882352942,1.2142857142857142,1.6,1.0344827586206897,0.8333333333333334,2.5,1.6521739130434783
4990,0.7142857142857143,0.47619047619047616,0.0,1.1764705882352942,1.2142857142857142,1.6,1.0344827586206897,0.8333333333333334,2.5,1.6521739130434783,2.1
4991,0.47619047619047616,0.0,1.1764705882352942,1.2142857142857142,1.6,1.0344827586206897,0.8333333333333334,2.5,1.6521739130434783,2.1,1.5294117647058822
4992,0.0,1.1764705882352942,1.2142857142857142,1.6,1.0344827586206897,0.8333333333333334,2.5,1.6521739130434783,2.1,1.5294117647058822,1.1764705882352942
4993,1.1764705882352942,1.2142857142857142,1.6,1.0344827586206897,0.8333333333333334,2.5,1.6521739130434783,2.1,1.5294117647058822,1.1764705882352942,0.7692307692307693
4994,1.2142857142857142,1.6,1.0344827586206897,0.8333333333333334,2.5,1.6521739130434783,2.1,1.5294117647058822,1.1764705882352942,0.7692307692307693,1.1666666666666667
4995,1.6,1.0344827586206897,0.8333333333333334,2.5,1.6521739130434783,2.1,1.5294117647058822,1.1764705882352942,0.7692307692307693,1.1666666666666667,1.6818181818181819
4996,1.0344827586206897,0.8333333333333334,2.5,1.6521739130434783,2.1,1.5294117647058822,1.1764705882352942,0.7692307692307693,1.1666666666666667,1.6818181818181819,0.875
4997,0.8333333333333334,2.5,1.6521739130434783,2.1,1.5294117647058822,1.1764705882352942,0.7692307692307693,1.1666666666666667,1.6818181818181819,0.875,0.6666666666666666
4998,2.5,1.6521739130434783,2.1,1.5294117647058822,1.1764705882352942,0.7692307692307693,1.1666666666666667,1.6818181818181819,0.875,0.6666666666666666,1.3333333333333333
4999,1.6521739130434783,2.1,1.5294117647058822,1.1764705882352942,0.7692307692307693,1.1666666666666667,1.6818181818181819,0.875,0.6666666666666666,1.3333333333333333,1.2173913043478262
5000,2.1,1.5294117647058822,1.1764705882352942,0.7692307692307693,1.1666666666666667,1.6818181818181819,0.875,0.6666666666666666,1.3333333333333333,1.2173913043478262,0.9545454545454546
5001,1.5294117647058822,1.1764705882352942,0.7692307692307693,1.1666666666666667,1.6818181818181819,0.875,0.6666666666666666,1.3333333333333333,1.2173913043478262,0.9545454545454546,2.0
5002,1.1764705882352942,0.7692307692307693,1.1666666666666667,1.6818181818181819,0.875,0.6666666666666666,1.3333333333333333,1.2173913043478262,0.9545454545454546,2.0,1.2
5003,0.7692307692307693,1.1666666666666667,1.6818181818181819,0.875,0.6666666666666666,1.3333333333333333,1.2173913043478262,0.9545454545454546,2.0,1.2,1.8888888888888888
5004,1.1666666666666667,1.6818181818181819,0.875,0.6666666666666666,1.3333333333333333,1.2173913043478262,0.9545454545454546,2.0,1.2,1.8888888888888888,0.8
5005,1.6818181818181819,0.875,0.6666666666666666,1.3333333333333333,1.2173913043478262,0.9545454545454546,2.0,1.2,1.8888888888888888,0.8,1.0
5006,0.875,0.6666666666666666,1.3333333333333333,1.2173913043478262,0.9545454545454546,2.0,1.2,1.8888888888888888,0.8,1.0,1.1923076923076923
5007,0.6666666666666666,1.3333333333333333,1.2173913043478262,0.9545454545454546,2.0,1.2,1.8888888888888888,0.8,1.0,1.1923076923076923,0.625
5008,1.3333333333333333,1.2173913043478262,0.9545454545454546,2.0,1.2,1.8888888888888888,0.8,1.0,1.1923076923076923,0.625,1.3888888888888888
5009,1.2173913043478262,0.9545454545454546,2.0,1.2,1.8888888888888888,0.8,1.0,1.1923076923076923,0.625,1.3888888888888888,1.3333333333333333
5010,0.9545454545454546,2.0,1.2,1.8888888888888888,0.8,1.0,1.1923076923076923,0.625,1.3888888888888888,1.3333333333333333,1.0
5011,2.0,1.2,1.8888888888888888,0.8,1.0,1.1923076923076923,0.625,1.3888888888888888,1.3333333333333333,1.0,1.574468085106383
5012,1.2,1.8888888888888888,0.8,1.0,1.1923076923076923,0.625,1.3888888888888888,1.3333333333333333,1.0,1.574468085106383,1.5
5013,1.8888888888888888,0.8,1.0,1.1923076923076923,0.625,1.3888888888888888,1.3333333333333333,1.0,1.574468085106383,1.5,1.5789473684210527
5014,0.8,1.0,1.1923076923076923,0.625,1.3888888888888888,1.3333333333333333,1.0,1.574468085106383,1.5,1.5789473684210527,1.03125
5015,1.0,1.1923076923076923,0.625,1.3888888888888888,1.3333333333333333,1.0,1.574468085106383,1.5,1.5789473684210527,1.03125,1.4
5016,1.1923076923076923,0.625,1.3888888888888888,1.3333333333333333,1.0,1.574468085106383,1.5,1.5789473684210527,1.03125,1.4,1.0555555555555556
5017,0.625,1.3888888888888888,1.3333333333333333,1.0,1.574468085106383,1.5,1.5789473684210527,1.03125,1.4,1.0555555555555556,1.320754716981132
5018,1.3888888888888888,1.3333333333333333,1.0,1.574468085106383,1.5,1.5789473684210527,1.03125,1.4,1.0555555555555556,1.320754716981132,2.4210526315789473
5019,1.3333333333333333,1.0,1.574468085106383,1.5,1.5789473684210527,1.03125,1.4,1.0555555555555556,1.320754716981132,2.4210526315789473,0.0
5020,1.0,1.574468085106383,1.5,1.5789473684210527,1.03125,1.4,1.0555555555555556,1.320754716981132,2.4210526315789473,0.0,1.25
5021,1.574468085106383,1.5,1.5789473684210527,1.03125,1.4,1.0555555555555556,1.320754716981132,2.4210526315789473,0.0,1.25,0.0
5022,1.5,1.5789473684210527,1.03125,1.4,1.0555555555555556,1.320754716981132,2.4210526315789473,0.0,1.25,0.0,0.2
5023,1.5789473684210527,1.03125,1.4,1.0555555555555556,1.320754716981132,2.4210526315789473,0.0,1.25,0.0,0.2,1.1666666666666667
5024,1.03125,1.4,1.0555555555555556,1.320754716981132,2.4210526315789473,0.0,1.25,0.0,0.2,1.1666666666666667,0.75
5025,1.4,1.0555555555555556,1.320754716981132,2.4210526315789473,0.0,1.25,0.0,0.2,1.1666666666666667,0.75,1.71875
5026,1.0555555555555556,1.320754716981132,2.4210526315789473,0.0,1.25,0.0,0.2,1.1666666666666667,0.75,1.71875,1.4666666666666666
5027,1.320754716981132,2.4210526315789473,0.0,1.25,0.0,0.2,1.1666666666666667,0.75,1.71875,1.4666666666666666,1.4545454545454546
5028,2.4210526315789473,0.0,1.25,0.0,0.2,1.1666666666666667,0.75,1.71875,1.4666666666666666,1.4545454545454546,1.4385964912280702
5029,0.0,1.25,0.0,0.2,1.1666666666666667,0.75,1.71875,1.4666666666666666,1.4545454545454546,1.4385964912280702,0.4
5030,1.25,0.0,0.2,1.1666666666666667,0.75,1.71875,1.4666666666666666,1.4545454545454546,1.4385964912280702,0.4,1.4285714285714286
5031,0.0,0.2,1.1666666666666667,0.75,1.71875,1.4666666666666666,1.4545454545454546,1.4385964912280702,0.4,1.4285714285714286,0.25
5032,0.2,1.1666666666666667,0.75,1.71875,1.4666666666666666,1.4545454545454546,1.4385964912280702,0.4,1.4285714285714286,0.25,1.0
5033,1.1666666666666667,0.75,1.71875,1.4666666666666666,1.4545454545454546,1.4385964912280702,0.4,1.4285714285714286,0.25,1.0,1.0
5034,0.75,1.71875,1.4666666666666666,1.4545454545454546,1.4385964912280702,0.4,1.4285714285714286,0.25,1.0,1.0,0.6666666666666666
5035,1.71875,1.4666666666666666,1.4545454545454546,1.4385964912280702,0.4,1.4285714285714286,0.25,1.0,1.0,0.6666666666666666,0.75
5036,1.4666666666666666,1.4545454545454546,1.4385964912280702,0.4,1.4285714285714286,0.25,1.0,1.0,0.6666666666666666,0.75,0.6
5037,1.4545454545454546,1.4385964912280702,0.4,1.4285714285714286,0.25,1.0,1.0,0.6666666666666666,0.75,0.6,1.04
5038,1.4385964912280702,0.4,1.4285714285714286,0.25,1.0,1.0,0.6666666666666666,0.75,0.6,1.04,1.3846153846153846
5039,0.4,1.4285714285714286,0.25,1.0,1.0,0.6666666666666666,0.75,0.6,1.04,1.3846153846153846,1.92
5040,1.4285714285714286,0.25,1.0,1.0,0.6666666666666666,0.75,0.6,1.04,1.3846153846153846,1.92,1.7419354838709677
5041,0.25,1.0,1.0,0.6666666666666666,0.75,0.6,1.04,1.3846153846153846,1.92,1.7419354838709677,1.8888888888888888
5042,1.0,1.0,0.6666666666666666,0.75,0.6,1.04,1.3846153846153846,1.92,1.7419354838709677,1.8888888888888888,0.16666666666666666
5043,1.0,0.6666666666666666,0.75,0.6,1.04,1.3846153846153846,1.92,1.7419354838709677,1.8888888888888888,0.16666666666666666,1.4
5044,0.6666666666666666,0.75,0.6,1.04,1.3846153846153846,1.92,1.7419354838709677,1.8888888888888888,0.16666666666666666,1.4,1.1666666666666667
5045,0.75,0.6,1.04,1.3846153846153846,1.92,1.7419354838709677,1.8888888888888888,0.16666666666666666,1.4,1.1666666666666667,0.5
5046,0.6,1.04,1.3846153846153846,1.92,1.7419354838709677,1.8888888888888888,0.16666666666666666,1.4,1.1666666666666667,0.5,1.263157894736842
5047,1.04,1.3846153846153846,1.92,1.7419354838709677,1.8888888888888888,0.16666666666666666,1.4,1.1666666666666667,0.5,1.263157894736842,1.2857142857142858
5048,1.3846153846153846,1.92,1.7419354838709677,1.8888888888888888,0.16666666666666666,1.4,1.1666666666666667,0.5,1.263157894736842,1.2857142857142858,2.2857142857142856
5049,1.92,1.7419354838709677,1.8888888888888888,0.16666666666666666,1.4,1.1666666666666667,0.5,1.263157894736842,1.2857142857142858,2.2857142857142856,1.9166666666666667
5050,1.7419354838709677,1.8888888888888888,0.16666666666666666,1.4,1.1666666666666667,0.5,1.263157894736842,1.2857142857142858,2.2857142857142856,1.9166666666666667,1.5
5051,1.8888888888888888,0.16666666666666666,1.4,1.1666666666666667,0.5,1.263157894736842,1.2857142857142858,2.2857142857142856,1.9166666666666667,1.5,1.8076923076923077
5052,0.16666666666666666,1.4,1.1666666666666667,0.5,1.263157894736842,1.2857142857142858,2.2857142857142856,1.9166666666666667,1.5,1.8076923076923077,1.0952380952380953
5053,1.4,1.1666666666666667,0.5,1.263157894736842,1.2857142857142858,2.2857142857142856,1.9166666666666667,1.5,1.8076923076923077,1.0952380952380953,1.2727272727272727
5054,1.1666666666666667,0.5,1.263157894736842,1.2857142857142858,2.2857142857142856,1.9166666666666667,1.5,1.8076923076923077,1.0952380952380953,1.2727272727272727,2.0
5055,0.5,1.263157894736842,1.2857142857142858,2.2857142857142856,1.9166666666666667,1.5,1.8076923076923077,1.0952380952380953,1.2727272727272727,2.0,1.5555555555555556
5056,1.263157894736842,1.2857142857142858,2.2857142857142856,1.9166666666666667,1.5,1.8076923076923077,1.0952380952380953,1.2727272727272727,2.0,1.5555555555555556,2.3125
5057,1.2857142857142858,2.2857142857142856,1.9166666666666667,1.5,1.8076923076923077,1.0952380952380953,1.2727272727272727,2.0,1.5555555555555556,2.3125,2.0238095238095237
5058,0.2,1.0909090909090908,0.75,1.3636363636363635,1.4285714285714286,2.125,1.1666666666666667,1.096774193548387,1.0,1.6,1.1538461538461537
5059,1.0909090909090908,0.75,1.3636363636363635,1.4285714285714286,2.125,1.1666666666666667,1.096774193548387,1.0,1.6,1.1538461538461537,0.875
5060,0.75,1.3636363636363635,1.4285714285714286,2.125,1.1666666666666667,1.096774193548387,1.0,1.6,1.1538461538461537,0.875,1.7
5061,1.3636363636363635,1.4285714285714286,2.125,1.1666666666666667,1.096774193548387,1.0,1.6,1.1538461538461537,0.875,1.7,1.0
5062,1.4285714285714286,2.125,1.1666666666666667,1.096774193548387,1.0,1.6,1.1538461538461537,0.875,1.7,1.0,0.5714285714285714
5063,2.125,1.1666666666666667,1.096774193548387,1.0,1.6,1.1538461538461537,0.875,1.7,1.0,0.5714285714285714,0.8
5064,1.1666666666666667,1.096774193548387,1.0,1.6,1.1538461538461537,0.875,1.7,1.0,0.5714285714285714,0.8,0.625
5065,1.096774193548387,1.0,1.6,1.1538461538461537,0.875,1.7,1.0,0.5714285714285714,0.8,0.625,1.3333333333333333
5066,1.0,1.6,1.1538461538461537,0.875,1.7,1.0,0.5714285714285714,0.8,0.625,1.3333333333333333,0.47368421052631576
5067,1.6,1.1538461538461537,0.875,1.7,1.0,0.5714285714285714,0.8,0.625,1.3333333333333333,0.47368421052631576,0.2
5068,1.1538461538461537,0.875,1.7,1.0,0.5714285714285714,0.8,0.625,1.3333333333333333,0.47368421052631576,0.2,0.875
5069,0.875,1.7,1.0,0.5714285714285714,0.8,0.625,1.3333333333333333,0.47368421052631576,0.2,0.875,0.6666666666666666
5070,1.25,1.0,0.5,3.0,0.6363636363636364,0.6666666666666666,1.5,1.5,0.5,0.6666666666666666,1.2
5071,1.0,0.5,3.0,0.6363636363636364,0.6666666666666666,1.5,1.5,0.5,0.6666666666666666,1.2,0.5
5072,0.5,3.0,0.6363636363636364,0.6666666666666666,1.5,1.5,0.5,0.6666666666666666,1.2,0.5,1.5
5073,3.0,0.6363636363636364,0.6666666666666666,1.5,1.5,0.5,0.6666666666666666,1.2,0.5,1.5,1.0
5074,0.6363636363636364,0.6666666666666666,1.5,1.5,0.5,0.6666666666666666,1.2,0.5,1.5,1.0,2.0
5075,0.6666666666666666,1.5,1.5,0.5,0.6666666666666666,1.2,0.5,1.5,1.0,2.0,0.3333333333333333
5076,1.2,0.47058823529411764,0.0,0.6666666666666666,1.0909090909090908,1.5909090909090908,0.85,0.75,1.4545454545454546,1.1,2.1739130434782608
5077,0.47058823529411764,0.0,0.6666666666666666,1.0909090909090908,1.5909090909090908,0.85,0.75,1.4545454545454546,1.1,2.1739130434782608,1.2580645161290323
5078,0.0,0.6666666666666666,1.0909090909090908,1.5909090909090908,0.85,0.75,1.4545454545454546,1.1,2.1739130434782608,1.2580645161290323,1.625
5079,0.6666666666666666,1.0909090909090908,1.5909090909090908,0.85,0.75,1.4545454545454546,1.1,2.1739130434782608,1.2580645161290323,1.625,2.0
5080,1.0909090909090908,1.5909090909090908,0.85,0.75,1.4545454545454546,1.1,2.1739130434782608,1.2580645161290323,1.625,2.0,0.42857142857142855
5081,1.5909090909090908,0.85,0.75,1.4545454545454546,1.1,2.1739130434782608,1.2580645161290323,1.625,2.0,0.42857142857142855,1.6
5082,0.85,0.75,1.4545454545454546,1.1,2.1739130434782608,1.2580645161290323,1.625,2.0,0.42857142857142855,1.6,0.0
5083,0.75,1.4545454545454546,1.1,2.1739130434782608,1.2580645161290323,1.625,2.0,0.42857142857142855,1.6,0.0,1.1111111111111112
5084,1.4545454545454546,1.1,2.1739130434782608,1.2580645161290323,1.625,2.0,0.42857142857142855,1.6,0.0,1.1111111111111112,1.3333333333333333
5085,1.1,2.1739130434782608,1.2580645161290323,1.625,2.0,0.42857142857142855,1.6,0.0,1.1111111111111112,1.3333333333333333,1.4
5086,2.1739130434782608,1.2580645161290323,1.625,2.0,0.42857142857142855,1.6,0.0,1.1111111111111112,1.3333333333333333,1.4,1.3636363636363635
5087,1.2580645161290323,1.625,2.0,0.42857142857142855,1.6,0.0,1.1111111111111112,1.3333333333333333,1.4,1.3636363636363635,1.3888888888888888
5088,1.625,2.0,0.42857142857142855,1.6,0.0,1.1111111111111112,1.3333333333333333,1.4,1.3636363636363635,1.3888888888888888,1.125
5089,2.0,0.42857142857142855,1.6,0.0,1.1111111111111112,1.3333333333333333,1.4,1.3636363636363635,1.3888888888888888,1.125,0.0
5090,0.42857142857142855,1.6,0.0,1.1111111111111112,1.3333333333333333,1.4,1.3636363636363635,1.3888888888888888,1.125,0.0,0.25
5091,1.6,0.0,1.1111111111111112,1.3333333333333333,1.4,1.3636363636363635,1.3888888888888888,1.125,0.0,0.25,2.35
5092,0.0,1.1111111111111112,1.3333333333333333,1.4,1.3636363636363635,1.3888888888888888,1.125,0.0,0.25,2.35,0.5
5093,1.1111111111111112,1.3333333333333333,1.4,1.3636363636363635,1.3888888888888888,1.125,0.0,0.25,2.35,0.5,2.272727272727273
5094,1.3333333333333333,1.4,1.3636363636363635,1.3888888888888888,1.125,0.0,0.25,2.35,0.5,2.272727272727273,1.8181818181818181
5095,1.4,1.3636363636363635,1.3888888888888888,1.125,0.0,0.25,2.35,0.5,2.272727272727273,1.8181818181818181,1.9210526315789473
5096,1.3636363636363635,1.3888888888888888,1.125,0.0,0.25,2.35,0.5,2.272727272727273,1.8181818181818181,1.9210526315789473,1.5833333333333333
5097,1.3888888888888888,1.125,0.0,0.25,2.35,0.5,2.272727272727273,1.8181818181818181,1.9210526315789473,1.5833333333333333,2.6666666666666665
5098,1.125,0.0,0.25,2.35,0.5,2.272727272727273,1.8181818181818181,1.9210526315789473,1.5833333333333333,2.6666666666666665,1.3076923076923077
5099,0.0,0.25,2.35,0.5,2.272727272727273,1.8181818181818181,1.9210526315789473,1.5833333333333333,2.6666666666666665,1.3076923076923077,1.0952380952380953
5100,0.25,2.35,0.5,2.272727272727273,1.8181818181818181,1.9210526315789473,1.5833333333333333,2.6666666666666665,1.3076923076923077,1.0952380952380953,1.1875
5101,2.35,0.5,2.272727272727273,1.8181818181818181,1.9210526315789473,1.5833333333333333,2.6666666666666665,1.3076923076923077,1.0952380952380953,1.1875,1.2307692307692308
5102,0.5,2.272727272727273,1.8181818181818181,1.9210526315789473,1.5833333333333333,2.6666666666666665,1.3076923076923077,1.0952380952380953,1.1875,1.2307692307692308,0.0
5103,2.272727272727273,1.8181818181818181,1.9210526315789473,1.5833333333333333,2.6666666666666665,1.3076923076923077,1.0952380952380953,1.1875,1.2307692307692308,0.0,0.0
5104,1.8181818181818181,1.9210526315789473,1.5833333333333333,2.6666666666666665,1.3076923076923077,1.0952380952380953,1.1875,1.2307692307692308,0.0,0.0,1.0869565217391304
5105,1.9210526315789473,1.5833333333333333,2.6666666666666665,1.3076923076923077,1.0952380952380953,1.1875,1.2307692307692308,0.0,0.0,1.0869565217391304,1.7317073170731707
5106,1.5833333333333333,2.6666666666666665,1.3076923076923077,1.0952380952380953,1.1875,1.2307692307692308,0.0,0.0,1.0869565217391304,1.7317073170731707,2.0
5107,2.6666666666666665,1.3076923076923077,1.0952380952380953,1.1875,1.2307692307692308,0.0,0.0,1.0869565217391304,1.7317073170731707,2.0,1.2777777777777777
5108,1.3076923076923077,1.0952380952380953,1.1875,1.2307692307692308,0.0,0.0,1.0869565217391304,1.7317073170731707,2.0,1.2777777777777777,2.473684210526316
5109,1.0952380952380953,1.1875,1.2307692307692308,0.0,0.0,1.0869565217391304,1.7317073170731707,2.0,1.2777777777777777,2.473684210526316,1.4
5110,1.1875,1.2307692307692308,0.0,0.0,1.0869565217391304,1.7317073170731707,2.0,1.2777777777777777,2.473684210526316,1.4,1.3333333333333333
5111,1.2307692307692308,0.0,0.0,1.0869565217391304,1.7317073170731707,2.0,1.2777777777777777,2.473684210526316,1.4,1.3333333333333333,1.8
5112,0.0,0.0,1.0869565217391304,1.7317073170731707,2.0,1.2777777777777777,2.473684210526316,1.4,1.3333333333333333,1.8,1.25
5113,0.0,1.0869565217391304,1.7317073170731707,2.0,1.2777777777777777,2.473684210526316,1.4,1.3333333333333333,1.8,1.25,1.972972972972973
5114,1.0869565217391304,1.7317073170731707,2.0,1.2777777777777777,2.473684210526316,1.4,1.3333333333333333,1.8,1.25,1.972972972972973,0.0
5115,1.7317073170731707,2.0,1.2777777777777777,2.473684210526316,1.4,1.3333333333333333,1.8,1.25,1.972972972972973,0.0,2.4838709677419355
5116,2.0,1.2777777777777777,2.473684210526316,1.4,1.3333333333333333,1.8,1.25,1.972972972972973,0.0,2.4838709677419355,1.3636363636363635
5117,1.2777777777777777,2.473684210526316,1.4,1.3333333333333333,1.8,1.25,1.972972972972973,0.0,2.4838709677419355,1.3636363636363635,1.8387096774193548
5118,2.473684210526316,1.4,1.3333333333333333,1.8,1.25,1.972972972972973,0.0,2.4838709677419355,1.3636363636363635,1.8387096774193548,1.1
5119,1.4,1.3333333333333333,1.8,1.25,1.972972972972973,0.0,2.4838709677419355,1.3636363636363635,1.8387096774193548,1.1,1.146341463414634
5120,1.3333333333333333,1.8,1.25,1.972972972972973,0.0,2.4838709677419355,1.3636363636363635,1.8387096774193548,1.1,1.146341463414634,0.16666666666666666
5121,1.8,1.25,1.972972972972973,0.0,2.4838709677419355,1.3636363636363635,1.8387096774193548,1.1,1.146341463414634,0.16666666666666666,1.1
5122,1.25,1.972972972972973,0.0,2.4838709677419355,1.3636363636363635,1.8387096774193548,1.1,1.146341463414634,0.16666666666666666,1.1,2.0
5123,1.972972972972973,0.0,2.4838709677419355,1.3636363636363635,1.8387096774193548,1.1,1.146341463414634,0.16666666666666666,1.1,2.0,1.9473684210526316
5124,0.0,2.4838709677419355,1.3636363636363635,1.8387096774193548,1.1,1.146341463414634,0.16666666666666666,1.1,2.0,1.9473684210526316,1.7142857142857142
5125,2.4838709677419355,1.3636363636363635,1.8387096774193548,1.1,1.146341463414634,0.16666666666666666,1.1,2.0,1.9473684210526316,1.7142857142857142,2.125
5126,1.3636363636363635,1.8387096774193548,1.1,1.146341463414634,0.16666666666666666,1.1,2.0,1.9473684210526316,1.7142857142857142,2.125,1.5384615384615385
5127,1.8387096774193548,1.1,1.146341463414634,0.16666666666666666,1.1,2.0,1.9473684210526316,1.7142857142857142,2.125,1.5384615384615385,1.0769230769230769
5128,1.1,1.146341463414634,0.16666666666666666,1.1,2.0,1.9473684210526316,1.7142857142857142,2.125,1.5384615384615385,1.0769230769230769,2.0
5129,1.146341463414634,0.16666666666666666,1.1,2.0,1.9473684210526316,1.7142857142857142,2.125,1.5384615384615385,1.0769230769230769,2.0,1.894736842105263
5130,0.16666666666666666,1.1,2.0,1.9473684210526316,1.7142857142857142,2.125,1.5384615384615385,1.0769230769230769,2.0,1.894736842105263,3.0
5131,1.1,2.0,1.9473684210526316,1.7142857142857142,2.125,1.5384615384615385,1.0769230769230769,2.0,1.894736842105263,3.0,0.2857142857142857
5132,2.0,1.9473684210526316,1.7142857142857142,2.125,1.5384615384615385,1.0769230769230769,2.0,1.894736842105263,3.0,0.2857142857142857,1.6153846153846154
5133,1.9473684210526316,1.7142857142857142,2.125,1.5384615384615385,1.0769230769230769,2.0,1.894736842105263,3.0,0.2857142857142857,1.6153846153846154,1.5714285714285714
5134,1.7142857142857142,2.125,1.5384615384615385,1.0769230769230769,2.0,1.894736842105263,3.0,0.2857142857142857,1.6153846153846154,1.5714285714285714,2.25
5135,2.125,1.5384615384615385,1.0769230769230769,2.0,1.894736842105263,3.0,0.2857142857142857,1.6153846153846154,1.5714285714285714,2.25,0.0
5136,1.5384615384615385,1.0769230769230769,2.0,1.894736842105263,3.0,0.2857142857142857,1.6153846153846154,1.5714285714285714,2.25,0.0,0.25
5137,1.0769230769230769,2.0,1.894736842105263,3.0,0.2857142857142857,1.6153846153846154,1.5714285714285714,2.25,0.0,0.25,0.5
5138,2.0,1.894736842105263,3.0,0.2857142857142857,1.6153846153846154,1.5714285714285714,2.25,0.0,0.25,0.5,1.9
5139,1.894736842105263,3.0,0.2857142857142857,1.6153846153846154,1.5714285714285714,2.25,0.0,0.25,0.5,1.9,1.2333333333333334
5140,3.0,0.2857142857142857,1.6153846153846154,1.5714285714285714,2.25,0.0,0.25,0.5,1.9,1.2333333333333334,1.44
5141,0.2857142857142857,1.6153846153846154,1.5714285714285714,2.25,0.0,0.25,0.5,1.9,1.2333333333333334,1.44,1.0454545454545454
5142,1.6153846153846154,1.5714285714285714,2.25,0.0,0.25,0.5,1.9,1.2333333333333334,1.44,1.0454545454545454,1.5454545454545454
5143,1.5714285714285714,2.25,0.0,0.25,0.5,1.9,1.2333333333333334,1.44,1.0454545454545454,1.5454545454545454,0.6666666666666666
5144,2.25,0.0,0.25,0.5,1.9,1.2333333333333334,1.44,1.0454545454545454,1.5454545454545454,0.6666666666666666,0.5
5145,0.0,0.25,0.5,1.9,1.2333333333333334,1.44,1.0454545454545454,1.5454545454545454,0.6666666666666666,0.5,0.5
5146,0.25,0.5,1.9,1.2333333333333334,1.44,1.0454545454545454,1.5454545454545454,0.6666666666666666,0.5,0.5,0.4
5147,0.5,1.9,1.2333333333333334,1.44,1.0454545454545454,1.5454545454545454,0.6666666666666666,0.5,0.5,0.4,0.8888888888888888
5148,1.9,1.2333333333333334,1.44,1.0454545454545454,1.5454545454545454,0.6666666666666666,0.5,0.5,0.4,0.8888888888888888,1.6666666666666667
5149,1.2333333333333334,1.44,1.0454545454545454,1.5454545454545454,0.6666666666666666,0.5,0.5,0.4,0.8888888888888888,1.6666666666666667,0.8888888888888888
5150,1.44,1.0454545454545454,1.5454545454545454,0.6666666666666666,0.5,0.5,0.4,0.8888888888888888,1.6666666666666667,0.8888888888888888,1.702127659574468
5151,1.0454545454545454,1.5454545454545454,0.6666666666666666,0.5,0.5,0.4,0.8888888888888888,1.6666666666666667,0.8888888888888888,1.702127659574468,1.0
5152,1.5454545454545454,0.6666666666666666,0.5,0.5,0.4,0.8888888888888888,1.6666666666666667,0.8888888888888888,1.702127659574468,1.0,1.4782608695652173
5153,0.6666666666666666,0.5,0.5,0.4,0.8888888888888888,1.6666666666666667,0.8888888888888888,1.702127659574468,1.0,1.4782608695652173,1.1333333333333333
5154,0.5,0.5,0.4,0.8888888888888888,1.6666666666666667,0.8888888888888888,1.702127659574468,1.0,1.4782608695652173,1.1333333333333333,1.6666666666666667
5155,0.5,0.4,0.8888888888888888,1.6666666666666667,0.8888888888888888,1.702127659574468,1.0,1.4782608695652173,1.1333333333333333,1.6666666666666667,2.5555555555555554
5156,0.4,0.8888888888888888,1.6666666666666667,0.8888888888888888,1.702127659574468,1.0,1.4782608695652173,1.1333333333333333,1.6666666666666667,2.5555555555555554,1.4285714285714286
5157,0.8888888888888888,1.6666666666666667,0.8888888888888888,1.702127659574468,1.0,1.4782608695652173,1.1333333333333333,1.6666666666666667,2.5555555555555554,1.4285714285714286,1.3043478260869565
5158,1.6666666666666667,0.8888888888888888,1.702127659574468,1.0,1.4782608695652173,1.1333333333333333,1.6666666666666667,2.5555555555555554,1.4285714285714286,1.3043478260869565,2.103448275862069
5159,0.8888888888888888,1.702127659574468,1.0,1.4782608695652173,1.1333333333333333,1.6666666666666667,2.5555555555555554,1.4285714285714286,1.3043478260869565,2.103448275862069,2.0
5160,1.702127659574468,1.0,1.4782608695652173,1.1333333333333333,1.6666666666666667,2.5555555555555554,1.4285714285714286,1.3043478260869565,2.103448275862069,2.0,3.0
5161,1.0,1.4782608695652173,1.1333333333333333,1.6666666666666667,2.5555555555555554,1.4285714285714286,1.3043478260869565,2.103448275862069,2.0,3.0,1.2857142857142858
5162,1.4782608695652173,1.1333333333333333,1.6666666666666667,2.5555555555555554,1.4285714285714286,1.3043478260869565,2.103448275862069,2.0,3.0,1.2857142857142858,0.7
5163,1.1333333333333333,1.6666666666666667,2.5555555555555554,1.4285714285714286,1.3043478260869565,2.103448275862069,2.0,3.0,1.2857142857142858,0.7,1.0
5164,1.6666666666666667,2.5555555555555554,1.4285714285714286,1.3043478260869565,2.103448275862069,2.0,3.0,1.2857142857142858,0.7,1.0,2.0
5165,2.5555555555555554,1.4285714285714286,1.3043478260869565,2.103448275862069,2.0,3.0,1.2857142857142858,0.7,1.0,2.0,1.5714285714285714
5166,1.4285714285714286,1.3043478260869565,2.103448275862069,2.0,3.0,1.2857142857142858,0.7,1.0,2.0,1.5714285714285714,1.9615384615384615
5167,1.3043478260869565,2.103448275862069,2.0,3.0,1.2857142857142858,0.7,1.0,2.0,1.5714285714285714,1.9615384615384615,2.375
5168,2.103448275862069,2.0,3.0,1.2857142857142858,0.7,1.0,2.0,1.5714285714285714,1.9615384615384615,2.375,1.8125
5169,2.0,3.0,1.2857142857142858,0.7,1.0,2.0,1.5714285714285714,1.9615384615384615,2.375,1.8125,2.0
5170,0.0,1.0,1.3846153846153846,1.0,0.8235294117647058,1.0,1.75,2.5,0.2,0.0,0.0
5171,1.0,1.3846153846153846,1.0,0.8235294117647058,1.0,1.75,2.5,0.2,0.0,0.0,1.0
5172,1.3846153846153846,1.0,0.8235294117647058,1.0,1.75,2.5,0.2,0.0,0.0,1.0,1.2
5173,1.0,0.8235294117647058,1.0,1.75,2.5,0.2,0.0,0.0,1.0,1.2,2.3333333333333335
5174,0.8235294117647058,1.0,1.75,2.5,0.2,0.0,0.0,1.0,1.2,2.3333333333333335,0.6
5175,1.0,1.75,2.5,0.2,0.0,0.0,1.0,1.2,2.3333333333333335,0.6,1.0
5176,1.75,2.5,0.2,0.0,0.0,1.0,1.2,2.3333333333333335,0.6,1.0,0.75
5177,2.5,0.2,0.0,0.0,1.0,1.2,2.3333333333333335,0.6,1.0,0.75,0.3333333333333333
5178,0.2,0.0,0.0,1.0,1.2,2.3333333333333335,0.6,1.0,0.75,0.3333333333333333,0.5
5179,0.90625,1.2413793103448276,1.3333333333333333,1.0833333333333333,1.25,1.4,0.0,1.375,0.8333333333333334,1.0,0.5
5180,1.2413793103448276,1.3333333333333333,1.0833333333333333,1.25,1.4,0.0,1.375,0.8333333333333334,1.0,0.5,1.15625
5181,1.3333333333333333,1.0833333333333333,1.25,1.4,0.0,1.375,0.8333333333333334,1.0,0.5,1.15625,0.5
5182,1.0833333333333333,1.25,1.4,0.0,1.375,0.8333333333333334,1.0,0.5,1.15625,0.5,0.8888888888888888
5183,1.25,1.4,0.0,1.375,0.8333333333333334,1.0,0.5,1.15625,0.5,0.8888888888888888,0.8571428571428571
5184,1.4,0.0,1.375,0.8333333333333334,1.0,0.5,1.15625,0.5,0.8888888888888888,0.8571428571428571,1.0
5185,0.0,1.375,0.8333333333333334,1.0,0.5,1.15625,0.5,0.8888888888888888,0.8571428571428571,1.0,0.3333333333333333
5186,1.375,0.8333333333333334,1.0,0.5,1.15625,0.5,0.8888888888888888,0.8571428571428571,1.0,0.3333333333333333,0.5
5187,0.8333333333333334,1.0,0.5,1.15625,0.5,0.8888888888888888,0.8571428571428571,1.0,0.3333333333333333,0.5,0.7
5188,1.0,0.5,1.15625,0.5,0.8888888888888888,0.8571428571428571,1.0,0.3333333333333333,0.5,0.7,1.2903225806451613
5189,0.5,1.15625,0.5,0.8888888888888888,0.8571428571428571,1.0,0.3333333333333333,0.5,0.7,1.2903225806451613,1.0476190476190477
5190,1.15625,0.5,0.8888888888888888,0.8571428571428571,1.0,0.3333333333333333,0.5,0.7,1.2903225806451613,1.0476190476190477,2.4
5191,0.5,0.8888888888888888,0.8571428571428571,1.0,0.3333333333333333,0.5,0.7,1.2903225806451613,1.0476190476190477,2.4,1.0
5192,0.8888888888888888,0.8571428571428571,1.0,0.3333333333333333,0.5,0.7,1.2903225806451613,1.0476190476190477,2.4,1.0,0.4166666666666667
5193,0.8571428571428571,1.0,0.3333333333333333,0.5,0.7,1.2903225806451613,1.0476190476190477,2.4,1.0,0.4166666666666667,1.6
5194,1.0,0.3333333333333333,0.5,0.7,1.2903225806451613,1.0476190476190477,2.4,1.0,0.4166666666666667,1.6,1.0
5195,0.3333333333333333,0.5,0.7,1.2903225806451613,1.0476190476190477,2.4,1.0,0.4166666666666667,1.6,1.0,1.25
5196,0.5,0.7,1.2903225806451613,1.0476190476190477,2.4,1.0,0.4166666666666667,1.6,1.0,1.25,1.1363636363636365
5197,0.7,1.2903225806451613,1.0476190476190477,2.4,1.0,0.4166666666666667,1.6,1.0,1.25,1.1363636363636365,0.4444444444444444
5198,1.2903225806451613,1.0476190476190477,2.4,1.0,0.4166666666666667,1.6,1.0,1.25,1.1363636363636365,0.4444444444444444,0.7037037037037037
5199,1.0476190476190477,2.4,1.0,0.4166666666666667,1.6,1.0,1.25,1.1363636363636365,0.4444444444444444,0.7037037037037037,1.2
5200,2.4,1.0,0.4166666666666667,1.6,1.0,1.25,1.1363636363636365,0.4444444444444444,0.7037037037037037,1.2,1.411764705882353
5201,1.0,0.4166666666666667,1.6,1.0,1.25,1.1363636363636365,0.4444444444444444,0.7037037037037037,1.2,1.411764705882353,1.5
5202,0.4166666666666667,1.6,1.0,1.25,1.1363636363636365,0.4444444444444444,0.7037037037037037,1.2,1.411764705882353,1.5,1.7083333333333333
5203,1.6,1.0,1.25,1.1363636363636365,0.4444444444444444,0.7037037037037037,1.2,1.411764705882353,1.5,1.7083333333333333,1.5172413793103448
5204,1.0,1.25,1.1363636363636365,0.4444444444444444,0.7037037037037037,1.2,1.411764705882353,1.5,1.7083333333333333,1.5172413793103448,1.0
5205,1.25,1.1363636363636365,0.4444444444444444,0.7037037037037037,1.2,1.411764705882353,1.5,1.7083333333333333,1.5172413793103448,1.0,1.0
5206,1.1363636363636365,0.4444444444444444,0.7037037037037037,1.2,1.411764705882353,1.5,1.7083333333333333,1.5172413793103448,1.0,1.0,0.3333333333333333
5207,0.4444444444444444,0.7037037037037037,1.2,1.411764705882353,1.5,1.7083333333333333,1.5172413793103448,1.0,1.0,0.3333333333333333,1.65
5208,0.7037037037037037,1.2,1.411764705882353,1.5,1.7083333333333333,1.5172413793103448,1.0,1.0,0.3333333333333333,1.65,1.5909090909090908
5209,1.2,1.411764705882353,1.5,1.7083333333333333,1.5172413793103448,1.0,1.0,0.3333333333333333,1.65,1.5909090909090908,1.4615384615384615
5210,1.411764705882353,1.5,1.7083333333333333,1.5172413793103448,1.0,1.0,0.3333333333333333,1.65,1.5909090909090908,1.4615384615384615,1.0625
5211,1.5,1.7083333333333333,1.5172413793103448,1.0,1.0,0.3333333333333333,1.65,1.5909090909090908,1.4615384615384615,1.0625,1.2857142857142858
5212,1.7083333333333333,1.5172413793103448,1.0,1.0,0.3333333333333333,1.65,1.5909090909090908,1.4615384615384615,1.0625,1.2857142857142858,0.918918918918919
5213,1.5172413793103448,1.0,1.0,0.3333333333333333,1.65,1.5909090909090908,1.4615384615384615,1.0625,1.2857142857142858,0.918918918918919,0.0
5214,1.0,1.0,0.3333333333333333,1.65,1.5909090909090908,1.4615384615384615,1.0625,1.2857142857142858,0.918918918918919,0.0,0.0
5215,1.0,0.3333333333333333,1.65,1.5909090909090908,1.4615384615384615,1.0625,1.2857142857142858,0.918918918918919,0.0,0.0,1.096774193548387
5216,0.3333333333333333,1.65,1.5909090909090908,1.4615384615384615,1.0625,1.2857142857142858,0.918918918918919,0.0,0.0,1.096774193548387,0.9259259259259259
5217,1.65,1.5909090909090908,1.4615384615384615,1.0625,1.2857142857142858,0.918918918918919,0.0,0.0,1.096774193548387,0.9259259259259259,0.6666666666666666
5218,1.5909090909090908,1.4615384615384615,1.0625,1.2857142857142858,0.918918918918919,0.0,0.0,1.096774193548387,0.9259259259259259,0.6666666666666666,1.1666666666666667
5219,1.4615384615384615,1.0625,1.2857142857142858,0.918918918918919,0.0,0.0,1.096774193548387,0.9259259259259259,0.6666666666666666,1.1666666666666667,1.2222222222222223
5220,1.0625,1.2857142857142858,0.918918918918919,0.0,0.0,1.096774193548387,0.9259259259259259,0.6666666666666666,1.1666666666666667,1.2222222222222223,0.5
5221,1.2857142857142858,0.918918918918919,0.0,0.0,1.096774193548387,0.9259259259259259,0.6666666666666666,1.1666666666666667,1.2222222222222223,0.5,1.2
5222,0.918918918918919,0.0,0.0,1.096774193548387,0.9259259259259259,0.6666666666666666,1.1666666666666667,1.2222222222222223,0.5,1.2,1.1176470588235294
5223,0.0,0.0,1.096774193548387,0.9259259259259259,0.6666666666666666,1.1666666666666667,1.2222222222222223,0.5,1.2,1.1176470588235294,0.3333333333333333
5224,0.0,1.096774193548387,0.9259259259259259,0.6666666666666666,1.1666666666666667,1.2222222222222223,0.5,1.2,1.1176470588235294,0.3333333333333333,1.2826086956521738
5225,1.096774193548387,0.9259259259259259,0.6666666666666666,1.1666666666666667,1.2222222222222223,0.5,1.2,1.1176470588235294,0.3333333333333333,1.2826086956521738,1.2307692307692308
5226,0.9259259259259259,0.6666666666666666,1.1666666666666667,1.2222222222222223,0.5,1.2,1.1176470588235294,0.3333333333333333,1.2826086956521738,1.2307692307692308,1.2222222222222223
5227,0.6666666666666666,1.1666666666666667,1.2222222222222223,0.5,1.2,1.1176470588235294,0.3333333333333333,1.2826086956521738,1.2307692307692308,1.2222222222222223,1.4038461538461537
5228,1.1666666666666667,1.2222222222222223,0.5,1.2,1.1176470588235294,0.3333333333333333,1.2826086956521738,1.2307692307692308,1.2222222222222223,1.4038461538461537,1.0277777777777777
5229,1.2222222222222223,0.5,1.2,1.1176470588235294,0.3333333333333333,1.2826086956521738,1.2307692307692308,1.2222222222222223,1.4038461538461537,1.0277777777777777,1.2820512820512822
5230,0.5,1.2,1.1176470588235294,0.3333333333333333,1.2826086956521738,1.2307692307692308,1.2222222222222223,1.4038461538461537,1.0277777777777777,1.2820512820512822,1.1904761904761905
5231,1.2,1.1176470588235294,0.3333333333333333,1.2826086956521738,1.2307692307692308,1.2222222222222223,1.4038461538461537,1.0277777777777777,1.2820512820512822,1.1904761904761905,1.1428571428571428
5232,1.1176470588235294,0.3333333333333333,1.2826086956521738,1.2307692307692308,1.2222222222222223,1.4038461538461537,1.0277777777777777,1.2820512820512822,1.1904761904761905,1.1428571428571428,1.12
5233,0.3333333333333333,1.2826086956521738,1.2307692307692308,1.2222222222222223,1.4038461538461537,1.0277777777777777,1.2820512820512822,1.1904761904761905,1.1428571428571428,1.12,0.6842105263157895
5234,1.2826086956521738,1.2307692307692308,1.2222222222222223,1.4038461538461537,1.0277777777777777,1.2820512820512822,1.1904761904761905,1.1428571428571428,1.12,0.6842105263157895,1.2
5235,1.2307692307692308,1.2222222222222223,1.4038461538461537,1.0277777777777777,1.2820512820512822,1.1904761904761905,1.1428571428571428,1.12,0.6842105263157895,1.2,0.0
5236,1.2222222222222223,1.4038461538461537,1.0277777777777777,1.2820512820512822,1.1904761904761905,1.1428571428571428,1.12,0.6842105263157895,1.2,0.0,1.3513513513513513
5237,1.4038461538461537,1.0277777777777777,1.2820512820512822,1.1904761904761905,1.1428571428571428,1.12,0.6842105263157895,1.2,0.0,1.3513513513513513,1.3170731707317074
5238,1.0277777777777777,1.2820512820512822,1.1904761904761905,1.1428571428571428,1.12,0.6842105263157895,1.2,0.0,1.3513513513513513,1.3170731707317074,1.1428571428571428
5239,1.2820512820512822,1.1904761904761905,1.1428571428571428,1.12,0.6842105263157895,1.2,0.0,1.3513513513513513,1.3170731707317074,1.1428571428571428,0.8571428571428571
5240,1.1904761904761905,1.1428571428571428,1.12,0.6842105263157895,1.2,0.0,1.3513513513513513,1.3170731707317074,1.1428571428571428,0.8571428571428571,1.2285714285714286
5241,1.1428571428571428,1.12,0.6842105263157895,1.2,0.0,1.3513513513513513,1.3170731707317074,1.1428571428571428,0.8571428571428571,1.2285714285714286,1.3076923076923077
5242,1.12,0.6842105263157895,1.2,0.0,1.3513513513513513,1.3170731707317074,1.1428571428571428,0.8571428571428571,1.2285714285714286,1.3076923076923077,0.42857142857142855
5243,0.6842105263157895,1.2,0.0,1.3513513513513513,1.3170731707317074,1.1428571428571428,0.8571428571428571,1.2285714285714286,1.3076923076923077,0.42857142857142855,1.8269230769230769
5244,1.2,0.0,1.3513513513513513,1.3170731707317074,1.1428571428571428,0.8571428571428571,1.2285714285714286,1.3076923076923077,0.42857142857142855,1.8269230769230769,1.0714285714285714
5245,0.0,1.3513513513513513,1.3170731707317074,1.1428571428571428,0.8571428571428571,1.2285714285714286,1.3076923076923077,0.42857142857142855,1.8269230769230769,1.0714285714285714,1.4545454545454546
5246,1.3513513513513513,1.3170731707317074,1.1428571428571428,0.8571428571428571,1.2285714285714286,1.3076923076923077,0.42857142857142855,1.8269230769230769,1.0714285714285714,1.4545454545454546,1.5
5247,1.3170731707317074,1.1428571428571428,0.8571428571428571,1.2285714285714286,1.3076923076923077,0.42857142857142855,1.8269230769230769,1.0714285714285714,1.4545454545454546,1.5,1.1
5248,1.1428571428571428,0.8571428571428571,1.2285714285714286,1.3076923076923077,0.42857142857142855,1.8269230769230769,1.0714285714285714,1.4545454545454546,1.5,1.1,1.84
5249,0.8571428571428571,1.2285714285714286,1.3076923076923077,0.42857142857142855,1.8269230769230769,1.0714285714285714,1.4545454545454546,1.5,1.1,1.84,1.6122448979591837
5250,1.2285714285714286,1.3076923076923077,0.42857142857142855,1.8269230769230769,1.0714285714285714,1.4545454545454546,1.5,1.1,1.84,1.6122448979591837,1.0952380952380953
5251,1.3076923076923077,0.42857142857142855,1.8269230769230769,1.0714285714285714,1.4545454545454546,1.5,1.1,1.84,1.6122448979591837,1.0952380952380953,1.4
5252,0.42857142857142855,1.8269230769230769,1.0714285714285714,1.4545454545454546,1.5,1.1,1.84,1.6122448979591837,1.0952380952380953,1.4,1.2926829268292683
5253,1.8269230769230769,1.0714285714285714,1.4545454545454546,1.5,1.1,1.84,1.6122448979591837,1.0952380952380953,1.4,1.2926829268292683,1.173913043478261
5254,1.0714285714285714,1.4545454545454546,1.5,1.1,1.84,1.6122448979591837,1.0952380952380953,1.4,1.2926829268292683,1.173913043478261,1.0
5255,1.4545454545454546,1.5,1.1,1.84,1.6122448979591837,1.0952380952380953,1.4,1.2926829268292683,1.173913043478261,1.0,1.0
5256,1.5,1.1,1.84,1.6122448979591837,1.0952380952380953,1.4,1.2926829268292683,1.173913043478261,1.0,1.0,1.2820512820512822
5257,1.1,1.84,1.6122448979591837,1.0952380952380953,1.4,1.2926829268292683,1.173913043478261,1.0,1.0,1.2820512820512822,1.4166666666666667
5258,1.84,1.6122448979591837,1.0952380952380953,1.4,1.2926829268292683,1.173913043478261,1.0,1.0,1.2820512820512822,1.4166666666666667,2.0
5259,1.6122448979591837,1.0952380952380953,1.4,1.2926829268292683,1.173913043478261,1.0,1.0,1.2820512820512822,1.4166666666666667,2.0,1.5396825396825398
5260,1.0952380952380953,1.4,1.2926829268292683,1.173913043478261,1.0,1.0,1.2820512820512822,1.4166666666666667,2.0,1.5396825396825398,1.625
5261,1.4,1.2926829268292683,1.173913043478261,1.0,1.0,1.2820512820512822,1.4166666666666667,2.0,1.5396825396825398,1.625,0.9787234042553191
5262,1.2926829268292683,1.173913043478261,1.0,1.0,1.2820512820512822,1.4166666666666667,2.0,1.5396825396825398,1.625,0.9787234042553191,1.0666666666666667
5263,1.173913043478261,1.0,1.0,1.2820512820512822,1.4166666666666667,2.0,1.5396825396825398,1.625,0.9787234042553191,1.0666666666666667,1.3793103448275863
5264,1.0,1.0,1.2820512820512822,1.4166666666666667,2.0,1.5396825396825398,1.625,0.9787234042553191,1.0666666666666667,1.3793103448275863,1.2127659574468086
5265,1.0,1.2820512820512822,1.4166666666666667,2.0,1.5396825396825398,1.625,0.9787234042553191,1.0666666666666667,1.3793103448275863,1.2127659574468086,1.6
5266,1.2820512820512822,1.4166666666666667,2.0,1.5396825396825398,1.625,0.9787234042553191,1.0666666666666667,1.3793103448275863,1.2127659574468086,1.6,1.6111111111111112
5267,1.4166666666666667,2.0,1.5396825396825398,1.625,0.9787234042553191,1.0666666666666667,1.3793103448275863,1.2127659574468086,1.6,1.6111111111111112,1.2666666666666666
5268,2.0,1.5396825396825398,1.625,0.9787234042553191,1.0666666666666667,1.3793103448275863,1.2127659574468086,1.6,1.6111111111111112,1.2666666666666666,1.5
5269,1.5396825396825398,1.625,0.9787234042553191,1.0666666666666667,1.3793103448275863,1.2127659574468086,1.6,1.6111111111111112,1.2666666666666666,1.5,0.7777777777777778
5270,1.625,0.9787234042553191,1.0666666666666667,1.3793103448275863,1.2127659574468086,1.6,1.6111111111111112,1.2666666666666666,1.5,0.7777777777777778,1.0
5271,0.9787234042553191,1.0666666666666667,1.3793103448275863,1.2127659574468086,1.6,1.6111111111111112,1.2666666666666666,1.5,0.7777777777777778,1.0,0.5
5272,1.0666666666666667,1.3793103448275863,1.2127659574468086,1.6,1.6111111111111112,1.2666666666666666,1.5,0.7777777777777778,1.0,0.5,1.1
5273,1.3793103448275863,1.2127659574468086,1.6,1.6111111111111112,1.2666666666666666,1.5,0.7777777777777778,1.0,0.5,1.1,1.3636363636363635
5274,1.2127659574468086,1.6,1.6111111111111112,1.2666666666666666,1.5,0.7777777777777778,1.0,0.5,1.1,1.3636363636363635,1.4615384615384615
5275,1.6,1.6111111111111112,1.2666666666666666,1.5,0.7777777777777778,1.0,0.5,1.1,1.3636363636363635,1.4615384615384615,1.3333333333333333
5276,1.6111111111111112,1.2666666666666666,1.5,0.7777777777777778,1.0,0.5,1.1,1.3636363636363635,1.4615384615384615,1.3333333333333333,1.175
5277,1.2666666666666666,1.5,0.7777777777777778,1.0,0.5,1.1,1.3636363636363635,1.4615384615384615,1.3333333333333333,1.175,0.0
5278,1.5,0.7777777777777778,1.0,0.5,1.1,1.3636363636363635,1.4615384615384615,1.3333333333333333,1.175,0.0,1.0
5279,0.7777777777777778,1.0,0.5,1.1,1.3636363636363635,1.4615384615384615,1.3333333333333333,1.175,0.0,1.0,1.6363636363636365
5280,1.0,0.5,1.1,1.3636363636363635,1.4615384615384615,1.3333333333333333,1.175,0.0,1.0,1.6363636363636365,0.0
5281,0.5,1.1,1.3636363636363635,1.4615384615384615,1.3333333333333333,1.175,0.0,1.0,1.6363636363636365,0.0,1.375
5282,1.1,1.3636363636363635,1.4615384615384615,1.3333333333333333,1.175,0.0,1.0,1.6363636363636365,0.0,1.375,2.0
5283,1.3636363636363635,1.4615384615384615,1.3333333333333333,1.175,0.0,1.0,1.6363636363636365,0.0,1.375,2.0,1.25
5284,1.4615384615384615,1.3333333333333333,1.175,0.0,1.0,1.6363636363636365,0.0,1.375,2.0,1.25,0.7272727272727273
5285,1.3333333333333333,1.175,0.0,1.0,1.6363636363636365,0.0,1.375,2.0,1.25,0.7272727272727273,1.21875
5286,1.175,0.0,1.0,1.6363636363636365,0.0,1.375,2.0,1.25,0.7272727272727273,1.21875,1.5
5287,0.0,1.0,1.6363636363636365,0.0,1.375,2.0,1.25,0.7272727272727273,1.21875,1.5,1.2093023255813953
5288,1.0,1.6363636363636365,0.0,1.375,2.0,1.25,0.7272727272727273,1.21875,1.5,1.2093023255813953,0.9310344827586207
5289,1.6363636363636365,0.0,1.375,2.0,1.25,0.7272727272727273,1.21875,1.5,1.2093023255813953,0.9310344827586207,0.42857142857142855
5290,0.0,1.375,2.0,1.25,0.7272727272727273,1.21875,1.5,1.2093023255813953,0.9310344827586207,0.42857142857142855,0.0
5291,1.375,2.0,1.25,0.7272727272727273,1.21875,1.5,1.2093023255813953,0.9310344827586207,0.42857142857142855,0.0,0.3333333333333333
5292,2.0,1.25,0.7272727272727273,1.21875,1.5,1.2093023255813953,0.9310344827586207,0.42857142857142855,0.0,0.3333333333333333,0.8461538461538461
5293,1.25,0.7272727272727273,1.21875,1.5,1.2093023255813953,0.9310344827586207,0.42857142857142855,0.0,0.3333333333333333,0.8461538461538461,1.542857142857143
5294,0.7272727272727273,1.21875,1.5,1.2093023255813953,0.9310344827586207,0.42857142857142855,0.0,0.3333333333333333,0.8461538461538461,1.542857142857143,1.0566037735849056
5295,1.21875,1.5,1.2093023255813953,0.9310344827586207,0.42857142857142855,0.0,0.3333333333333333,0.8461538461538461,1.542857142857143,1.0566037735849056,1.0344827586206897
5296,1.5,1.2093023255813953,0.9310344827586207,0.42857142857142855,0.0,0.3333333333333333,0.8461538461538461,1.542857142857143,1.0566037735849056,1.0344827586206897,1.5833333333333333
5297,1.2093023255813953,0.9310344827586207,0.42857142857142855,0.0,0.3333333333333333,0.8461538461538461,1.542857142857143,1.0566037735849056,1.0344827586206897,1.5833333333333333,1.368421052631579
5298,0.9310344827586207,0.42857142857142855,0.0,0.3333333333333333,0.8461538461538461,1.542857142857143,1.0566037735849056,1.0344827586206897,1.5833333333333333,1.368421052631579,1.3333333333333333
5299,0.42857142857142855,0.0,0.3333333333333333,0.8461538461538461,1.542857142857143,1.0566037735849056,1.0344827586206897,1.5833333333333333,1.368421052631579,1.3333333333333333,1.0
5300,0.0,0.3333333333333333,0.8461538461538461,1.542857142857143,1.0566037735849056,1.0344827586206897,1.5833333333333333,1.368421052631579,1.3333333333333333,1.0,1.7413793103448276
5301,0.3333333333333333,0.8461538461538461,1.542857142857143,1.0566037735849056,1.0344827586206897,1.5833333333333333,1.368421052631579,1.3333333333333333,1.0,1.7413793103448276,1.3269230769230769
5302,0.8461538461538461,1.542857142857143,1.0566037735849056,1.0344827586206897,1.5833333333333333,1.368421052631579,1.3333333333333333,1.0,1.7413793103448276,1.3269230769230769,1.7272727272727273
5303,1.542857142857143,1.0566037735849056,1.0344827586206897,1.5833333333333333,1.368421052631579,1.3333333333333333,1.0,1.7413793103448276,1.3269230769230769,1.7272727272727273,0.0
5304,1.0566037735849056,1.0344827586206897,1.5833333333333333,1.368421052631579,1.3333333333333333,1.0,1.7413793103448276,1.3269230769230769,1.7272727272727273,0.0,1.1538461538461537
5305,1.0344827586206897,1.5833333333333333,1.368421052631579,1.3333333333333333,1.0,1.7413793103448276,1.3269230769230769,1.7272727272727273,0.0,1.1538461538461537,0.8181818181818182
5306,1.5833333333333333,1.368421052631579,1.3333333333333333,1.0,1.7413793103448276,1.3269230769230769,1.7272727272727273,0.0,1.1538461538461537,0.8181818181818182,0.8888888888888888
5307,1.368421052631579,1.3333333333333333,1.0,1.7413793103448276,1.3269230769230769,1.7272727272727273,0.0,1.1538461538461537,0.8181818181818182,0.8888888888888888,0.9090909090909091
5308,1.3333333333333333,1.0,1.7413793103448276,1.3269230769230769,1.7272727272727273,0.0,1.1538461538461537,0.8181818181818182,0.8888888888888888,0.9090909090909091,1.0227272727272727
5309,1.0,1.7413793103448276,1.3269230769230769,1.7272727272727273,0.0,1.1538461538461537,0.8181818181818182,0.8888888888888888,0.9090909090909091,1.0227272727272727,1.3333333333333333
5310,1.7413793103448276,1.3269230769230769,1.7272727272727273,0.0,1.1538461538461537,0.8181818181818182,0.8888888888888888,0.9090909090909091,1.0227272727272727,1.3333333333333333,1.0
5311,1.3269230769230769,1.7272727272727273,0.0,1.1538461538461537,0.8181818181818182,0.8888888888888888,0.9090909090909091,1.0227272727272727,1.3333333333333333,1.0,1.6041666666666667
5312,1.7272727272727273,0.0,1.1538461538461537,0.8181818181818182,0.8888888888888888,0.9090909090909091,1.0227272727272727,1.3333333333333333,1.0,1.6041666666666667,1.1944444444444444
5313,0.0,1.1538461538461537,0.8181818181818182,0.8888888888888888,0.9090909090909091,1.0227272727272727,1.3333333333333333,1.0,1.6041666666666667,1.1944444444444444,1.0851063829787233
5314,1.1538461538461537,0.8181818181818182,0.8888888888888888,0.9090909090909091,1.0227272727272727,1.3333333333333333,1.0,1.6041666666666667,1.1944444444444444,1.0851063829787233,0.8571428571428571
5315,0.8181818181818182,0.8888888888888888,0.9090909090909091,1.0227272727272727,1.3333333333333333,1.0,1.6041666666666667,1.1944444444444444,1.0851063829787233,0.8571428571428571,0.875
5316,0.8888888888888888,0.9090909090909091,1.0227272727272727,1.3333333333333333,1.0,1.6041666666666667,1.1944444444444444,1.0851063829787233,0.8571428571428571,0.875,1.4
5317,0.9090909090909091,1.0227272727272727,1.3333333333333333,1.0,1.6041666666666667,1.1944444444444444,1.0851063829787233,0.8571428571428571,0.875,1.4,1.2
5318,1.0227272727272727,1.3333333333333333,1.0,1.6041666666666667,1.1944444444444444,1.0851063829787233,0.8571428571428571,0.875,1.4,1.2,1.0
5319,1.3333333333333333,1.0,1.6041666666666667,1.1944444444444444,1.0851063829787233,0.8571428571428571,0.875,1.4,1.2,1.0,1.1142857142857143
5320,1.0,1.6041666666666667,1.1944444444444444,1.0851063829787233,0.8571428571428571,0.875,1.4,1.2,1.0,1.1142857142857143,1.1428571428571428
5321,1.6041666666666667,1.1944444444444444,1.0851063829787233,0.8571428571428571,0.875,1.4,1.2,1.0,1.1142857142857143,1.1428571428571428,1.0
5322,1.1944444444444444,1.0851063829787233,0.8571428571428571,0.875,1.4,1.2,1.0,1.1142857142857143,1.1428571428571428,1.0,0.9473684210526315
5323,1.0851063829787233,0.8571428571428571,0.875,1.4,1.2,1.0,1.1142857142857143,1.1428571428571428,1.0,0.9473684210526315,1.1875
5324,0.8571428571428571,0.875,1.4,1.2,1.0,1.1142857142857143,1.1428571428571428,1.0,0.9473684210526315,1.1875,1.4
5325,0.875,1.4,1.2,1.0,1.1142857142857143,1.1428571428571428,1.0,0.9473684210526315,1.1875,1.4,1.2653061224489797
5326,1.4,1.2,1.0,1.1142857142857143,1.1428571428571428,1.0,0.9473684210526315,1.1875,1.4,1.2653061224489797,1.25
5327,1.2,1.0,1.1142857142857143,1.1428571428571428,1.0,0.9473684210526315,1.1875,1.4,1.2653061224489797,1.25,1.3272727272727274
5328,1.0,1.1142857142857143,1.1428571428571428,1.0,0.9473684210526315,1.1875,1.4,1.2653061224489797,1.25,1.3272727272727274,1.4390243902439024
5329,1.1142857142857143,1.1428571428571428,1.0,0.9473684210526315,1.1875,1.4,1.2653061224489797,1.25,1.3272727272727274,1.4390243902439024,1.4482758620689655
5330,1.1428571428571428,1.0,0.9473684210526315,1.1875,1.4,1.2653061224489797,1.25,1.3272727272727274,1.4390243902439024,1.4482758620689655,0.5
5331,1.0,0.9473684210526315,1.1875,1.4,1.2653061224489797,1.25,1.3272727272727274,1.4390243902439024,1.4482758620689655,0.5,1.4385964912280702
5332,0.9473684210526315,1.1875,1.4,1.2653061224489797,1.25,1.3272727272727274,1.4390243902439024,1.4482758620689655,0.5,1.4385964912280702,0.0
5333,1.1875,1.4,1.2653061224489797,1.25,1.3272727272727274,1.4390243902439024,1.4482758620689655,0.5,1.4385964912280702,0.0,1.04
5334,1.4,1.2653061224489797,1.25,1.3272727272727274,1.4390243902439024,1.4482758620689655,0.5,1.4385964912280702,0.0,1.04,1.5740740740740742
5335,1.2653061224489797,1.25,1.3272727272727274,1.4390243902439024,1.4482758620689655,0.5,1.4385964912280702,0.0,1.04,1.5740740740740742,1.375
5336,1.25,1.3272727272727274,1.4390243902439024,1.4482758620689655,0.5,1.4385964912280702,0.0,1.04,1.5740740740740742,1.375,1.4915254237288136
5337,1.3272727272727274,1.4390243902439024,1.4482758620689655,0.5,1.4385964912280702,0.0,1.04,1.5740740740740742,1.375,1.4915254237288136,1.56
5338,1.4390243902439024,1.4482758620689655,0.5,1.4385964912280702,0.0,1.04,1.5740740740740742,1.375,1.4915254237288136,1.56,1.135135135135135
5339,1.4482758620689655,0.5,1.4385964912280702,0.0,1.04,1.5740740740740742,1.375,1.4915254237288136,1.56,1.135135135135135,1.0
5340,0.5,1.4385964912280702,0.0,1.04,1.5740740740740742,1.375,1.4915254237288136,1.56,1.135135135135135,1.0,1.1666666666666667
5341,1.4385964912280702,0.0,1.04,1.5740740740740742,1.375,1.4915254237288136,1.56,1.135135135135135,1.0,1.1666666666666667,1.4827586206896552
5342,0.0,1.04,1.5740740740740742,1.375,1.4915254237288136,1.56,1.135135135135135,1.0,1.1666666666666667,1.4827586206896552,1.1666666666666667
5343,1.04,1.5740740740740742,1.375,1.4915254237288136,1.56,1.135135135135135,1.0,1.1666666666666667,1.4827586206896552,1.1666666666666667,0.9
5344,1.5740740740740742,1.375,1.4915254237288136,1.56,1.135135135135135,1.0,1.1666666666666667,1.4827586206896552,1.1666666666666667,0.9,1.8666666666666667
5345,1.375,1.4915254237288136,1.56,1.135135135135135,1.0,1.1666666666666667,1.4827586206896552,1.1666666666666667,0.9,1.8666666666666667,0.0
5346,1.4915254237288136,1.56,1.135135135135135,1.0,1.1666666666666667,1.4827586206896552,1.1666666666666667,0.9,1.8666666666666667,0.0,1.4166666666666667
5347,1.56,1.135135135135135,1.0,1.1666666666666667,1.4827586206896552,1.1666666666666667,0.9,1.8666666666666667,0.0,1.4166666666666667,1.2
5348,1.135135135135135,1.0,1.1666666666666667,1.4827586206896552,1.1666666666666667,0.9,1.8666666666666667,0.0,1.4166666666666667,1.2,1.42
5349,1.0,1.1666666666666667,1.4827586206896552,1.1666666666666667,0.9,1.8666666666666667,0.0,1.4166666666666667,1.2,1.42,1.12
5350,1.1666666666666667,1.4827586206896552,1.1666666666666667,0.9,1.8666666666666667,0.0,1.4166666666666667,1.2,1.42,1.12,1.25
5351,1.4827586206896552,1.1666666666666667,0.9,1.8666666666666667,0.0,1.4166666666666667,1.2,1.42,1.12,1.25,1.7
5352,1.1666666666666667,0.9,1.8666666666666667,0.0,1.4166666666666667,1.2,1.42,1.12,1.25,1.7,1.0
5353,0.9,1.8666666666666667,0.0,1.4166666666666667,1.2,1.42,1.12,1.25,1.7,1.0,1.1162790697674418
5354,1.8666666666666667,0.0,1.4166666666666667,1.2,1.42,1.12,1.25,1.7,1.0,1.1162790697674418,0.0
5355,0.0,1.4166666666666667,1.2,1.42,1.12,1.25,1.7,1.0,1.1162790697674418,0.0,1.0
5356,1.4166666666666667,1.2,1.42,1.12,1.25,1.7,1.0,1.1162790697674418,0.0,1.0,1.6071428571428572
5357,1.2,1.42,1.12,1.25,1.7,1.0,1.1162790697674418,0.0,1.0,1.6071428571428572,1.4444444444444444
5358,1.42,1.12,1.25,1.7,1.0,1.1162790697674418,0.0,1.0,1.6071428571428572,1.4444444444444444,0.7222222222222222
5359,1.12,1.25,1.7,1.0,1.1162790697674418,0.0,1.0,1.6071428571428572,1.4444444444444444,0.7222222222222222,1.2
5360,1.25,1.7,1.0,1.1162790697674418,0.0,1.0,1.6071428571428572,1.4444444444444444,0.7222222222222222,1.2,1.1363636363636365
5361,1.7,1.0,1.1162790697674418,0.0,1.0,1.6071428571428572,1.4444444444444444,0.7222222222222222,1.2,1.1363636363636365,1.0454545454545454
5362,1.0,1.1162790697674418,0.0,1.0,1.6071428571428572,1.4444444444444444,0.7222222222222222,1.2,1.1363636363636365,1.0454545454545454,2.5
5363,1.1162790697674418,0.0,1.0,1.6071428571428572,1.4444444444444444,0.7222222222222222,1.2,1.1363636363636365,1.0454545454545454,2.5,0.8461538461538461
5364,0.0,1.0,1.6071428571428572,1.4444444444444444,0.7222222222222222,1.2,1.1363636363636365,1.0454545454545454,2.5,0.8461538461538461,1.5
5365,1.0,1.6071428571428572,1.4444444444444444,0.7222222222222222,1.2,1.1363636363636365,1.0454545454545454,2.5,0.8461538461538461,1.5,1.0
5366,1.6071428571428572,1.4444444444444444,0.7222222222222222,1.2,1.1363636363636365,1.0454545454545454,2.5,0.8461538461538461,1.5,1.0,1.7377049180327868
5367,1.4444444444444444,0.7222222222222222,1.2,1.1363636363636365,1.0454545454545454,2.5,0.8461538461538461,1.5,1.0,1.7377049180327868,2.0444444444444443
5368,0.7222222222222222,1.2,1.1363636363636365,1.0454545454545454,2.5,0.8461538461538461,1.5,1.0,1.7377049180327868,2.0444444444444443,1.4680851063829787
5369,1.2,1.1363636363636365,1.0454545454545454,2.5,0.8461538461538461,1.5,1.0,1.7377049180327868,2.0444444444444443,1.4680851063829787,1.6470588235294117
5370,1.1363636363636365,1.0454545454545454,2.5,0.8461538461538461,1.5,1.0,1.7377049180327868,2.0444444444444443,1.4680851063829787,1.6470588235294117,1.7142857142857142
5371,1.0454545454545454,2.5,0.8461538461538461,1.5,1.0,1.7377049180327868,2.0444444444444443,1.4680851063829787,1.6470588235294117,1.7142857142857142,1.4
5372,2.5,0.8461538461538461,1.5,1.0,1.7377049180327868,2.0444444444444443,1.4680851063829787,1.6470588235294117,1.7142857142857142,1.4,0.75
5373,0.8461538461538461,1.5,1.0,1.7377049180327868,2.0444444444444443,1.4680851063829787,1.6470588235294117,1.7142857142857142,1.4,0.75,1.5925925925925926
5374,1.5,1.0,1.7377049180327868,2.0444444444444443,1.4680851063829787,1.6470588235294117,1.7142857142857142,1.4,0.75,1.5925925925925926,1.4054054054054055
5375,1.0,1.7377049180327868,2.0444444444444443,1.4680851063829787,1.6470588235294117,1.7142857142857142,1.4,0.75,1.5925925925925926,1.4054054054054055,0.9354838709677419
5376,1.7377049180327868,2.0444444444444443,1.4680851063829787,1.6470588235294117,1.7142857142857142,1.4,0.75,1.5925925925925926,1.4054054054054055,0.9354838709677419,1.3
5377,2.0444444444444443,1.4680851063829787,1.6470588235294117,1.7142857142857142,1.4,0.75,1.5925925925925926,1.4054054054054055,0.9354838709677419,1.3,1.3478260869565217
5378,1.4680851063829787,1.6470588235294117,1.7142857142857142,1.4,0.75,1.5925925925925926,1.4054054054054055,0.9354838709677419,1.3,1.3478260869565217,1.8666666666666667
5379,1.6470588235294117,1.7142857142857142,1.4,0.75,1.5925925925925926,1.4054054054054055,0.9354838709677419,1.3,1.3478260869565217,1.8666666666666667,1.6
5380,1.7142857142857142,1.4,0.75,1.5925925925925926,1.4054054054054055,0.9354838709677419,1.3,1.3478260869565217,1.8666666666666667,1.6,1.2962962962962963
5381,1.4,0.75,1.5925925925925926,1.4054054054054055,0.9354838709677419,1.3,1.3478260869565217,1.8666666666666667,1.6,1.2962962962962963,1.4
5382,0.75,1.5925925925925926,1.4054054054054055,0.9354838709677419,1.3,1.3478260869565217,1.8666666666666667,1.6,1.2962962962962963,1.4,1.5151515151515151
5383,1.5925925925925926,1.4054054054054055,0.9354838709677419,1.3,1.3478260869565217,1.8666666666666667,1.6,1.2962962962962963,1.4,1.5151515151515151,1.0714285714285714
5384,1.4054054054054055,0.9354838709677419,1.3,1.3478260869565217,1.8666666666666667,1.6,1.2962962962962963,1.4,1.5151515151515151,1.0714285714285714,0.0
5385,1.25,1.8571428571428572,1.375,1.5185185185185186,0.6666666666666666,1.1282051282051282,1.25,0.0,1.7647058823529411,1.6666666666666667,1.0
5386,1.8571428571428572,1.375,1.5185185185185186,0.6666666666666666,1.1282051282051282,1.25,0.0,1.7647058823529411,1.6666666666666667,1.0,0.0
5387,1.375,1.5185185185185186,0.6666666666666666,1.1282051282051282,1.25,0.0,1.7647058823529411,1.6666666666666667,1.0,0.0,0.75
5388,1.5185185185185186,0.6666666666666666,1.1282051282051282,1.25,0.0,1.7647058823529411,1.6666666666666667,1.0,0.0,0.75,1.25
5389,0.6666666666666666,1.1282051282051282,1.25,0.0,1.7647058823529411,1.6666666666666667,1.0,0.0,0.75,1.25,1.0833333333333333
5390,1.1282051282051282,1.25,0.0,1.7647058823529411,1.6666666666666667,1.0,0.0,0.75,1.25,1.0833333333333333,0.9444444444444444
5391,1.25,0.0,1.7647058823529411,1.6666666666666667,1.0,0.0,0.75,1.25,1.0833333333333333,0.9444444444444444,1.04
5392,0.0,1.7647058823529411,1.6666666666666667,1.0,0.0,0.75,1.25,1.0833333333333333,0.9444444444444444,1.04,1.4
5393,1.7647058823529411,1.6666666666666667,1.0,0.0,0.75,1.25,1.0833333333333333,0.9444444444444444,1.04,1.4,1.0666666666666667
5394,0.8333333333333334,2.4375,1.0,1.5555555555555556,0.6666666666666666,0.0,0.375,1.3846153846153846,1.625,1.0,1.7272727272727273
5395,2.4375,1.0,1.5555555555555556,0.6666666666666666,0.0,0.375,1.3846153846153846,1.625,1.0,1.7272727272727273,1.5384615384615385
5396,1.0,1.5555555555555556,0.6666666666666666,0.0,0.375,1.3846153846153846,1.625,1.0,1.7272727272727273,1.5384615384615385,1.5
5397,1.5555555555555556,0.6666666666666666,0.0,0.375,1.3846153846153846,1.625,1.0,1.7272727272727273,1.5384615384615385,1.5,0.0
5398,0.5,1.75,2.0,0.5,2.3333333333333335,1.0,0.0,0.0,1.1666666666666667,0.5,0.0
5399,1.75,2.0,0.5,2.3333333333333335,1.0,0.0,0.0,1.1666666666666667,0.5,0.0,0.5
5400,2.0,0.5,2.3333333333333335,1.0,0.0,0.0,1.1666666666666667,0.5,0.0,0.5,0.6666666666666666
5401,0.5,2.3333333333333335,1.0,0.0,0.0,1.1666666666666667,0.5,0.0,0.5,0.6666666666666666,1.25
5402,2.3333333333333335,1.0,0.0,0.0,1.1666666666666667,0.5,0.0,0.5,0.6666666666666666,1.25,0.5
5403,1.0,0.0,0.0,1.1666666666666667,0.5,0.0,0.5,0.6666666666666666,1.25,0.5,0.75
5404,0.0,0.0,1.1666666666666667,0.5,0.0,0.5,0.6666666666666666,1.25,0.5,0.75,0.0
5405,0.0,1.1666666666666667,0.5,0.0,0.5,0.6666666666666666,1.25,0.5,0.75,0.0,1.0
5406,1.1666666666666667,0.5,0.0,0.5,0.6666666666666666,1.25,0.5,0.75,0.0,1.0,1.0
5407,0.5,0.0,0.5,0.6666666666666666,1.25,0.5,0.75,0.0,1.0,1.0,0.0
5408,0.0,0.5,0.6666666666666666,1.25,0.5,0.75,0.0,1.0,1.0,0.0,0.3333333333333333
5409,0.5,0.6666666666666666,1.25,0.5,0.75,0.0,1.0,1.0,0.0,0.3333333333333333,0.0
5410,0.6666666666666666,1.25,0.5,0.75,0.0,1.0,1.0,0.0,0.3333333333333333,0.0,1.0
5411,1.6666666666666667,0.9,0.6666666666666666,1.44,0.5,2.090909090909091,1.0,1.6666666666666667,0.9565217391304348,1.7692307692307692,1.3076923076923077
5412,0.9,0.6666666666666666,1.44,0.5,2.090909090909091,1.0,1.6666666666666667,0.9565217391304348,1.7692307692307692,1.3076923076923077,2.6153846153846154
5413,0.6666666666666666,1.44,0.5,2.090909090909091,1.0,1.6666666666666667,0.9565217391304348,1.7692307692307692,1.3076923076923077,2.6153846153846154,1.75
5414,1.44,0.5,2.090909090909091,1.0,1.6666666666666667,0.9565217391304348,1.7692307692307692,1.3076923076923077,2.6153846153846154,1.75,1.6842105263157894
5415,0.5,2.090909090909091,1.0,1.6666666666666667,0.9565217391304348,1.7692307692307692,1.3076923076923077,2.6153846153846154,1.75,1.6842105263157894,1.125
5416,2.090909090909091,1.0,1.6666666666666667,0.9565217391304348,1.7692307692307692,1.3076923076923077,2.6153846153846154,1.75,1.6842105263157894,1.125,1.3333333333333333
5417,1.0,1.6666666666666667,0.9565217391304348,1.7692307692307692,1.3076923076923077,2.6153846153846154,1.75,1.6842105263157894,1.125,1.3333333333333333,1.3076923076923077
5418,1.6666666666666667,0.9565217391304348,1.7692307692307692,1.3076923076923077,2.6153846153846154,1.75,1.6842105263157894,1.125,1.3333333333333333,1.3076923076923077,1.8333333333333333
5419,0.9565217391304348,1.7692307692307692,1.3076923076923077,2.6153846153846154,1.75,1.6842105263157894,1.125,1.3333333333333333,1.3076923076923077,1.8333333333333333,0.8888888888888888
5420,1.7692307692307692,1.3076923076923077,2.6153846153846154,1.75,1.6842105263157894,1.125,1.3333333333333333,1.3076923076923077,1.8333333333333333,0.8888888888888888,1.5
5421,1.3076923076923077,2.6153846153846154,1.75,1.6842105263157894,1.125,1.3333333333333333,1.3076923076923077,1.8333333333333333,0.8888888888888888,1.5,1.3333333333333333
5422,2.6153846153846154,1.75,1.6842105263157894,1.125,1.3333333333333333,1.3076923076923077,1.8333333333333333,0.8888888888888888,1.5,1.3333333333333333,2.8
5423,1.75,1.6842105263157894,1.125,1.3333333333333333,1.3076923076923077,1.8333333333333333,0.8888888888888888,1.5,1.3333333333333333,2.8,1.1818181818181819
5424,1.6842105263157894,1.125,1.3333333333333333,1.3076923076923077,1.8333333333333333,0.8888888888888888,1.5,1.3333333333333333,2.8,1.1818181818181819,1.6428571428571428
5425,1.125,1.3333333333333333,1.3076923076923077,1.8333333333333333,0.8888888888888888,1.5,1.3333333333333333,2.8,1.1818181818181819,1.6428571428571428,0.42857142857142855
5426,1.3333333333333333,1.3076923076923077,1.8333333333333333,0.8888888888888888,1.5,1.3333333333333333,2.8,1.1818181818181819,1.6428571428571428,0.42857142857142855,0.8
5427,1.3076923076923077,1.8333333333333333,0.8888888888888888,1.5,1.3333333333333333,2.8,1.1818181818181819,1.6428571428571428,0.42857142857142855,0.8,0.0
5428,1.8333333333333333,0.8888888888888888,1.5,1.3333333333333333,2.8,1.1818181818181819,1.6428571428571428,0.42857142857142855,0.8,0.0,0.4
5429,0.8888888888888888,1.5,1.3333333333333333,2.8,1.1818181818181819,1.6428571428571428,0.42857142857142855,0.8,0.0,0.4,0.4
5430,1.5,1.3333333333333333,2.8,1.1818181818181819,1.6428571428571428,0.42857142857142855,0.8,0.0,0.4,0.4,0.25
5431,2.823529411764706,1.3,1.0740740740740742,0.0,0.875,1.8181818181818181,0.14285714285714285,2.5,1.6428571428571428,0.5,1.8
5432,1.3,1.0740740740740742,0.0,0.875,1.8181818181818181,0.14285714285714285,2.5,1.6428571428571428,0.5,1.8,1.625
5433,1.0740740740740742,0.0,0.875,1.8181818181818181,0.14285714285714285,2.5,1.6428571428571428,0.5,1.8,1.625,2.125
5434,0.0,0.875,1.8181818181818181,0.14285714285714285,2.5,1.6428571428571428,0.5,1.8,1.625,2.125,0.8571428571428571
5435,0.875,1.8181818181818181,0.14285714285714285,2.5,1.6428571428571428,0.5,1.8,1.625,2.125,0.8571428571428571,2.4
5436,1.8181818181818181,0.14285714285714285,2.5,1.6428571428571428,0.5,1.8,1.625,2.125,0.8571428571428571,2.4,0.125
5437,0.14285714285714285,2.5,1.6428571428571428,0.5,1.8,1.625,2.125,0.8571428571428571,2.4,0.125,0.7142857142857143
5438,2.5,1.6428571428571428,0.5,1.8,1.625,2.125,0.8571428571428571,2.4,0.125,0.7142857142857143,1.8125
5439,1.6428571428571428,0.5,1.8,1.625,2.125,0.8571428571428571,2.4,0.125,0.7142857142857143,1.8125,0.9
5440,0.5,1.8,1.625,2.125,0.8571428571428571,2.4,0.125,0.7142857142857143,1.8125,0.9,1.5714285714285714
5441,1.8,1.625,2.125,0.8571428571428571,2.4,0.125,0.7142857142857143,1.8125,0.9,1.5714285714285714,1.027027027027027
5442,1.625,2.125,0.8571428571428571,2.4,0.125,0.7142857142857143,1.8125,0.9,1.5714285714285714,1.027027027027027,0.0
5443,2.125,0.8571428571428571,2.4,0.125,0.7142857142857143,1.8125,0.9,1.5714285714285714,1.027027027027027,0.0,0.75
5444,0.8571428571428571,2.4,0.125,0.7142857142857143,1.8125,0.9,1.5714285714285714,1.027027027027027,0.0,0.75,1.2682926829268293
5445,2.4,0.125,0.7142857142857143,1.8125,0.9,1.5714285714285714,1.027027027027027,0.0,0.75,1.2682926829268293,0.9411764705882353
5446,0.125,0.7142857142857143,1.8125,0.9,1.5714285714285714,1.027027027027027,0.0,0.75,1.2682926829268293,0.9411764705882353,1.7647058823529411
5447,0.7142857142857143,1.8125,0.9,1.5714285714285714,1.027027027027027,0.0,0.75,1.2682926829268293,0.9411764705882353,1.7647058823529411,0.5714285714285714
5448,1.8125,0.9,1.5714285714285714,1.027027027027027,0.0,0.75,1.2682926829268293,0.9411764705882353,1.7647058823529411,0.5714285714285714,0.4
5449,0.9,1.5714285714285714,1.027027027027027,0.0,0.75,1.2682926829268293,0.9411764705882353,1.7647058823529411,0.5714285714285714,0.4,1.4594594594594594
5450,1.5714285714285714,1.027027027027027,0.0,0.75,1.2682926829268293,0.9411764705882353,1.7647058823529411,0.5714285714285714,0.4,1.4594594594594594,2.375
5451,1.0,1.3076923076923077,1.0,0.0,0.8888888888888888,0.8461538461538461,1.0,1.1111111111111112,1.1,0.5,0.5
5452,1.3076923076923077,1.0,0.0,0.8888888888888888,0.8461538461538461,1.0,1.1111111111111112,1.1,0.5,0.5,1.05
5453,1.0,0.0,0.8888888888888888,0.8461538461538461,1.0,1.1111111111111112,1.1,0.5,0.5,1.05,1.3333333333333333
5454,0.0,0.8888888888888888,0.8461538461538461,1.0,1.1111111111111112,1.1,0.5,0.5,1.05,1.3333333333333333,1.5555555555555556
5455,1.5185185185185186,1.263157894736842,0.0,0.6896551724137931,1.0,1.0714285714285714,1.3478260869565217,1.2272727272727273,1.2,0.8823529411764706,0.9310344827586207
5456,1.263157894736842,0.0,0.6896551724137931,1.0,1.0714285714285714,1.3478260869565217,1.2272727272727273,1.2,0.8823529411764706,0.9310344827586207,1.2857142857142858
5457,0.0,0.6896551724137931,1.0,1.0714285714285714,1.3478260869565217,1.2272727272727273,1.2,0.8823529411764706,0.9310344827586207,1.2857142857142858,0.7297297297297297
5458,0.6896551724137931,1.0,1.0714285714285714,1.3478260869565217,1.2272727272727273,1.2,0.8823529411764706,0.9310344827586207,1.2857142857142858,0.7297297297297297,0.9333333333333333
5459,1.0,1.0714285714285714,1.3478260869565217,1.2272727272727273,1.2,0.8823529411764706,0.9310344827586207,1.2857142857142858,0.7297297297297297,0.9333333333333333,1.2222222222222223
5460,1.0714285714285714,1.3478260869565217,1.2272727272727273,1.2,0.8823529411764706,0.9310344827586207,1.2857142857142858,0.7297297297297297,0.9333333333333333,1.2222222222222223,1.1777777777777778
5461,1.3478260869565217,1.2272727272727273,1.2,0.8823529411764706,0.9310344827586207,1.2857142857142858,0.7297297297297297,0.9333333333333333,1.2222222222222223,1.1777777777777778,0.967741935483871
5462,1.2272727272727273,1.2,0.8823529411764706,0.9310344827586207,1.2857142857142858,0.7297297297297297,0.9333333333333333,1.2222222222222223,1.1777777777777778,0.967741935483871,0.9583333333333334
5463,1.2,0.8823529411764706,0.9310344827586207,1.2857142857142858,0.7297297297297297,0.9333333333333333,1.2222222222222223,1.1777777777777778,0.967741935483871,0.9583333333333334,0.9111111111111111
5464,0.8823529411764706,0.9310344827586207,1.2857142857142858,0.7297297297297297,0.9333333333333333,1.2222222222222223,1.1777777777777778,0.967741935483871,0.9583333333333334,0.9111111111111111,1.15
5465,0.9310344827586207,1.2857142857142858,0.7297297297297297,0.9333333333333333,1.2222222222222223,1.1777777777777778,0.967741935483871,0.9583333333333334,0.9111111111111111,1.15,0.0
5466,1.2857142857142858,0.7297297297297297,0.9333333333333333,1.2222222222222223,1.1777777777777778,0.967741935483871,0.9583333333333334,0.9111111111111111,1.15,0.0,0.7142857142857143
5467,0.7297297297297297,0.9333333333333333,1.2222222222222223,1.1777777777777778,0.967741935483871,0.9583333333333334,0.9111111111111111,1.15,0.0,0.7142857142857143,1.5454545454545454
5468,0.9333333333333333,1.2222222222222223,1.1777777777777778,0.967741935483871,0.9583333333333334,0.9111111111111111,1.15,0.0,0.7142857142857143,1.5454545454545454,0.59375
5469,1.2222222222222223,1.1777777777777778,0.967741935483871,0.9583333333333334,0.9111111111111111,1.15,0.0,0.7142857142857143,1.5454545454545454,0.59375,1.2941176470588236
5470,1.1777777777777778,0.967741935483871,0.9583333333333334,0.9111111111111111,1.15,0.0,0.7142857142857143,1.5454545454545454,0.59375,1.2941176470588236,0.0
5471,0.967741935483871,0.9583333333333334,0.9111111111111111,1.15,0.0,0.7142857142857143,1.5454545454545454,0.59375,1.2941176470588236,0.0,1.1428571428571428
5472,0.9583333333333334,0.9111111111111111,1.15,0.0,0.7142857142857143,1.5454545454545454,0.59375,1.2941176470588236,0.0,1.1428571428571428,0.92
5473,0.9111111111111111,1.15,0.0,0.7142857142857143,1.5454545454545454,0.59375,1.2941176470588236,0.0,1.1428571428571428,0.92,0.7272727272727273
5474,1.15,0.0,0.7142857142857143,1.5454545454545454,0.59375,1.2941176470588236,0.0,1.1428571428571428,0.92,0.7272727272727273,1.0357142857142858
5475,0.0,0.7142857142857143,1.5454545454545454,0.59375,1.2941176470588236,0.0,1.1428571428571428,0.92,0.7272727272727273,1.0357142857142858,1.4705882352941178
5476,0.7142857142857143,1.5454545454545454,0.59375,1.2941176470588236,0.0,1.1428571428571428,0.92,0.7272727272727273,1.0357142857142858,1.4705882352941178,0.0
5477,1.5454545454545454,0.59375,1.2941176470588236,0.0,1.1428571428571428,0.92,0.7272727272727273,1.0357142857142858,1.4705882352941178,0.0,1.2142857142857142
5478,0.59375,1.2941176470588236,0.0,1.1428571428571428,0.92,0.7272727272727273,1.0357142857142858,1.4705882352941178,0.0,1.2142857142857142,0.9565217391304348
5479,1.2941176470588236,0.0,1.1428571428571428,0.92,0.7272727272727273,1.0357142857142858,1.4705882352941178,0.0,1.2142857142857142,0.9565217391304348,1.5185185185185186
5480,0.0,1.1428571428571428,0.92,0.7272727272727273,1.0357142857142858,1.4705882352941178,0.0,1.2142857142857142,0.9565217391304348,1.5185185185185186,0.8421052631578947
5481,1.1428571428571428,0.92,0.7272727272727273,1.0357142857142858,1.4705882352941178,0.0,1.2142857142857142,0.9565217391304348,1.5185185185185186,0.8421052631578947,1.0238095238095237
5482,0.92,0.7272727272727273,1.0357142857142858,1.4705882352941178,0.0,1.2142857142857142,0.9565217391304348,1.5185185185185186,0.8421052631578947,1.0238095238095237,1.0
5483,0.7272727272727273,1.0357142857142858,1.4705882352941178,0.0,1.2142857142857142,0.9565217391304348,1.5185185185185186,0.8421052631578947,1.0238095238095237,1.0,1.24
5484,1.0357142857142858,1.4705882352941178,0.0,1.2142857142857142,0.9565217391304348,1.5185185185185186,0.8421052631578947,1.0238095238095237,1.0,1.24,1.2
5485,1.4705882352941178,0.0,1.2142857142857142,0.9565217391304348,1.5185185185185186,0.8421052631578947,1.0238095238095237,1.0,1.24,1.2,0.25
5486,0.0,1.2142857142857142,0.9565217391304348,1.5185185185185186,0.8421052631578947,1.0238095238095237,1.0,1.24,1.2,0.25,0.2
5487,1.2142857142857142,0.9565217391304348,1.5185185185185186,0.8421052631578947,1.0238095238095237,1.0,1.24,1.2,0.25,0.2,1.3043478260869565
5488,0.9565217391304348,1.5185185185185186,0.8421052631578947,1.0238095238095237,1.0,1.24,1.2,0.25,0.2,1.3043478260869565,0.16666666666666666
5489,1.5185185185185186,0.8421052631578947,1.0238095238095237,1.0,1.24,1.2,0.25,0.2,1.3043478260869565,0.16666666666666666,1.121212121212121
5490,0.8421052631578947,1.0238095238095237,1.0,1.24,1.2,0.25,0.2,1.3043478260869565,0.16666666666666666,1.121212121212121,0.9411764705882353
5491,1.0238095238095237,1.0,1.24,1.2,0.25,0.2,1.3043478260869565,0.16666666666666666,1.121212121212121,0.9411764705882353,0.25
5492,1.0,1.24,1.2,0.25,0.2,1.3043478260869565,0.16666666666666666,1.121212121212121,0.9411764705882353,0.25,0.3333333333333333
5493,1.24,1.2,0.25,0.2,1.3043478260869565,0.16666666666666666,1.121212121212121,0.9411764705882353,0.25,0.3333333333333333,0.6666666666666666
5494,1.2,0.25,0.2,1.3043478260869565,0.16666666666666666,1.121212121212121,0.9411764705882353,0.25,0.3333333333333333,0.6666666666666666,0.7222222222222222
5495,0.25,0.2,1.3043478260869565,0.16666666666666666,1.121212121212121,0.9411764705882353,0.25,0.3333333333333333,0.6666666666666666,0.7222222222222222,1.2307692307692308
5496,0.2,1.3043478260869565,0.16666666666666666,1.121212121212121,0.9411764705882353,0.25,0.3333333333333333,0.6666666666666666,0.7222222222222222,1.2307692307692308,1.0
5497,1.3043478260869565,0.16666666666666666,1.121212121212121,0.9411764705882353,0.25,0.3333333333333333,0.6666666666666666,0.7222222222222222,1.2307692307692308,1.0,0.14285714285714285
5498,0.16666666666666666,1.121212121212121,0.9411764705882353,0.25,0.3333333333333333,0.6666666666666666,0.7222222222222222,1.2307692307692308,1.0,0.14285714285714285,0.625
5499,1.121212121212121,0.9411764705882353,0.25,0.3333333333333333,0.6666666666666666,0.7222222222222222,1.2307692307692308,1.0,0.14285714285714285,0.625,0.8157894736842105
5500,0.9411764705882353,0.25,0.3333333333333333,0.6666666666666666,0.7222222222222222,1.2307692307692308,1.0,0.14285714285714285,0.625,0.8157894736842105,1.0416666666666667
5501,0.25,0.3333333333333333,0.6666666666666666,0.7222222222222222,1.2307692307692308,1.0,0.14285714285714285,0.625,0.8157894736842105,1.0416666666666667,1.1694915254237288
5502,0.3333333333333333,0.6666666666666666,0.7222222222222222,1.2307692307692308,1.0,0.14285714285714285,0.625,0.8157894736842105,1.0416666666666667,1.1694915254237288,0.0
5503,0.6666666666666666,0.7222222222222222,1.2307692307692308,1.0,0.14285714285714285,0.625,0.8157894736842105,1.0416666666666667,1.1694915254237288,0.0,1.1
5504,0.7222222222222222,1.2307692307692308,1.0,0.14285714285714285,0.625,0.8157894736842105,1.0416666666666667,1.1694915254237288,0.0,1.1,0.7647058823529411
5505,1.2307692307692308,1.0,0.14285714285714285,0.625,0.8157894736842105,1.0416666666666667,1.1694915254237288,0.0,1.1,0.7647058823529411,1.2
5506,1.0,0.14285714285714285,0.625,0.8157894736842105,1.0416666666666667,1.1694915254237288,0.0,1.1,0.7647058823529411,1.2,1.565217391304348
5507,0.14285714285714285,0.625,0.8157894736842105,1.0416666666666667,1.1694915254237288,0.0,1.1,0.7647058823529411,1.2,1.565217391304348,0.8181818181818182
5508,0.625,0.8157894736842105,1.0416666666666667,1.1694915254237288,0.0,1.1,0.7647058823529411,1.2,1.565217391304348,0.8181818181818182,1.4390243902439024
5509,0.8157894736842105,1.0416666666666667,1.1694915254237288,0.0,1.1,0.7647058823529411,1.2,1.565217391304348,0.8181818181818182,1.4390243902439024,0.0
5510,1.0416666666666667,1.1694915254237288,0.0,1.1,0.7647058823529411,1.2,1.565217391304348,0.8181818181818182,1.4390243902439024,0.0,0.9736842105263158
5511,1.1694915254237288,0.0,1.1,0.7647058823529411,1.2,1.565217391304348,0.8181818181818182,1.4390243902439024,0.0,0.9736842105263158,1.4
5512,0.0,1.1,0.7647058823529411,1.2,1.565217391304348,0.8181818181818182,1.4390243902439024,0.0,0.9736842105263158,1.4,0.0
5513,1.1,0.7647058823529411,1.2,1.565217391304348,0.8181818181818182,1.4390243902439024,0.0,0.9736842105263158,1.4,0.0,0.9
5514,0.7647058823529411,1.2,1.565217391304348,0.8181818181818182,1.4390243902439024,0.0,0.9736842105263158,1.4,0.0,0.9,0.6666666666666666
5515,1.2,1.565217391304348,0.8181818181818182,1.4390243902439024,0.0,0.9736842105263158,1.4,0.0,0.9,0.6666666666666666,1.0
5516,1.565217391304348,0.8181818181818182,1.4390243902439024,0.0,0.9736842105263158,1.4,0.0,0.9,0.6666666666666666,1.0,1.0975609756097562
5517,0.8181818181818182,1.4390243902439024,0.0,0.9736842105263158,1.4,0.0,0.9,0.6666666666666666,1.0,1.0975609756097562,0.8
5518,1.4390243902439024,0.0,0.9736842105263158,1.4,0.0,0.9,0.6666666666666666,1.0,1.0975609756097562,0.8,0.8387096774193549
5519,0.0,0.9736842105263158,1.4,0.0,0.9,0.6666666666666666,1.0,1.0975609756097562,0.8,0.8387096774193549,1.1111111111111112
5520,0.9736842105263158,1.4,0.0,0.9,0.6666666666666666,1.0,1.0975609756097562,0.8,0.8387096774193549,1.1111111111111112,0.4444444444444444
5521,1.4,0.0,0.9,0.6666666666666666,1.0,1.0975609756097562,0.8,0.8387096774193549,1.1111111111111112,0.4444444444444444,0.9090909090909091
5522,0.0,0.9,0.6666666666666666,1.0,1.0975609756097562,0.8,0.8387096774193549,1.1111111111111112,0.4444444444444444,0.9090909090909091,0.95
5523,0.9,0.6666666666666666,1.0,1.0975609756097562,0.8,0.8387096774193549,1.1111111111111112,0.4444444444444444,0.9090909090909091,0.95,0.8275862068965517
5524,0.6666666666666666,1.0,1.0975609756097562,0.8,0.8387096774193549,1.1111111111111112,0.4444444444444444,0.9090909090909091,0.95,0.8275862068965517,1.0526315789473684
5525,1.0,1.0975609756097562,0.8,0.8387096774193549,1.1111111111111112,0.4444444444444444,0.9090909090909091,0.95,0.8275862068965517,1.0526315789473684,1.25
5526,1.0975609756097562,0.8,0.8387096774193549,1.1111111111111112,0.4444444444444444,0.9090909090909091,0.95,0.8275862068965517,1.0526315789473684,1.25,1.0612244897959184
5527,0.8,0.8387096774193549,1.1111111111111112,0.4444444444444444,0.9090909090909091,0.95,0.8275862068965517,1.0526315789473684,1.25,1.0612244897959184,0.7142857142857143
5528,0.8387096774193549,1.1111111111111112,0.4444444444444444,0.9090909090909091,0.95,0.8275862068965517,1.0526315789473684,1.25,1.0612244897959184,0.7142857142857143,1.3166666666666667
5529,1.1111111111111112,0.4444444444444444,0.9090909090909091,0.95,0.8275862068965517,1.0526315789473684,1.25,1.0612244897959184,0.7142857142857143,1.3166666666666667,0.9230769230769231
5530,0.4444444444444444,0.9090909090909091,0.95,0.8275862068965517,1.0526315789473684,1.25,1.0612244897959184,0.7142857142857143,1.3166666666666667,0.9230769230769231,1.6181818181818182
5531,0.9090909090909091,0.95,0.8275862068965517,1.0526315789473684,1.25,1.0612244897959184,0.7142857142857143,1.3166666666666667,0.9230769230769231,1.6181818181818182,1.1176470588235294
5532,0.95,0.8275862068965517,1.0526315789473684,1.25,1.0612244897959184,0.7142857142857143,1.3166666666666667,0.9230769230769231,1.6181818181818182,1.1176470588235294,1.4210526315789473
5533,0.8275862068965517,1.0526315789473684,1.25,1.0612244897959184,0.7142857142857143,1.3166666666666667,0.9230769230769231,1.6181818181818182,1.1176470588235294,1.4210526315789473,0.9130434782608695
5534,1.0526315789473684,1.25,1.0612244897959184,0.7142857142857143,1.3166666666666667,0.9230769230769231,1.6181818181818182,1.1176470588235294,1.4210526315789473,0.9130434782608695,1.2272727272727273
5535,1.25,1.0612244897959184,0.7142857142857143,1.3166666666666667,0.9230769230769231,1.6181818181818182,1.1176470588235294,1.4210526315789473,0.9130434782608695,1.2272727272727273,1.4375
5536,1.0612244897959184,0.7142857142857143,1.3166666666666667,0.9230769230769231,1.6181818181818182,1.1176470588235294,1.4210526315789473,0.9130434782608695,1.2272727272727273,1.4375,0.0
5537,0.7142857142857143,1.3166666666666667,0.9230769230769231,1.6181818181818182,1.1176470588235294,1.4210526315789473,0.9130434782608695,1.2272727272727273,1.4375,0.0,1.6666666666666667
5538,1.3166666666666667,0.9230769230769231,1.6181818181818182,1.1176470588235294,1.4210526315789473,0.9130434782608695,1.2272727272727273,1.4375,0.0,1.6666666666666667,1.1
5539,0.9230769230769231,1.6181818181818182,1.1176470588235294,1.4210526315789473,0.9130434782608695,1.2272727272727273,1.4375,0.0,1.6666666666666667,1.1,1.2857142857142858
5540,0.9,1.1428571428571428,1.8518518518518519,1.894736842105263,1.3043478260869565,0.7777777777777778,0.4,0.0,2.090909090909091,0.75,2.0
5541,1.1428571428571428,1.8518518518518519,1.894736842105263,1.3043478260869565,0.7777777777777778,0.4,0.0,2.090909090909091,0.75,2.0,0.5
5542,1.8518518518518519,1.894736842105263,1.3043478260869565,0.7777777777777778,0.4,0.0,2.090909090909091,0.75,2.0,0.5,1.3333333333333333
5543,0.68,1.3,0.6666666666666666,1.1875,1.0,1.1935483870967742,1.3225806451612903,0.8974358974358975,1.0,1.1428571428571428,0.96
5544,1.3,0.6666666666666666,1.1875,1.0,1.1935483870967742,1.3225806451612903,0.8974358974358975,1.0,1.1428571428571428,0.96,2.4
5545,0.6666666666666666,1.1875,1.0,1.1935483870967742,1.3225806451612903,0.8974358974358975,1.0,1.1428571428571428,0.96,2.4,1.1071428571428572
5546,1.1875,1.0,1.1935483870967742,1.3225806451612903,0.8974358974358975,1.0,1.1428571428571428,0.96,2.4,1.1071428571428572,0.9230769230769231
5547,1.0,1.1935483870967742,1.3225806451612903,0.8974358974358975,1.0,1.1428571428571428,0.96,2.4,1.1071428571428572,0.9230769230769231,1.3333333333333333
5548,1.1935483870967742,1.3225806451612903,0.8974358974358975,1.0,1.1428571428571428,0.96,2.4,1.1071428571428572,0.9230769230769231,1.3333333333333333,1.173913043478261
5549,1.3225806451612903,0.8974358974358975,1.0,1.1428571428571428,0.96,2.4,1.1071428571428572,0.9230769230769231,1.3333333333333333,1.173913043478261,1.40625
5550,0.8974358974358975,1.0,1.1428571428571428,0.96,2.4,1.1071428571428572,0.9230769230769231,1.3333333333333333,1.173913043478261,1.40625,1.2258064516129032
5551,1.0,1.1428571428571428,0.96,2.4,1.1071428571428572,0.9230769230769231,1.3333333333333333,1.173913043478261,1.40625,1.2258064516129032,1.0
5552,1.1428571428571428,0.96,2.4,1.1071428571428572,0.9230769230769231,1.3333333333333333,1.173913043478261,1.40625,1.2258064516129032,1.0,1.5833333333333333
5553,0.96,2.4,1.1071428571428572,0.9230769230769231,1.3333333333333333,1.173913043478261,1.40625,1.2258064516129032,1.0,1.5833333333333333,0.8
5554,2.4,1.1071428571428572,0.9230769230769231,1.3333333333333333,1.173913043478261,1.40625,1.2258064516129032,1.0,1.5833333333333333,0.8,2.0833333333333335
5555,1.1071428571428572,0.9230769230769231,1.3333333333333333,1.173913043478261,1.40625,1.2258064516129032,1.0,1.5833333333333333,0.8,2.0833333333333335,0.6666666666666666
5556,0.9230769230769231,1.3333333333333333,1.173913043478261,1.40625,1.2258064516129032,1.0,1.5833333333333333,0.8,2.0833333333333335,0.6666666666666666,2.0
5557,1.3333333333333333,1.173913043478261,1.40625,1.2258064516129032,1.0,1.5833333333333333,0.8,2.0833333333333335,0.6666666666666666,2.0,1.0952380952380953
5558,1.173913043478261,1.40625,1.2258064516129032,1.0,1.5833333333333333,0.8,2.0833333333333335,0.6666666666666666,2.0,1.0952380952380953,2.6153846153846154
5559,1.40625,1.2258064516129032,1.0,1.5833333333333333,0.8,2.0833333333333335,0.6666666666666666,2.0,1.0952380952380953,2.6153846153846154,0.875
5560,1.2258064516129032,1.0,1.5833333333333333,0.8,2.0833333333333335,0.6666666666666666,2.0,1.0952380952380953,2.6153846153846154,0.875,0.8181818181818182
5561,1.0,1.5833333333333333,0.8,2.0833333333333335,0.6666666666666666,2.0,1.0952380952380953,2.6153846153846154,0.875,0.8181818181818182,1.1111111111111112
5562,1.5833333333333333,0.8,2.0833333333333335,0.6666666666666666,2.0,1.0952380952380953,2.6153846153846154,0.875,0.8181818181818182,1.1111111111111112,1.5
5563,0.8,2.0833333333333335,0.6666666666666666,2.0,1.0952380952380953,2.6153846153846154,0.875,0.8181818181818182,1.1111111111111112,1.5,1.2727272727272727
5564,2.0833333333333335,0.6666666666666666,2.0,1.0952380952380953,2.6153846153846154,0.875,0.8181818181818182,1.1111111111111112,1.5,1.2727272727272727,1.1071428571428572
5565,0.6666666666666666,2.0,1.0952380952380953,2.6153846153846154,0.875,0.8181818181818182,1.1111111111111112,1.5,1.2727272727272727,1.1071428571428572,0.3333333333333333
5566,2.0,1.0952380952380953,2.6153846153846154,0.875,0.8181818181818182,1.1111111111111112,1.5,1.2727272727272727,1.1071428571428572,0.3333333333333333,0.42857142857142855
5567,1.0952380952380953,2.6153846153846154,0.875,0.8181818181818182,1.1111111111111112,1.5,1.2727272727272727,1.1071428571428572,0.3333333333333333,0.42857142857142855,1.0
5568,2.6153846153846154,0.875,0.8181818181818182,1.1111111111111112,1.5,1.2727272727272727,1.1071428571428572,0.3333333333333333,0.42857142857142855,1.0,2.4375
5569,0.875,0.8181818181818182,1.1111111111111112,1.5,1.2727272727272727,1.1071428571428572,0.3333333333333333,0.42857142857142855,1.0,2.4375,2.125
5570,0.8181818181818182,1.1111111111111112,1.5,1.2727272727272727,1.1071428571428572,0.3333333333333333,0.42857142857142855,1.0,2.4375,2.125,1.490566037735849
5571,1.1111111111111112,1.5,1.2727272727272727,1.1071428571428572,0.3333333333333333,0.42857142857142855,1.0,2.4375,2.125,1.490566037735849,0.8333333333333334
5572,1.5,1.2727272727272727,1.1071428571428572,0.3333333333333333,0.42857142857142855,1.0,2.4375,2.125,1.490566037735849,0.8333333333333334,1.5357142857142858
5573,1.2727272727272727,1.1071428571428572,0.3333333333333333,0.42857142857142855,1.0,2.4375,2.125,1.490566037735849,0.8333333333333334,1.5357142857142858,2.0
5574,1.1071428571428572,0.3333333333333333,0.42857142857142855,1.0,2.4375,2.125,1.490566037735849,0.8333333333333334,1.5357142857142858,2.0,1.2291666666666667
5575,0.3333333333333333,0.42857142857142855,1.0,2.4375,2.125,1.490566037735849,0.8333333333333334,1.5357142857142858,2.0,1.2291666666666667,1.5625
5576,0.42857142857142855,1.0,2.4375,2.125,1.490566037735849,0.8333333333333334,1.5357142857142858,2.0,1.2291666666666667,1.5625,1.375
5577,1.0,2.4375,2.125,1.490566037735849,0.8333333333333334,1.5357142857142858,2.0,1.2291666666666667,1.5625,1.375,1.411764705882353
5578,2.4375,2.125,1.490566037735849,0.8333333333333334,1.5357142857142858,2.0,1.2291666666666667,1.5625,1.375,1.411764705882353,1.8
5579,2.125,1.490566037735849,0.8333333333333334,1.5357142857142858,2.0,1.2291666666666667,1.5625,1.375,1.411764705882353,1.8,0.95
5580,1.490566037735849,0.8333333333333334,1.5357142857142858,2.0,1.2291666666666667,1.5625,1.375,1.411764705882353,1.8,0.95,1.7142857142857142
5581,0.8333333333333334,1.5357142857142858,2.0,1.2291666666666667,1.5625,1.375,1.411764705882353,1.8,0.95,1.7142857142857142,1.125
5582,1.5357142857142858,2.0,1.2291666666666667,1.5625,1.375,1.411764705882353,1.8,0.95,1.7142857142857142,1.125,1.434782608695652
5583,2.0,1.2291666666666667,1.5625,1.375,1.411764705882353,1.8,0.95,1.7142857142857142,1.125,1.434782608695652,0.8571428571428571
5584,1.2291666666666667,1.5625,1.375,1.411764705882353,1.8,0.95,1.7142857142857142,1.125,1.434782608695652,0.8571428571428571,1.6666666666666667
5585,1.5625,1.375,1.411764705882353,1.8,0.95,1.7142857142857142,1.125,1.434782608695652,0.8571428571428571,1.6666666666666667,1.15
5586,1.375,1.411764705882353,1.8,0.95,1.7142857142857142,1.125,1.434782608695652,0.8571428571428571,1.6666666666666667,1.15,1.7
5587,1.411764705882353,1.8,0.95,1.7142857142857142,1.125,1.434782608695652,0.8571428571428571,1.6666666666666667,1.15,1.7,0.6666666666666666
5588,1.8,0.95,1.7142857142857142,1.125,1.434782608695652,0.8571428571428571,1.6666666666666667,1.15,1.7,0.6666666666666666,1.4615384615384615
5589,0.95,1.7142857142857142,1.125,1.434782608695652,0.8571428571428571,1.6666666666666667,1.15,1.7,0.6666666666666666,1.4615384615384615,1.3529411764705883
5590,1.7142857142857142,1.125,1.434782608695652,0.8571428571428571,1.6666666666666667,1.15,1.7,0.6666666666666666,1.4615384615384615,1.3529411764705883,1.8703703703703705
5591,1.125,1.434782608695652,0.8571428571428571,1.6666666666666667,1.15,1.7,0.6666666666666666,1.4615384615384615,1.3529411764705883,1.8703703703703705,1.9565217391304348
5592,1.434782608695652,0.8571428571428571,1.6666666666666667,1.15,1.7,0.6666666666666666,1.4615384615384615,1.3529411764705883,1.8703703703703705,1.9565217391304348,1.5555555555555556
5593,0.8571428571428571,1.6666666666666667,1.15,1.7,0.6666666666666666,1.4615384615384615,1.3529411764705883,1.8703703703703705,1.9565217391304348,1.5555555555555556,0.9629629629629629
5594,1.6666666666666667,1.15,1.7,0.6666666666666666,1.4615384615384615,1.3529411764705883,1.8703703703703705,1.9565217391304348,1.5555555555555556,0.9629629629629629,1.2857142857142858
5595,1.15,1.7,0.6666666666666666,1.4615384615384615,1.3529411764705883,1.8703703703703705,1.9565217391304348,1.5555555555555556,0.9629629629629629,1.2857142857142858,1.4166666666666667
5596,1.7,0.6666666666666666,1.4615384615384615,1.3529411764705883,1.8703703703703705,1.9565217391304348,1.5555555555555556,0.9629629629629629,1.2857142857142858,1.4166666666666667,1.3783783783783783
5597,0.6666666666666666,1.4615384615384615,1.3529411764705883,1.8703703703703705,1.9565217391304348,1.5555555555555556,0.9629629629629629,1.2857142857142858,1.4166666666666667,1.3783783783783783,1.0
5598,1.4615384615384615,1.3529411764705883,1.8703703703703705,1.9565217391304348,1.5555555555555556,0.9629629629629629,1.2857142857142858,1.4166666666666667,1.3783783783783783,1.0,0.8717948717948718
5599,1.3529411764705883,1.8703703703703705,1.9565217391304348,1.5555555555555556,0.9629629629629629,1.2857142857142858,1.4166666666666667,1.3783783783783783,1.0,0.8717948717948718,0.8333333333333334
5600,1.8703703703703705,1.9565217391304348,1.5555555555555556,0.9629629629629629,1.2857142857142858,1.4166666666666667,1.3783783783783783,1.0,0.8717948717948718,0.8333333333333334,0.5
5601,1.9565217391304348,1.5555555555555556,0.9629629629629629,1.2857142857142858,1.4166666666666667,1.3783783783783783,1.0,0.8717948717948718,0.8333333333333334,0.5,1.02
5602,1.5555555555555556,0.9629629629629629,1.2857142857142858,1.4166666666666667,1.3783783783783783,1.0,0.8717948717948718,0.8333333333333334,0.5,1.02,1.25
5603,0.9629629629629629,1.2857142857142858,1.4166666666666667,1.3783783783783783,1.0,0.8717948717948718,0.8333333333333334,0.5,1.02,1.25,0.9333333333333333
5604,1.2857142857142858,1.4166666666666667,1.3783783783783783,1.0,0.8717948717948718,0.8333333333333334,0.5,1.02,1.25,0.9333333333333333,1.2586206896551724
5605,1.4166666666666667,1.3783783783783783,1.0,0.8717948717948718,0.8333333333333334,0.5,1.02,1.25,0.9333333333333333,1.2586206896551724,0.6818181818181818
5606,1.3783783783783783,1.0,0.8717948717948718,0.8333333333333334,0.5,1.02,1.25,0.9333333333333333,1.2586206896551724,0.6818181818181818,0.8
5607,1.0,0.8717948717948718,0.8333333333333334,0.5,1.02,1.25,0.9333333333333333,1.2586206896551724,0.6818181818181818,0.8,0.25
5608,0.8717948717948718,0.8333333333333334,0.5,1.02,1.25,0.9333333333333333,1.2586206896551724,0.6818181818181818,0.8,0.25,1.1470588235294117
5609,0.8333333333333334,0.5,1.02,1.25,0.9333333333333333,1.2586206896551724,0.6818181818181818,0.8,0.25,1.1470588235294117,1.125
5610,0.5,1.02,1.25,0.9333333333333333,1.2586206896551724,0.6818181818181818,0.8,0.25,1.1470588235294117,1.125,0.8571428571428571
5611,1.02,1.25,0.9333333333333333,1.2586206896551724,0.6818181818181818,0.8,0.25,1.1470588235294117,1.125,0.8571428571428571,1.21875
5612,1.25,0.9333333333333333,1.2586206896551724,0.6818181818181818,0.8,0.25,1.1470588235294117,1.125,0.8571428571428571,1.21875,0.3333333333333333
5613,0.9333333333333333,1.2586206896551724,0.6818181818181818,0.8,0.25,1.1470588235294117,1.125,0.8571428571428571,1.21875,0.3333333333333333,0.7647058823529411
5614,1.2586206896551724,0.6818181818181818,0.8,0.25,1.1470588235294117,1.125,0.8571428571428571,1.21875,0.3333333333333333,0.7647058823529411,1.36
5615,0.6818181818181818,0.8,0.25,1.1470588235294117,1.125,0.8571428571428571,1.21875,0.3333333333333333,0.7647058823529411,1.36,0.8333333333333334
5616,0.8,0.25,1.1470588235294117,1.125,0.8571428571428571,1.21875,0.3333333333333333,0.7647058823529411,1.36,0.8333333333333334,1.2666666666666666
5617,0.25,1.1470588235294117,1.125,0.8571428571428571,1.21875,0.3333333333333333,0.7647058823529411,1.36,0.8333333333333334,1.2666666666666666,1.55
5618,1.1470588235294117,1.125,0.8571428571428571,1.21875,0.3333333333333333,0.7647058823529411,1.36,0.8333333333333334,1.2666666666666666,1.55,1.375
5619,1.125,0.8571428571428571,1.21875,0.3333333333333333,0.7647058823529411,1.36,0.8333333333333334,1.2666666666666666,1.55,1.375,1.7407407407407407
5620,0.8571428571428571,1.21875,0.3333333333333333,0.7647058823529411,1.36,0.8333333333333334,1.2666666666666666,1.55,1.375,1.7407407407407407,0.75
5621,1.21875,0.3333333333333333,0.7647058823529411,1.36,0.8333333333333334,1.2666666666666666,1.55,1.375,1.7407407407407407,0.75,1.0909090909090908
5622,0.3333333333333333,0.7647058823529411,1.36,0.8333333333333334,1.2666666666666666,1.55,1.375,1.7407407407407407,0.75,1.0909090909090908,2.0
5623,0.7647058823529411,1.36,0.8333333333333334,1.2666666666666666,1.55,1.375,1.7407407407407407,0.75,1.0909090909090908,2.0,1.4680851063829787
5624,1.36,0.8333333333333334,1.2666666666666666,1.55,1.375,1.7407407407407407,0.75,1.0909090909090908,2.0,1.4680851063829787,1.8518518518518519
5625,0.8333333333333334,1.2666666666666666,1.55,1.375,1.7407407407407407,0.75,1.0909090909090908,2.0,1.4680851063829787,1.8518518518518519,1.1785714285714286
5626,1.3666666666666667,0.25,1.3157894736842106,1.0833333333333333,1.8125,0.7142857142857143,0.8181818181818182,1.1666666666666667,0.9523809523809523,0.4,0.0
5627,0.25,1.3157894736842106,1.0833333333333333,1.8125,0.7142857142857143,0.8181818181818182,1.1666666666666667,0.9523809523809523,0.4,0.0,1.2
5628,1.3157894736842106,1.0833333333333333,1.8125,0.7142857142857143,0.8181818181818182,1.1666666666666667,0.9523809523809523,0.4,0.0,1.2,1.0
5629,1.0833333333333333,1.8125,0.7142857142857143,0.8181818181818182,1.1666666666666667,0.9523809523809523,0.4,0.0,1.2,1.0,1.0
5630,1.8125,0.7142857142857143,0.8181818181818182,1.1666666666666667,0.9523809523809523,0.4,0.0,1.2,1.0,1.0,0.6363636363636364
5631,0.7142857142857143,0.8181818181818182,1.1666666666666667,0.9523809523809523,0.4,0.0,1.2,1.0,1.0,0.6363636363636364,1.7619047619047619
5632,0.8181818181818182,1.1666666666666667,0.9523809523809523,0.4,0.0,1.2,1.0,1.0,0.6363636363636364,1.7619047619047619,0.2222222222222222
5633,1.1428571428571428,0.9166666666666666,2.1666666666666665,1.9655172413793103,1.0,0.2857142857142857,1.0909090909090908,0.0,0.6923076923076923,0.8837209302325582,2.5294117647058822
5634,0.9166666666666666,2.1666666666666665,1.9655172413793103,1.0,0.2857142857142857,1.0909090909090908,0.0,0.6923076923076923,0.8837209302325582,2.5294117647058822,1.1481481481481481
5635,2.1666666666666665,1.9655172413793103,1.0,0.2857142857142857,1.0909090909090908,0.0,0.6923076923076923,0.8837209302325582,2.5294117647058822,1.1481481481481481,0.2
5636,1.9655172413793103,1.0,0.2857142857142857,1.0909090909090908,0.0,0.6923076923076923,0.8837209302325582,2.5294117647058822,1.1481481481481481,0.2,0.0
5637,1.0,0.2857142857142857,1.0909090909090908,0.0,0.6923076923076923,0.8837209302325582,2.5294117647058822,1.1481481481481481,0.2,0.0,0.8
5638,0.2857142857142857,1.0909090909090908,0.0,0.6923076923076923,0.8837209302325582,2.5294117647058822,1.1481481481481481,0.2,0.0,0.8,1.0
5639,1.0909090909090908,0.0,0.6923076923076923,0.8837209302325582,2.5294117647058822,1.1481481481481481,0.2,0.0,0.8,1.0,0.0
5640,0.0,0.6923076923076923,0.8837209302325582,2.5294117647058822,1.1481481481481481,0.2,0.0,0.8,1.0,0.0,0.85
5641,0.6923076923076923,0.8837209302325582,2.5294117647058822,1.1481481481481481,0.2,0.0,0.8,1.0,0.0,0.85,1.4
5642,0.8837209302325582,2.5294117647058822,1.1481481481481481,0.2,0.0,0.8,1.0,0.0,0.85,1.4,1.5434782608695652
5643,2.5294117647058822,1.1481481481481481,0.2,0.0,0.8,1.0,0.0,0.85,1.4,1.5434782608695652,0.7333333333333333
5644,1.1481481481481481,0.2,0.0,0.8,1.0,0.0,0.85,1.4,1.5434782608695652,0.7333333333333333,0.90625
5645,0.2,0.0,0.8,1.0,0.0,0.85,1.4,1.5434782608695652,0.7333333333333333,0.90625,0.0
5646,0.0,0.8,1.0,0.0,0.85,1.4,1.5434782608695652,0.7333333333333333,0.90625,0.0,0.9523809523809523
5647,0.8,1.0,0.0,0.85,1.4,1.5434782608695652,0.7333333333333333,0.90625,0.0,0.9523809523809523,1.2058823529411764
5648,1.0,0.0,0.85,1.4,1.5434782608695652,0.7333333333333333,0.90625,0.0,0.9523809523809523,1.2058823529411764,1.5517241379310345
5649,0.0,0.85,1.4,1.5434782608695652,0.7333333333333333,0.90625,0.0,0.9523809523809523,1.2058823529411764,1.5517241379310345,0.9285714285714286
5650,0.85,1.4,1.5434782608695652,0.7333333333333333,0.90625,0.0,0.9523809523809523,1.2058823529411764,1.5517241379310345,0.9285714285714286,0.8620689655172413
5651,1.4,1.5434782608695652,0.7333333333333333,0.90625,0.0,0.9523809523809523,1.2058823529411764,1.5517241379310345,0.9285714285714286,0.8620689655172413,2.0
5652,1.5434782608695652,0.7333333333333333,0.90625,0.0,0.9523809523809523,1.2058823529411764,1.5517241379310345,0.9285714285714286,0.8620689655172413,2.0,0.75
5653,0.7333333333333333,0.90625,0.0,0.9523809523809523,1.2058823529411764,1.5517241379310345,0.9285714285714286,0.8620689655172413,2.0,0.75,1.4
5654,0.90625,0.0,0.9523809523809523,1.2058823529411764,1.5517241379310345,0.9285714285714286,0.8620689655172413,2.0,0.75,1.4,0.75
5655,0.0,0.9523809523809523,1.2058823529411764,1.5517241379310345,0.9285714285714286,0.8620689655172413,2.0,0.75,1.4,0.75,1.3
5656,0.9523809523809523,1.2058823529411764,1.5517241379310345,0.9285714285714286,0.8620689655172413,2.0,0.75,1.4,0.75,1.3,1.125
5657,1.2058823529411764,1.5517241379310345,0.9285714285714286,0.8620689655172413,2.0,0.75,1.4,0.75,1.3,1.125,1.032258064516129
5658,1.5517241379310345,0.9285714285714286,0.8620689655172413,2.0,0.75,1.4,0.75,1.3,1.125,1.032258064516129,0.7142857142857143
5659,0.9285714285714286,0.8620689655172413,2.0,0.75,1.4,0.75,1.3,1.125,1.032258064516129,0.7142857142857143,1.0
5660,0.8620689655172413,2.0,0.75,1.4,0.75,1.3,1.125,1.032258064516129,0.7142857142857143,1.0,0.5
5661,2.0,0.75,1.4,0.75,1.3,1.125,1.032258064516129,0.7142857142857143,1.0,0.5,0.7272727272727273
5662,0.75,1.4,0.75,1.3,1.125,1.032258064516129,0.7142857142857143,1.0,0.5,0.7272727272727273,1.1388888888888888
5663,1.4,0.75,1.3,1.125,1.032258064516129,0.7142857142857143,1.0,0.5,0.7272727272727273,1.1388888888888888,1.3225806451612903
5664,0.75,1.3,1.125,1.032258064516129,0.7142857142857143,1.0,0.5,0.7272727272727273,1.1388888888888888,1.3225806451612903,0.8
5665,1.3,1.125,1.032258064516129,0.7142857142857143,1.0,0.5,0.7272727272727273,1.1388888888888888,1.3225806451612903,0.8,1.05
5666,1.125,1.032258064516129,0.7142857142857143,1.0,0.5,0.7272727272727273,1.1388888888888888,1.3225806451612903,0.8,1.05,0.3333333333333333
5667,1.032258064516129,0.7142857142857143,1.0,0.5,0.7272727272727273,1.1388888888888888,1.3225806451612903,0.8,1.05,0.3333333333333333,1.5925925925925926
5668,0.7142857142857143,1.0,0.5,0.7272727272727273,1.1388888888888888,1.3225806451612903,0.8,1.05,0.3333333333333333,1.5925925925925926,0.6
5669,1.0,0.5,0.7272727272727273,1.1388888888888888,1.3225806451612903,0.8,1.05,0.3333333333333333,1.5925925925925926,0.6,2.2
5670,0.5,0.7272727272727273,1.1388888888888888,1.3225806451612903,0.8,1.05,0.3333333333333333,1.5925925925925926,0.6,2.2,1.5151515151515151
5671,0.7272727272727273,1.1388888888888888,1.3225806451612903,0.8,1.05,0.3333333333333333,1.5925925925925926,0.6,2.2,1.5151515151515151,1.3333333333333333
5672,1.1388888888888888,1.3225806451612903,0.8,1.05,0.3333333333333333,1.5925925925925926,0.6,2.2,1.5151515151515151,1.3333333333333333,1.4285714285714286
5673,1.3225806451612903,0.8,1.05,0.3333333333333333,1.5925925925925926,0.6,2.2,1.5151515151515151,1.3333333333333333,1.4285714285714286,1.3793103448275863
5674,0.8,1.05,0.3333333333333333,1.5925925925925926,0.6,2.2,1.5151515151515151,1.3333333333333333,1.4285714285714286,1.3793103448275863,1.105263157894737
5675,1.05,0.3333333333333333,1.5925925925925926,0.6,2.2,1.5151515151515151,1.3333333333333333,1.4285714285714286,1.3793103448275863,1.105263157894737,1.8888888888888888
5676,0.3333333333333333,1.5925925925925926,0.6,2.2,1.5151515151515151,1.3333333333333333,1.4285714285714286,1.3793103448275863,1.105263157894737,1.8888888888888888,1.75
5677,1.5925925925925926,0.6,2.2,1.5151515151515151,1.3333333333333333,1.4285714285714286,1.3793103448275863,1.105263157894737,1.8888888888888888,1.75,1.8571428571428572
5678,0.6,2.2,1.5151515151515151,1.3333333333333333,1.4285714285714286,1.3793103448275863,1.105263157894737,1.8888888888888888,1.75,1.8571428571428572,1.1428571428571428
5679,2.2,1.5151515151515151,1.3333333333333333,1.4285714285714286,1.3793103448275863,1.105263157894737,1.8888888888888888,1.75,1.8571428571428572,1.1428571428571428,1.8888888888888888
5680,1.5151515151515151,1.3333333333333333,1.4285714285714286,1.3793103448275863,1.105263157894737,1.8888888888888888,1.75,1.8571428571428572,1.1428571428571428,1.8888888888888888,1.5
5681,1.3333333333333333,1.4285714285714286,1.3793103448275863,1.105263157894737,1.8888888888888888,1.75,1.8571428571428572,1.1428571428571428,1.8888888888888888,1.5,0.3333333333333333
5682,1.4285714285714286,1.3793103448275863,1.105263157894737,1.8888888888888888,1.75,1.8571428571428572,1.1428571428571428,1.8888888888888888,1.5,0.3333333333333333,1.375
5683,1.3793103448275863,1.105263157894737,1.8888888888888888,1.75,1.8571428571428572,1.1428571428571428,1.8888888888888888,1.5,0.3333333333333333,1.375,0.0
5684,0.2857142857142857,0.0,0.2857142857142857,2.0,2.3333333333333335,0.6666666666666666,0.2,0.5,0.75,0.0,0.9411764705882353
5685,0.0,0.2857142857142857,2.0,2.3333333333333335,0.6666666666666666,0.2,0.5,0.75,0.0,0.9411764705882353,1.125
5686,0.2857142857142857,2.0,2.3333333333333335,0.6666666666666666,0.2,0.5,0.75,0.0,0.9411764705882353,1.125,4.0
5687,2.0,2.3333333333333335,0.6666666666666666,0.2,0.5,0.75,0.0,0.9411764705882353,1.125,4.0,1.8571428571428572
5688,2.3333333333333335,0.6666666666666666,0.2,0.5,0.75,0.0,0.9411764705882353,1.125,4.0,1.8571428571428572,1.9090909090909092
5689,0.6666666666666666,0.2,0.5,0.75,0.0,0.9411764705882353,1.125,4.0,1.8571428571428572,1.9090909090909092,2.25
5690,0.2,0.5,0.75,0.0,0.9411764705882353,1.125,4.0,1.8571428571428572,1.9090909090909092,2.25,0.6666666666666666
5691,0.5,0.75,0.0,0.9411764705882353,1.125,4.0,1.8571428571428572,1.9090909090909092,2.25,0.6666666666666666,1.5
5692,0.75,0.0,0.9411764705882353,1.125,4.0,1.8571428571428572,1.9090909090909092,2.25,0.6666666666666666,1.5,2.6666666666666665
5693,0.0,0.9411764705882353,1.125,4.0,1.8571428571428572,1.9090909090909092,2.25,0.6666666666666666,1.5,2.6666666666666665,2.6
5694,0.9411764705882353,1.125,4.0,1.8571428571428572,1.9090909090909092,2.25,0.6666666666666666,1.5,2.6666666666666665,2.6,6.0
5695,1.125,4.0,1.8571428571428572,1.9090909090909092,2.25,0.6666666666666666,1.5,2.6666666666666665,2.6,6.0,1.0
5696,4.0,1.8571428571428572,1.9090909090909092,2.25,0.6666666666666666,1.5,2.6666666666666665,2.6,6.0,1.0,0.7777777777777778
5697,1.8571428571428572,1.9090909090909092,2.25,0.6666666666666666,1.5,2.6666666666666665,2.6,6.0,1.0,0.7777777777777778,1.1111111111111112
5698,1.9090909090909092,2.25,0.6666666666666666,1.5,2.6666666666666665,2.6,6.0,1.0,0.7777777777777778,1.1111111111111112,1.3333333333333333
5699,2.25,0.6666666666666666,1.5,2.6666666666666665,2.6,6.0,1.0,0.7777777777777778,1.1111111111111112,1.3333333333333333,0.0
5700,0.6666666666666666,1.5,2.6666666666666665,2.6,6.0,1.0,0.7777777777777778,1.1111111111111112,1.3333333333333333,0.0,1.0
5701,1.5,2.6666666666666665,2.6,6.0,1.0,0.7777777777777778,1.1111111111111112,1.3333333333333333,0.0,1.0,1.15
5702,2.6666666666666665,2.6,6.0,1.0,0.7777777777777778,1.1111111111111112,1.3333333333333333,0.0,1.0,1.15,1.7142857142857142
5703,2.6,6.0,1.0,0.7777777777777778,1.1111111111111112,1.3333333333333333,0.0,1.0,1.15,1.7142857142857142,1.3076923076923077
5704,6.0,1.0,0.7777777777777778,1.1111111111111112,1.3333333333333333,0.0,1.0,1.15,1.7142857142857142,1.3076923076923077,1.75
5705,1.0,0.7777777777777778,1.1111111111111112,1.3333333333333333,0.0,1.0,1.15,1.7142857142857142,1.3076923076923077,1.75,0.0
5706,0.7777777777777778,1.1111111111111112,1.3333333333333333,0.0,1.0,1.15,1.7142857142857142,1.3076923076923077,1.75,0.0,1.5
5707,1.1111111111111112,1.3333333333333333,0.0,1.0,1.15,1.7142857142857142,1.3076923076923077,1.75,0.0,1.5,1.8333333333333333
5708,1.3333333333333333,0.0,1.0,1.15,1.7142857142857142,1.3076923076923077,1.75,0.0,1.5,1.8333333333333333,1.7142857142857142
5709,0.0,1.0,1.15,1.7142857142857142,1.3076923076923077,1.75,0.0,1.5,1.8333333333333333,1.7142857142857142,1.0
5710,1.0,1.15,1.7142857142857142,1.3076923076923077,1.75,0.0,1.5,1.8333333333333333,1.7142857142857142,1.0,1.5
5711,1.15,1.7142857142857142,1.3076923076923077,1.75,0.0,1.5,1.8333333333333333,1.7142857142857142,1.0,1.5,1.1333333333333333
5712,1.7142857142857142,1.3076923076923077,1.75,0.0,1.5,1.8333333333333333,1.7142857142857142,1.0,1.5,1.1333333333333333,1.4285714285714286
5713,1.3076923076923077,1.75,0.0,1.5,1.8333333333333333,1.7142857142857142,1.0,1.5,1.1333333333333333,1.4285714285714286,1.0
5714,1.75,0.0,1.5,1.8333333333333333,1.7142857142857142,1.0,1.5,1.1333333333333333,1.4285714285714286,1.0,1.0
5715,0.0,1.5,1.8333333333333333,1.7142857142857142,1.0,1.5,1.1333333333333333,1.4285714285714286,1.0,1.0,1.0
5716,1.5,1.8333333333333333,1.7142857142857142,1.0,1.5,1.1333333333333333,1.4285714285714286,1.0,1.0,1.0,0.3333333333333333
5717,1.8333333333333333,1.7142857142857142,1.0,1.5,1.1333333333333333,1.4285714285714286,1.0,1.0,1.0,0.3333333333333333,0.1
5718,1.7142857142857142,1.0,1.5,1.1333333333333333,1.4285714285714286,1.0,1.0,1.0,0.3333333333333333,0.1,0.8
5719,1.0,1.5,1.1333333333333333,1.4285714285714286,1.0,1.0,1.0,0.3333333333333333,0.1,0.8,0.0
5720,1.5,1.1333333333333333,1.4285714285714286,1.0,1.0,1.0,0.3333333333333333,0.1,0.8,0.0,1.6
5721,0.0,0.6666666666666666,0.0,0.25,0.2,0.4444444444444444,0.5,1.0,0.18181818181818182,1.0,1.0
5722,0.6666666666666666,0.0,0.25,0.2,0.4444444444444444,0.5,1.0,0.18181818181818182,1.0,1.0,0.375
5723,0.0,0.25,0.2,0.4444444444444444,0.5,1.0,0.18181818181818182,1.0,1.0,0.375,0.0
5724,0.25,0.2,0.4444444444444444,0.5,1.0,0.18181818181818182,1.0,1.0,0.375,0.0,4.0
5725,0.2,0.4444444444444444,0.5,1.0,0.18181818181818182,1.0,1.0,0.375,0.0,4.0,0.0
5726,0.4444444444444444,0.5,1.0,0.18181818181818182,1.0,1.0,0.375,0.0,4.0,0.0,1.5714285714285714
5727,0.5,1.0,0.18181818181818182,1.0,1.0,0.375,0.0,4.0,0.0,1.5714285714285714,0.0
5728,1.0,0.18181818181818182,1.0,1.0,0.375,0.0,4.0,0.0,1.5714285714285714,0.0,0.3333333333333333
5729,0.18181818181818182,1.0,1.0,0.375,0.0,4.0,0.0,1.5714285714285714,0.0,0.3333333333333333,0.0
5730,1.0,1.0,0.375,0.0,4.0,0.0,1.5714285714285714,0.0,0.3333333333333333,0.0,0.6666666666666666
5731,1.0,0.375,0.0,4.0,0.0,1.5714285714285714,0.0,0.3333333333333333,0.0,0.6666666666666666,0.5
5732,0.375,0.0,4.0,0.0,1.5714285714285714,0.0,0.3333333333333333,0.0,0.6666666666666666,0.5,1.0
5733,0.0,4.0,0.0,1.5714285714285714,0.0,0.3333333333333333,0.0,0.6666666666666666,0.5,1.0,0.3333333333333333
5734,4.0,0.0,1.5714285714285714,0.0,0.3333333333333333,0.0,0.6666666666666666,0.5,1.0,0.3333333333333333,2.5555555555555554
5735,0.0,1.5714285714285714,0.0,0.3333333333333333,0.0,0.6666666666666666,0.5,1.0,0.3333333333333333,2.5555555555555554,2.3333333333333335
5736,1.5714285714285714,0.0,0.3333333333333333,0.0,0.6666666666666666,0.5,1.0,0.3333333333333333,2.5555555555555554,2.3333333333333335,1.3333333333333333
5737,0.0,0.3333333333333333,0.0,0.6666666666666666,0.5,1.0,0.3333333333333333,2.5555555555555554,2.3333333333333335,1.3333333333333333,0.9444444444444444
5738,0.6666666666666666,1.4516129032258065,1.25,2.272727272727273,0.625,1.5925925925925926,1.4,0.5,1.0,1.375,1.4411764705882353
5739,1.4516129032258065,1.25,2.272727272727273,0.625,1.5925925925925926,1.4,0.5,1.0,1.375,1.4411764705882353,1.0689655172413792
5740,1.25,2.272727272727273,0.625,1.5925925925925926,1.4,0.5,1.0,1.375,1.4411764705882353,1.0689655172413792,1.8048780487804879
5741,2.272727272727273,0.625,1.5925925925925926,1.4,0.5,1.0,1.375,1.4411764705882353,1.0689655172413792,1.8048780487804879,0.8333333333333334
5742,0.625,1.5925925925925926,1.4,0.5,1.0,1.375,1.4411764705882353,1.0689655172413792,1.8048780487804879,0.8333333333333334,1.1923076923076923
5743,1.5925925925925926,1.4,0.5,1.0,1.375,1.4411764705882353,1.0689655172413792,1.8048780487804879,0.8333333333333334,1.1923076923076923,1.3076923076923077
5744,1.4,0.5,1.0,1.375,1.4411764705882353,1.0689655172413792,1.8048780487804879,0.8333333333333334,1.1923076923076923,1.3076923076923077,1.4
5745,0.5,1.0,1.375,1.4411764705882353,1.0689655172413792,1.8048780487804879,0.8333333333333334,1.1923076923076923,1.3076923076923077,1.4,1.588235294117647
5746,1.0,1.375,1.4411764705882353,1.0689655172413792,1.8048780487804879,0.8333333333333334,1.1923076923076923,1.3076923076923077,1.4,1.588235294117647,1.0714285714285714
5747,1.375,1.4411764705882353,1.0689655172413792,1.8048780487804879,0.8333333333333334,1.1923076923076923,1.3076923076923077,1.4,1.588235294117647,1.0714285714285714,1.2790697674418605
5748,1.4411764705882353,1.0689655172413792,1.8048780487804879,0.8333333333333334,1.1923076923076923,1.3076923076923077,1.4,1.588235294117647,1.0714285714285714,1.2790697674418605,0.8181818181818182
5749,1.0689655172413792,1.8048780487804879,0.8333333333333334,1.1923076923076923,1.3076923076923077,1.4,1.588235294117647,1.0714285714285714,1.2790697674418605,0.8181818181818182,1.5483870967741935
5750,1.8048780487804879,0.8333333333333334,1.1923076923076923,1.3076923076923077,1.4,1.588235294117647,1.0714285714285714,1.2790697674418605,0.8181818181818182,1.5483870967741935,0.6363636363636364
5751,0.8333333333333334,1.1923076923076923,1.3076923076923077,1.4,1.588235294117647,1.0714285714285714,1.2790697674418605,0.8181818181818182,1.5483870967741935,0.6363636363636364,1.0
5752,1.1923076923076923,1.3076923076923077,1.4,1.588235294117647,1.0714285714285714,1.2790697674418605,0.8181818181818182,1.5483870967741935,0.6363636363636364,1.0,1.1111111111111112
5753,1.3076923076923077,1.4,1.588235294117647,1.0714285714285714,1.2790697674418605,0.8181818181818182,1.5483870967741935,0.6363636363636364,1.0,1.1111111111111112,0.0
5754,1.4,1.588235294117647,1.0714285714285714,1.2790697674418605,0.8181818181818182,1.5483870967741935,0.6363636363636364,1.0,1.1111111111111112,0.0,1.607843137254902
5755,1.588235294117647,1.0714285714285714,1.2790697674418605,0.8181818181818182,1.5483870967741935,0.6363636363636364,1.0,1.1111111111111112,0.0,1.607843137254902,1.0851063829787233
5756,1.0714285714285714,1.2790697674418605,0.8181818181818182,1.5483870967741935,0.6363636363636364,1.0,1.1111111111111112,0.0,1.607843137254902,1.0851063829787233,0.0
5757,1.2790697674418605,0.8181818181818182,1.5483870967741935,0.6363636363636364,1.0,1.1111111111111112,0.0,1.607843137254902,1.0851063829787233,0.0,1.8620689655172413
5758,0.8181818181818182,1.5483870967741935,0.6363636363636364,1.0,1.1111111111111112,0.0,1.607843137254902,1.0851063829787233,0.0,1.8620689655172413,2.090909090909091
5759,1.5483870967741935,0.6363636363636364,1.0,1.1111111111111112,0.0,1.607843137254902,1.0851063829787233,0.0,1.8620689655172413,2.090909090909091,1.4137931034482758
5760,0.6363636363636364,1.0,1.1111111111111112,0.0,1.607843137254902,1.0851063829787233,0.0,1.8620689655172413,2.090909090909091,1.4137931034482758,2.5135135135135136
5761,1.0,1.1111111111111112,0.0,1.607843137254902,1.0851063829787233,0.0,1.8620689655172413,2.090909090909091,1.4137931034482758,2.5135135135135136,0.0
5762,1.1111111111111112,0.0,1.607843137254902,1.0851063829787233,0.0,1.8620689655172413,2.090909090909091,1.4137931034482758,2.5135135135135136,0.0,1.5625
5763,0.0,1.607843137254902,1.0851063829787233,0.0,1.8620689655172413,2.090909090909091,1.4137931034482758,2.5135135135135136,0.0,1.5625,0.7222222222222222
5764,1.607843137254902,1.0851063829787233,0.0,1.8620689655172413,2.090909090909091,1.4137931034482758,2.5135135135135136,0.0,1.5625,0.7222222222222222,1.6153846153846154
5765,1.0851063829787233,0.0,1.8620689655172413,2.090909090909091,1.4137931034482758,2.5135135135135136,0.0,1.5625,0.7222222222222222,1.6153846153846154,0.5
5766,0.0,1.8620689655172413,2.090909090909091,1.4137931034482758,2.5135135135135136,0.0,1.5625,0.7222222222222222,1.6153846153846154,0.5,1.8571428571428572
5767,1.8620689655172413,2.090909090909091,1.4137931034482758,2.5135135135135136,0.0,1.5625,0.7222222222222222,1.6153846153846154,0.5,1.8571428571428572,2.0
5768,2.090909090909091,1.4137931034482758,2.5135135135135136,0.0,1.5625,0.7222222222222222,1.6153846153846154,0.5,1.8571428571428572,2.0,3.0
5769,1.4137931034482758,2.5135135135135136,0.0,1.5625,0.7222222222222222,1.6153846153846154,0.5,1.8571428571428572,2.0,3.0,1.3333333333333333
5770,1.2,0.42857142857142855,0.6666666666666666,2.0,1.75,1.0,2.411764705882353,0.8,1.0,1.2222222222222223,0.75
5771,0.42857142857142855,0.6666666666666666,2.0,1.75,1.0,2.411764705882353,0.8,1.0,1.2222222222222223,0.75,1.3571428571428572
5772,0.6666666666666666,2.0,1.75,1.0,2.411764705882353,0.8,1.0,1.2222222222222223,0.75,1.3571428571428572,1.5
5773,2.0,1.75,1.0,2.411764705882353,0.8,1.0,1.2222222222222223,0.75,1.3571428571428572,1.5,1.5454545454545454
5774,1.75,1.0,2.411764705882353,0.8,1.0,1.2222222222222223,0.75,1.3571428571428572,1.5,1.5454545454545454,0.875
5775,1.0,2.411764705882353,0.8,1.0,1.2222222222222223,0.75,1.3571428571428572,1.5,1.5454545454545454,0.875,1.0
5776,2.411764705882353,0.8,1.0,1.2222222222222223,0.75,1.3571428571428572,1.5,1.5454545454545454,0.875,1.0,1.0
5777,0.8,1.0,1.2222222222222223,0.75,1.3571428571428572,1.5,1.5454545454545454,0.875,1.0,1.0,4.0
5778,1.0,1.2222222222222223,0.75,1.3571428571428572,1.5,1.5454545454545454,0.875,1.0,1.0,4.0,1.0
5779,1.2222222222222223,0.75,1.3571428571428572,1.5,1.5454545454545454,0.875,1.0,1.0,4.0,1.0,1.1666666666666667
5780,0.75,1.3571428571428572,1.5,1.5454545454545454,0.875,1.0,1.0,4.0,1.0,1.1666666666666667,2.0
5781,1.3571428571428572,1.5,1.5454545454545454,0.875,1.0,1.0,4.0,1.0,1.1666666666666667,2.0,0.7777777777777778
5782,1.5,1.5454545454545454,0.875,1.0,1.0,4.0,1.0,1.1666666666666667,2.0,0.7777777777777778,0.8571428571428571
5783,1.5454545454545454,0.875,1.0,1.0,4.0,1.0,1.1666666666666667,2.0,0.7777777777777778,0.8571428571428571,0.3333333333333333
5784,0.875,1.0,1.0,4.0,1.0,1.1666666666666667,2.0,0.7777777777777778,0.8571428571428571,0.3333333333333333,0.8
5785,1.0,1.0,4.0,1.0,1.1666666666666667,2.0,0.7777777777777778,0.8571428571428571,0.3333333333333333,0.8,1.1428571428571428
5786,1.0,4.0,1.0,1.1666666666666667,2.0,0.7777777777777778,0.8571428571428571,0.3333333333333333,0.8,1.1428571428571428,2.0
5787,4.0,1.0,1.1666666666666667,2.0,0.7777777777777778,0.8571428571428571,0.3333333333333333,0.8,1.1428571428571428,2.0,0.25
5788,1.0,1.1666666666666667,2.0,0.7777777777777778,0.8571428571428571,0.3333333333333333,0.8,1.1428571428571428,2.0,0.25,0.5
5789,1.1666666666666667,2.0,0.7777777777777778,0.8571428571428571,0.3333333333333333,0.8,1.1428571428571428,2.0,0.25,0.5,0.9230769230769231
5790,2.0,0.7777777777777778,0.8571428571428571,0.3333333333333333,0.8,1.1428571428571428,2.0,0.25,0.5,0.9230769230769231,2.0
5791,0.7777777777777778,0.8571428571428571,0.3333333333333333,0.8,1.1428571428571428,2.0,0.25,0.5,0.9230769230769231,2.0,1.0
5792,0.8571428571428571,0.3333333333333333,0.8,1.1428571428571428,2.0,0.25,0.5,0.9230769230769231,2.0,1.0,2.0
5793,0.3333333333333333,0.8,1.1428571428571428,2.0,0.25,0.5,0.9230769230769231,2.0,1.0,2.0,0.25
5794,0.8,1.1428571428571428,2.0,0.25,0.5,0.9230769230769231,2.0,1.0,2.0,0.25,2.875
5795,1.1428571428571428,2.0,0.25,0.5,0.9230769230769231,2.0,1.0,2.0,0.25,2.875,2.6923076923076925
5796,2.0,0.25,0.5,0.9230769230769231,2.0,1.0,2.0,0.25,2.875,2.6923076923076925,1.393939393939394
5797,0.25,0.5,0.9230769230769231,2.0,1.0,2.0,0.25,2.875,2.6923076923076925,1.393939393939394,0.25
5798,0.5,0.9230769230769231,2.0,1.0,2.0,0.25,2.875,2.6923076923076925,1.393939393939394,0.25,1.5789473684210527
5799,0.9230769230769231,2.0,1.0,2.0,0.25,2.875,2.6923076923076925,1.393939393939394,0.25,1.5789473684210527,1.2307692307692308
5800,2.0,1.0,2.0,0.25,2.875,2.6923076923076925,1.393939393939394,0.25,1.5789473684210527,1.2307692307692308,1.8
5801,1.0,2.0,0.25,2.875,2.6923076923076925,1.393939393939394,0.25,1.5789473684210527,1.2307692307692308,1.8,1.9166666666666667
5802,2.0,0.25,2.875,2.6923076923076925,1.393939393939394,0.25,1.5789473684210527,1.2307692307692308,1.8,1.9166666666666667,1.1851851851851851
5803,0.25,2.875,2.6923076923076925,1.393939393939394,0.25,1.5789473684210527,1.2307692307692308,1.8,1.9166666666666667,1.1851851851851851,1.4761904761904763
5804,2.875,2.6923076923076925,1.393939393939394,0.25,1.5789473684210527,1.2307692307692308,1.8,1.9166666666666667,1.1851851851851851,1.4761904761904763,1.6923076923076923
5805,0.0,1.7142857142857142,0.0,0.3333333333333333,1.4705882352941178,2.375,1.1666666666666667,1.3333333333333333,0.5,0.6666666666666666,2.1
5806,1.7142857142857142,0.0,0.3333333333333333,1.4705882352941178,2.375,1.1666666666666667,1.3333333333333333,0.5,0.6666666666666666,2.1,0.8181818181818182
5807,0.0,0.3333333333333333,1.4705882352941178,2.375,1.1666666666666667,1.3333333333333333,0.5,0.6666666666666666,2.1,0.8181818181818182,2.4285714285714284
5808,0.3333333333333333,1.4705882352941178,2.375,1.1666666666666667,1.3333333333333333,0.5,0.6666666666666666,2.1,0.8181818181818182,2.4285714285714284,1.48
5809,1.4705882352941178,2.375,1.1666666666666667,1.3333333333333333,0.5,0.6666666666666666,2.1,0.8181818181818182,2.4285714285714284,1.48,1.3333333333333333
5810,2.375,1.1666666666666667,1.3333333333333333,0.5,0.6666666666666666,2.1,0.8181818181818182,2.4285714285714284,1.48,1.3333333333333333,1.3333333333333333
5811,1.1666666666666667,1.3333333333333333,0.5,0.6666666666666666,2.1,0.8181818181818182,2.4285714285714284,1.48,1.3333333333333333,1.3333333333333333,1.2857142857142858
5812,1.3333333333333333,0.5,0.6666666666666666,2.1,0.8181818181818182,2.4285714285714284,1.48,1.3333333333333333,1.3333333333333333,1.2857142857142858,1.0
5813,0.5,0.6666666666666666,2.1,0.8181818181818182,2.4285714285714284,1.48,1.3333333333333333,1.3333333333333333,1.2857142857142858,1.0,1.4
5814,0.6666666666666666,2.1,0.8181818181818182,2.4285714285714284,1.48,1.3333333333333333,1.3333333333333333,1.2857142857142858,1.0,1.4,2.2222222222222223
5815,2.1,0.8181818181818182,2.4285714285714284,1.48,1.3333333333333333,1.3333333333333333,1.2857142857142858,1.0,1.4,2.2222222222222223,1.1428571428571428
5816,0.8181818181818182,2.4285714285714284,1.48,1.3333333333333333,1.3333333333333333,1.2857142857142858,1.0,1.4,2.2222222222222223,1.1428571428571428,2.0625
5817,2.4285714285714284,1.48,1.3333333333333333,1.3333333333333333,1.2857142857142858,1.0,1.4,2.2222222222222223,1.1428571428571428,2.0625,0.875
5818,1.48,1.3333333333333333,1.3333333333333333,1.2857142857142858,1.0,1.4,2.2222222222222223,1.1428571428571428,2.0625,0.875,1.25
5819,1.3333333333333333,1.3333333333333333,1.2857142857142858,1.0,1.4,2.2222222222222223,1.1428571428571428,2.0625,0.875,1.25,0.6666666666666666
5820,1.3333333333333333,1.2857142857142858,1.0,1.4,2.2222222222222223,1.1428571428571428,2.0625,0.875,1.25,0.6666666666666666,1.3333333333333333
5821,1.2857142857142858,1.0,1.4,2.2222222222222223,1.1428571428571428,2.0625,0.875,1.25,0.6666666666666666,1.3333333333333333,1.3888888888888888
5822,1.05,1.108695652173913,1.9787234042553192,1.4705882352941178,0.8235294117647058,0.0,1.3863636363636365,1.0333333333333334,0.25,0.7692307692307693,1.0
5823,1.108695652173913,1.9787234042553192,1.4705882352941178,0.8235294117647058,0.0,1.3863636363636365,1.0333333333333334,0.25,0.7692307692307693,1.0,0.8461538461538461
5824,1.9787234042553192,1.4705882352941178,0.8235294117647058,0.0,1.3863636363636365,1.0333333333333334,0.25,0.7692307692307693,1.0,0.8461538461538461,0.9444444444444444
5825,1.4705882352941178,0.8235294117647058,0.0,1.3863636363636365,1.0333333333333334,0.25,0.7692307692307693,1.0,0.8461538461538461,0.9444444444444444,1.1666666666666667
5826,0.8235294117647058,0.0,1.3863636363636365,1.0333333333333334,0.25,0.7692307692307693,1.0,0.8461538461538461,0.9444444444444444,1.1666666666666667,0.42857142857142855
5827,0.0,1.3863636363636365,1.0333333333333334,0.25,0.7692307692307693,1.0,0.8461538461538461,0.9444444444444444,1.1666666666666667,0.42857142857142855,0.625
5828,1.3863636363636365,1.0333333333333334,0.25,0.7692307692307693,1.0,0.8461538461538461,0.9444444444444444,1.1666666666666667,0.42857142857142855,0.625,1.5625
5829,1.0333333333333334,0.25,0.7692307692307693,1.0,0.8461538461538461,0.9444444444444444,1.1666666666666667,0.42857142857142855,0.625,1.5625,0.6666666666666666
5830,0.25,0.7692307692307693,1.0,0.8461538461538461,0.9444444444444444,1.1666666666666667,0.42857142857142855,0.625,1.5625,0.6666666666666666,1.1428571428571428
5831,0.7692307692307693,1.0,0.8461538461538461,0.9444444444444444,1.1666666666666667,0.42857142857142855,0.625,1.5625,0.6666666666666666,1.1428571428571428,0.9090909090909091
5832,1.0,0.8461538461538461,0.9444444444444444,1.1666666666666667,0.42857142857142855,0.625,1.5625,0.6666666666666666,1.1428571428571428,0.9090909090909091,0.875
5833,0.8461538461538461,0.9444444444444444,1.1666666666666667,0.42857142857142855,0.625,1.5625,0.6666666666666666,1.1428571428571428,0.9090909090909091,0.875,1.6521739130434783
5834,0.9444444444444444,1.1666666666666667,0.42857142857142855,0.625,1.5625,0.6666666666666666,1.1428571428571428,0.9090909090909091,0.875,1.6521739130434783,1.1818181818181819
5835,1.1666666666666667,0.42857142857142855,0.625,1.5625,0.6666666666666666,1.1428571428571428,0.9090909090909091,0.875,1.6521739130434783,1.1818181818181819,0.75
5836,0.42857142857142855,0.625,1.5625,0.6666666666666666,1.1428571428571428,0.9090909090909091,0.875,1.6521739130434783,1.1818181818181819,0.75,1.5416666666666667
5837,0.625,1.5625,0.6666666666666666,1.1428571428571428,0.9090909090909091,0.875,1.6521739130434783,1.1818181818181819,0.75,1.5416666666666667,1.2857142857142858
5838,1.5625,0.6666666666666666,1.1428571428571428,0.9090909090909091,0.875,1.6521739130434783,1.1818181818181819,0.75,1.5416666666666667,1.2857142857142858,1.5217391304347827
5839,0.6666666666666666,1.1428571428571428,0.9090909090909091,0.875,1.6521739130434783,1.1818181818181819,0.75,1.5416666666666667,1.2857142857142858,1.5217391304347827,1.288888888888889
5840,1.1428571428571428,0.9090909090909091,0.875,1.6521739130434783,1.1818181818181819,0.75,1.5416666666666667,1.2857142857142858,1.5217391304347827,1.288888888888889,1.6470588235294117
5841,0.9090909090909091,0.875,1.6521739130434783,1.1818181818181819,0.75,1.5416666666666667,1.2857142857142858,1.5217391304347827,1.288888888888889,1.6470588235294117,0.8709677419354839
5842,0.875,1.6521739130434783,1.1818181818181819,0.75,1.5416666666666667,1.2857142857142858,1.5217391304347827,1.288888888888889,1.6470588235294117,0.8709677419354839,1.0
5843,1.6521739130434783,1.1818181818181819,0.75,1.5416666666666667,1.2857142857142858,1.5217391304347827,1.288888888888889,1.6470588235294117,0.8709677419354839,1.0,1.09375
5844,1.1818181818181819,0.75,1.5416666666666667,1.2857142857142858,1.5217391304347827,1.288888888888889,1.6470588235294117,0.8709677419354839,1.0,1.09375,1.2142857142857142
5845,0.75,1.5416666666666667,1.2857142857142858,1.5217391304347827,1.288888888888889,1.6470588235294117,0.8709677419354839,1.0,1.09375,1.2142857142857142,0.9142857142857143
5846,1.5416666666666667,1.2857142857142858,1.5217391304347827,1.288888888888889,1.6470588235294117,0.8709677419354839,1.0,1.09375,1.2142857142857142,0.9142857142857143,1.2142857142857142
5847,1.2857142857142858,1.5217391304347827,1.288888888888889,1.6470588235294117,0.8709677419354839,1.0,1.09375,1.2142857142857142,0.9142857142857143,1.2142857142857142,1.0909090909090908
5848,1.5217391304347827,1.288888888888889,1.6470588235294117,0.8709677419354839,1.0,1.09375,1.2142857142857142,0.9142857142857143,1.2142857142857142,1.0909090909090908,1.4705882352941178
5849,1.288888888888889,1.6470588235294117,0.8709677419354839,1.0,1.09375,1.2142857142857142,0.9142857142857143,1.2142857142857142,1.0909090909090908,1.4705882352941178,2.111111111111111
5850,1.6470588235294117,0.8709677419354839,1.0,1.09375,1.2142857142857142,0.9142857142857143,1.2142857142857142,1.0909090909090908,1.4705882352941178,2.111111111111111,1.8709677419354838
5851,0.8709677419354839,1.0,1.09375,1.2142857142857142,0.9142857142857143,1.2142857142857142,1.0909090909090908,1.4705882352941178,2.111111111111111,1.8709677419354838,0.9473684210526315
5852,1.0,1.09375,1.2142857142857142,0.9142857142857143,1.2142857142857142,1.0909090909090908,1.4705882352941178,2.111111111111111,1.8709677419354838,0.9473684210526315,1.0769230769230769
5853,1.09375,1.2142857142857142,0.9142857142857143,1.2142857142857142,1.0909090909090908,1.4705882352941178,2.111111111111111,1.8709677419354838,0.9473684210526315,1.0769230769230769,0.2
5854,1.2142857142857142,0.9142857142857143,1.2142857142857142,1.0909090909090908,1.4705882352941178,2.111111111111111,1.8709677419354838,0.9473684210526315,1.0769230769230769,0.2,1.5833333333333333
5855,0.9142857142857143,1.2142857142857142,1.0909090909090908,1.4705882352941178,2.111111111111111,1.8709677419354838,0.9473684210526315,1.0769230769230769,0.2,1.5833333333333333,1.2222222222222223
5856,1.2142857142857142,1.0909090909090908,1.4705882352941178,2.111111111111111,1.8709677419354838,0.9473684210526315,1.0769230769230769,0.2,1.5833333333333333,1.2222222222222223,1.3888888888888888
5857,1.0909090909090908,1.4705882352941178,2.111111111111111,1.8709677419354838,0.9473684210526315,1.0769230769230769,0.2,1.5833333333333333,1.2222222222222223,1.3888888888888888,0.84
5858,1.4705882352941178,2.111111111111111,1.8709677419354838,0.9473684210526315,1.0769230769230769,0.2,1.5833333333333333,1.2222222222222223,1.3888888888888888,0.84,2.0
5859,2.111111111111111,1.8709677419354838,0.9473684210526315,1.0769230769230769,0.2,1.5833333333333333,1.2222222222222223,1.3888888888888888,0.84,2.0,1.25
5860,1.8709677419354838,0.9473684210526315,1.0769230769230769,0.2,1.5833333333333333,1.2222222222222223,1.3888888888888888,0.84,2.0,1.25,1.0
5861,0.9473684210526315,1.0769230769230769,0.2,1.5833333333333333,1.2222222222222223,1.3888888888888888,0.84,2.0,1.25,1.0,1.0
5862,1.0769230769230769,0.2,1.5833333333333333,1.2222222222222223,1.3888888888888888,0.84,2.0,1.25,1.0,1.0,1.0714285714285714
5863,0.2,1.5833333333333333,1.2222222222222223,1.3888888888888888,0.84,2.0,1.25,1.0,1.0,1.0714285714285714,1.3
5864,1.5833333333333333,1.2222222222222223,1.3888888888888888,0.84,2.0,1.25,1.0,1.0,1.0714285714285714,1.3,0.9166666666666666
5865,1.2222222222222223,1.3888888888888888,0.84,2.0,1.25,1.0,1.0,1.0714285714285714,1.3,0.9166666666666666,1.2777777777777777
5866,1.3888888888888888,0.84,2.0,1.25,1.0,1.0,1.0714285714285714,1.3,0.9166666666666666,1.2777777777777777,0.631578947368421
5867,0.84,2.0,1.25,1.0,1.0,1.0714285714285714,1.3,0.9166666666666666,1.2777777777777777,0.631578947368421,1.392156862745098
5868,2.0,1.25,1.0,1.0,1.0714285714285714,1.3,0.9166666666666666,1.2777777777777777,0.631578947368421,1.392156862745098,1.25
5869,1.25,1.0,1.0,1.0714285714285714,1.3,0.9166666666666666,1.2777777777777777,0.631578947368421,1.392156862745098,1.25,1.5952380952380953
5870,1.0,1.0,1.0714285714285714,1.3,0.9166666666666666,1.2777777777777777,0.631578947368421,1.392156862745098,1.25,1.5952380952380953,1.0
5871,1.0,1.0714285714285714,1.3,0.9166666666666666,1.2777777777777777,0.631578947368421,1.392156862745098,1.25,1.5952380952380953,1.0,1.0689655172413792
5872,1.0714285714285714,1.3,0.9166666666666666,1.2777777777777777,0.631578947368421,1.392156862745098,1.25,1.5952380952380953,1.0,1.0689655172413792,1.5909090909090908
5873,1.3,0.9166666666666666,1.2777777777777777,0.631578947368421,1.392156862745098,1.25,1.5952380952380953,1.0,1.0689655172413792,1.5909090909090908,0.6666666666666666
5874,0.9166666666666666,1.2777777777777777,0.631578947368421,1.392156862745098,1.25,1.5952380952380953,1.0,1.0689655172413792,1.5909090909090908,0.6666666666666666,0.42857142857142855
5875,1.2777777777777777,0.631578947368421,1.392156862745098,1.25,1.5952380952380953,1.0,1.0689655172413792,1.5909090909090908,0.6666666666666666,0.42857142857142855,1.2391304347826086
5876,0.631578947368421,1.392156862745098,1.25,1.5952380952380953,1.0,1.0689655172413792,1.5909090909090908,0.6666666666666666,0.42857142857142855,1.2391304347826086,1.2222222222222223
5877,1.392156862745098,1.25,1.5952380952380953,1.0,1.0689655172413792,1.5909090909090908,0.6666666666666666,0.42857142857142855,1.2391304347826086,1.2222222222222223,0.8421052631578947
5878,1.25,1.5952380952380953,1.0,1.0689655172413792,1.5909090909090908,0.6666666666666666,0.42857142857142855,1.2391304347826086,1.2222222222222223,0.8421052631578947,1.0
5879,1.5952380952380953,1.0,1.0689655172413792,1.5909090909090908,0.6666666666666666,0.42857142857142855,1.2391304347826086,1.2222222222222223,0.8421052631578947,1.0,0.9473684210526315
5880,1.0,1.0689655172413792,1.5909090909090908,0.6666666666666666,0.42857142857142855,1.2391304347826086,1.2222222222222223,0.8421052631578947,1.0,0.9473684210526315,1.0
5881,1.0689655172413792,1.5909090909090908,0.6666666666666666,0.42857142857142855,1.2391304347826086,1.2222222222222223,0.8421052631578947,1.0,0.9473684210526315,1.0,0.75
5882,1.5909090909090908,0.6666666666666666,0.42857142857142855,1.2391304347826086,1.2222222222222223,0.8421052631578947,1.0,0.9473684210526315,1.0,0.75,3.0
5883,0.6666666666666666,0.42857142857142855,1.2391304347826086,1.2222222222222223,0.8421052631578947,1.0,0.9473684210526315,1.0,0.75,3.0,1.2962962962962963
5884,0.42857142857142855,1.2391304347826086,1.2222222222222223,0.8421052631578947,1.0,0.9473684210526315,1.0,0.75,3.0,1.2962962962962963,1.2340425531914894
5885,1.2391304347826086,1.2222222222222223,0.8421052631578947,1.0,0.9473684210526315,1.0,0.75,3.0,1.2962962962962963,1.2340425531914894,0.25
5886,1.2222222222222223,0.8421052631578947,1.0,0.9473684210526315,1.0,0.75,3.0,1.2962962962962963,1.2340425531914894,0.25,1.3255813953488371
5887,0.8421052631578947,1.0,0.9473684210526315,1.0,0.75,3.0,1.2962962962962963,1.2340425531914894,0.25,1.3255813953488371,1.706896551724138
5888,1.0,0.9473684210526315,1.0,0.75,3.0,1.2962962962962963,1.2340425531914894,0.25,1.3255813953488371,1.706896551724138,1.0
5889,0.9473684210526315,1.0,0.75,3.0,1.2962962962962963,1.2340425531914894,0.25,1.3255813953488371,1.706896551724138,1.0,1.9310344827586208
5890,1.0,0.75,3.0,1.2962962962962963,1.2340425531914894,0.25,1.3255813953488371,1.706896551724138,1.0,1.9310344827586208,0.0
5891,0.75,3.0,1.2962962962962963,1.2340425531914894,0.25,1.3255813953488371,1.706896551724138,1.0,1.9310344827586208,0.0,1.3478260869565217
5892,3.0,1.2962962962962963,1.2340425531914894,0.25,1.3255813953488371,1.706896551724138,1.0,1.9310344827586208,0.0,1.3478260869565217,0.0
5893,1.2962962962962963,1.2340425531914894,0.25,1.3255813953488371,1.706896551724138,1.0,1.9310344827586208,0.0,1.3478260869565217,0.0,0.0
5894,1.2340425531914894,0.25,1.3255813953488371,1.706896551724138,1.0,1.9310344827586208,0.0,1.3478260869565217,0.0,0.0,0.4444444444444444
5895,0.25,1.3255813953488371,1.706896551724138,1.0,1.9310344827586208,0.0,1.3478260869565217,0.0,0.0,0.4444444444444444,0.9090909090909091
5896,1.3255813953488371,1.706896551724138,1.0,1.9310344827586208,0.0,1.3478260869565217,0.0,0.0,0.4444444444444444,0.9090909090909091,0.9310344827586207
5897,1.706896551724138,1.0,1.9310344827586208,0.0,1.3478260869565217,0.0,0.0,0.4444444444444444,0.9090909090909091,0.9310344827586207,1.6341463414634145
5898,1.0,1.9310344827586208,0.0,1.3478260869565217,0.0,0.0,0.4444444444444444,0.9090909090909091,0.9310344827586207,1.6341463414634145,1.2258064516129032
5899,1.9310344827586208,0.0,1.3478260869565217,0.0,0.0,0.4444444444444444,0.9090909090909091,0.9310344827586207,1.6341463414634145,1.2258064516129032,1.489795918367347
5900,0.0,1.3478260869565217,0.0,0.0,0.4444444444444444,0.9090909090909091,0.9310344827586207,1.6341463414634145,1.2258064516129032,1.489795918367347,0.8666666666666667
5901,1.3478260869565217,0.0,0.0,0.4444444444444444,0.9090909090909091,0.9310344827586207,1.6341463414634145,1.2258064516129032,1.489795918367347,0.8666666666666667,1.28125
5902,0.0,0.0,0.4444444444444444,0.9090909090909091,0.9310344827586207,1.6341463414634145,1.2258064516129032,1.489795918367347,0.8666666666666667,1.28125,1.0
5903,0.0,0.4444444444444444,0.9090909090909091,0.9310344827586207,1.6341463414634145,1.2258064516129032,1.489795918367347,0.8666666666666667,1.28125,1.0,1.3478260869565217
5904,0.4444444444444444,0.9090909090909091,0.9310344827586207,1.6341463414634145,1.2258064516129032,1.489795918367347,0.8666666666666667,1.28125,1.0,1.3478260869565217,0.25
5905,0.9090909090909091,0.9310344827586207,1.6341463414634145,1.2258064516129032,1.489795918367347,0.8666666666666667,1.28125,1.0,1.3478260869565217,0.25,1.7
5906,0.9310344827586207,1.6341463414634145,1.2258064516129032,1.489795918367347,0.8666666666666667,1.28125,1.0,1.3478260869565217,0.25,1.7,1.0666666666666667
5907,1.6341463414634145,1.2258064516129032,1.489795918367347,0.8666666666666667,1.28125,1.0,1.3478260869565217,0.25,1.7,1.0666666666666667,1.64
5908,1.2258064516129032,1.489795918367347,0.8666666666666667,1.28125,1.0,1.3478260869565217,0.25,1.7,1.0666666666666667,1.64,2.111111111111111
5909,1.489795918367347,0.8666666666666667,1.28125,1.0,1.3478260869565217,0.25,1.7,1.0666666666666667,1.64,2.111111111111111,2.3157894736842106
5910,0.8666666666666667,1.28125,1.0,1.3478260869565217,0.25,1.7,1.0666666666666667,1.64,2.111111111111111,2.3157894736842106,0.6666666666666666
5911,1.28125,1.0,1.3478260869565217,0.25,1.7,1.0666666666666667,1.64,2.111111111111111,2.3157894736842106,0.6666666666666666,1.3333333333333333
5912,1.0,1.3478260869565217,0.25,1.7,1.0666666666666667,1.64,2.111111111111111,2.3157894736842106,0.6666666666666666,1.3333333333333333,1.6458333333333333
5913,1.3478260869565217,0.25,1.7,1.0666666666666667,1.64,2.111111111111111,2.3157894736842106,0.6666666666666666,1.3333333333333333,1.6458333333333333,1.1
5914,0.25,1.7,1.0666666666666667,1.64,2.111111111111111,2.3157894736842106,0.6666666666666666,1.3333333333333333,1.6458333333333333,1.1,1.3559322033898304
5915,1.7,1.0666666666666667,1.64,2.111111111111111,2.3157894736842106,0.6666666666666666,1.3333333333333333,1.6458333333333333,1.1,1.3559322033898304,1.5873015873015872
5916,1.0666666666666667,1.64,2.111111111111111,2.3157894736842106,0.6666666666666666,1.3333333333333333,1.6458333333333333,1.1,1.3559322033898304,1.5873015873015872,1.1818181818181819
5917,1.64,2.111111111111111,2.3157894736842106,0.6666666666666666,1.3333333333333333,1.6458333333333333,1.1,1.3559322033898304,1.5873015873015872,1.1818181818181819,1.8620689655172413
5918,2.111111111111111,2.3157894736842106,0.6666666666666666,1.3333333333333333,1.6458333333333333,1.1,1.3559322033898304,1.5873015873015872,1.1818181818181819,1.8620689655172413,0.9523809523809523
5919,2.3157894736842106,0.6666666666666666,1.3333333333333333,1.6458333333333333,1.1,1.3559322033898304,1.5873015873015872,1.1818181818181819,1.8620689655172413,0.9523809523809523,1.0
5920,0.6666666666666666,1.3333333333333333,1.6458333333333333,1.1,1.3559322033898304,1.5873015873015872,1.1818181818181819,1.8620689655172413,0.9523809523809523,1.0,1.981818181818182
5921,1.3333333333333333,1.6458333333333333,1.1,1.3559322033898304,1.5873015873015872,1.1818181818181819,1.8620689655172413,0.9523809523809523,1.0,1.981818181818182,1.4705882352941178
5922,1.6458333333333333,1.1,1.3559322033898304,1.5873015873015872,1.1818181818181819,1.8620689655172413,0.9523809523809523,1.0,1.981818181818182,1.4705882352941178,2.26
5923,1.1,1.3559322033898304,1.5873015873015872,1.1818181818181819,1.8620689655172413,0.9523809523809523,1.0,1.981818181818182,1.4705882352941178,2.26,1.2
5924,1.3559322033898304,1.5873015873015872,1.1818181818181819,1.8620689655172413,0.9523809523809523,1.0,1.981818181818182,1.4705882352941178,2.26,1.2,0.0
5925,1.5873015873015872,1.1818181818181819,1.8620689655172413,0.9523809523809523,1.0,1.981818181818182,1.4705882352941178,2.26,1.2,0.0,1.542857142857143
5926,1.1818181818181819,1.8620689655172413,0.9523809523809523,1.0,1.981818181818182,1.4705882352941178,2.26,1.2,0.0,1.542857142857143,1.3191489361702127
5927,1.8620689655172413,0.9523809523809523,1.0,1.981818181818182,1.4705882352941178,2.26,1.2,0.0,1.542857142857143,1.3191489361702127,1.4736842105263157
5928,0.9523809523809523,1.0,1.981818181818182,1.4705882352941178,2.26,1.2,0.0,1.542857142857143,1.3191489361702127,1.4736842105263157,0.0
5929,1.0,1.981818181818182,1.4705882352941178,2.26,1.2,0.0,1.542857142857143,1.3191489361702127,1.4736842105263157,0.0,1.1458333333333333
5930,1.981818181818182,1.4705882352941178,2.26,1.2,0.0,1.542857142857143,1.3191489361702127,1.4736842105263157,0.0,1.1458333333333333,1.4285714285714286
5931,1.4705882352941178,2.26,1.2,0.0,1.542857142857143,1.3191489361702127,1.4736842105263157,0.0,1.1458333333333333,1.4285714285714286,0.5555555555555556
5932,2.26,1.2,0.0,1.542857142857143,1.3191489361702127,1.4736842105263157,0.0,1.1458333333333333,1.4285714285714286,0.5555555555555556,0.9393939393939394
5933,1.2,0.0,1.542857142857143,1.3191489361702127,1.4736842105263157,0.0,1.1458333333333333,1.4285714285714286,0.5555555555555556,0.9393939393939394,1.3125
5934,0.0,1.542857142857143,1.3191489361702127,1.4736842105263157,0.0,1.1458333333333333,1.4285714285714286,0.5555555555555556,0.9393939393939394,1.3125,1.9
5935,1.542857142857143,1.3191489361702127,1.4736842105263157,0.0,1.1458333333333333,1.4285714285714286,0.5555555555555556,0.9393939393939394,1.3125,1.9,1.4838709677419355
5936,1.3191489361702127,1.4736842105263157,0.0,1.1458333333333333,1.4285714285714286,0.5555555555555556,0.9393939393939394,1.3125,1.9,1.4838709677419355,1.1538461538461537
5937,1.4736842105263157,0.0,1.1458333333333333,1.4285714285714286,0.5555555555555556,0.9393939393939394,1.3125,1.9,1.4838709677419355,1.1538461538461537,1.2
5938,0.0,1.1458333333333333,1.4285714285714286,0.5555555555555556,0.9393939393939394,1.3125,1.9,1.4838709677419355,1.1538461538461537,1.2,0.7272727272727273
5939,1.1458333333333333,1.4285714285714286,0.5555555555555556,0.9393939393939394,1.3125,1.9,1.4838709677419355,1.1538461538461537,1.2,0.7272727272727273,1.3
5940,1.4285714285714286,0.5555555555555556,0.9393939393939394,1.3125,1.9,1.4838709677419355,1.1538461538461537,1.2,0.7272727272727273,1.3,1.75
5941,0.5555555555555556,0.9393939393939394,1.3125,1.9,1.4838709677419355,1.1538461538461537,1.2,0.7272727272727273,1.3,1.75,1.0909090909090908
5942,0.9393939393939394,1.3125,1.9,1.4838709677419355,1.1538461538461537,1.2,0.7272727272727273,1.3,1.75,1.0909090909090908,0.4444444444444444
5943,1.3125,1.9,1.4838709677419355,1.1538461538461537,1.2,0.7272727272727273,1.3,1.75,1.0909090909090908,0.4444444444444444,0.5
5944,1.9,1.4838709677419355,1.1538461538461537,1.2,0.7272727272727273,1.3,1.75,1.0909090909090908,0.4444444444444444,0.5,1.4375
5945,1.4838709677419355,1.1538461538461537,1.2,0.7272727272727273,1.3,1.75,1.0909090909090908,0.4444444444444444,0.5,1.4375,0.3
5946,1.1538461538461537,1.2,0.7272727272727273,1.3,1.75,1.0909090909090908,0.4444444444444444,0.5,1.4375,0.3,0.92
5947,1.2,0.7272727272727273,1.3,1.75,1.0909090909090908,0.4444444444444444,0.5,1.4375,0.3,0.92,1.7142857142857142
5948,0.7272727272727273,1.3,1.75,1.0909090909090908,0.4444444444444444,0.5,1.4375,0.3,0.92,1.7142857142857142,1.2424242424242424
5949,1.3,1.75,1.0909090909090908,0.4444444444444444,0.5,1.4375,0.3,0.92,1.7142857142857142,1.2424242424242424,1.2641509433962264
5950,1.75,1.0909090909090908,0.4444444444444444,0.5,1.4375,0.3,0.92,1.7142857142857142,1.2424242424242424,1.2641509433962264,0.8888888888888888
5951,1.0909090909090908,0.4444444444444444,0.5,1.4375,0.3,0.92,1.7142857142857142,1.2424242424242424,1.2641509433962264,0.8888888888888888,1.125
5952,0.4444444444444444,0.5,1.4375,0.3,0.92,1.7142857142857142,1.2424242424242424,1.2641509433962264,0.8888888888888888,1.125,1.625
5953,0.5,1.4375,0.3,0.92,1.7142857142857142,1.2424242424242424,1.2641509433962264,0.8888888888888888,1.125,1.625,1.3529411764705883
5954,1.4375,0.3,0.92,1.7142857142857142,1.2424242424242424,1.2641509433962264,0.8888888888888888,1.125,1.625,1.3529411764705883,3.5714285714285716
5955,0.3,0.92,1.7142857142857142,1.2424242424242424,1.2641509433962264,0.8888888888888888,1.125,1.625,1.3529411764705883,3.5714285714285716,2.2857142857142856
5956,0.92,1.7142857142857142,1.2424242424242424,1.2641509433962264,0.8888888888888888,1.125,1.625,1.3529411764705883,3.5714285714285716,2.2857142857142856,0.6428571428571429
5957,1.7142857142857142,1.2424242424242424,1.2641509433962264,0.8888888888888888,1.125,1.625,1.3529411764705883,3.5714285714285716,2.2857142857142856,0.6428571428571429,1.0
5958,1.2424242424242424,1.2641509433962264,0.8888888888888888,1.125,1.625,1.3529411764705883,3.5714285714285716,2.2857142857142856,0.6428571428571429,1.0,1.2083333333333333
5959,1.2641509433962264,0.8888888888888888,1.125,1.625,1.3529411764705883,3.5714285714285716,2.2857142857142856,0.6428571428571429,1.0,1.2083333333333333,0.2
5960,0.8888888888888888,1.125,1.625,1.3529411764705883,3.5714285714285716,2.2857142857142856,0.6428571428571429,1.0,1.2083333333333333,0.2,1.3584905660377358
5961,1.125,1.625,1.3529411764705883,3.5714285714285716,2.2857142857142856,0.6428571428571429,1.0,1.2083333333333333,0.2,1.3584905660377358,1.1025641025641026
5962,1.625,1.3529411764705883,3.5714285714285716,2.2857142857142856,0.6428571428571429,1.0,1.2083333333333333,0.2,1.3584905660377358,1.1025641025641026,1.34375
5963,1.3529411764705883,3.5714285714285716,2.2857142857142856,0.6428571428571429,1.0,1.2083333333333333,0.2,1.3584905660377358,1.1025641025641026,1.34375,1.7307692307692308
5964,3.5714285714285716,2.2857142857142856,0.6428571428571429,1.0,1.2083333333333333,0.2,1.3584905660377358,1.1025641025641026,1.34375,1.7307692307692308,1.2307692307692308
5965,2.2857142857142856,0.6428571428571429,1.0,1.2083333333333333,0.2,1.3584905660377358,1.1025641025641026,1.34375,1.7307692307692308,1.2307692307692308,1.0769230769230769
5966,0.6428571428571429,1.0,1.2083333333333333,0.2,1.3584905660377358,1.1025641025641026,1.34375,1.7307692307692308,1.2307692307692308,1.0769230769230769,1.2222222222222223
5967,1.0,1.2083333333333333,0.2,1.3584905660377358,1.1025641025641026,1.34375,1.7307692307692308,1.2307692307692308,1.0769230769230769,1.2222222222222223,1.1627906976744187
5968,1.2083333333333333,0.2,1.3584905660377358,1.1025641025641026,1.34375,1.7307692307692308,1.2307692307692308,1.0769230769230769,1.2222222222222223,1.1627906976744187,0.6153846153846154
5969,0.2,1.3584905660377358,1.1025641025641026,1.34375,1.7307692307692308,1.2307692307692308,1.0769230769230769,1.2222222222222223,1.1627906976744187,0.6153846153846154,0.8571428571428571
5970,1.3584905660377358,1.1025641025641026,1.34375,1.7307692307692308,1.2307692307692308,1.0769230769230769,1.2222222222222223,1.1627906976744187,0.6153846153846154,0.8571428571428571,1.1379310344827587
5971,1.1025641025641026,1.34375,1.7307692307692308,1.2307692307692308,1.0769230769230769,1.2222222222222223,1.1627906976744187,0.6153846153846154,0.8571428571428571,1.1379310344827587,1.1379310344827587
5972,1.34375,1.7307692307692308,1.2307692307692308,1.0769230769230769,1.2222222222222223,1.1627906976744187,0.6153846153846154,0.8571428571428571,1.1379310344827587,1.1379310344827587,0.8333333333333334
5973,1.7307692307692308,1.2307692307692308,1.0769230769230769,1.2222222222222223,1.1627906976744187,0.6153846153846154,0.8571428571428571,1.1379310344827587,1.1379310344827587,0.8333333333333334,1.1428571428571428
5974,1.2307692307692308,1.0769230769230769,1.2222222222222223,1.1627906976744187,0.6153846153846154,0.8571428571428571,1.1379310344827587,1.1379310344827587,0.8333333333333334,1.1428571428571428,1.0909090909090908
5975,1.0769230769230769,1.2222222222222223,1.1627906976744187,0.6153846153846154,0.8571428571428571,1.1379310344827587,1.1379310344827587,0.8333333333333334,1.1428571428571428,1.0909090909090908,1.0294117647058822
5976,1.2222222222222223,1.1627906976744187,0.6153846153846154,0.8571428571428571,1.1379310344827587,1.1379310344827587,0.8333333333333334,1.1428571428571428,1.0909090909090908,1.0294117647058822,1.25
5977,1.1627906976744187,0.6153846153846154,0.8571428571428571,1.1379310344827587,1.1379310344827587,0.8333333333333334,1.1428571428571428,1.0909090909090908,1.0294117647058822,1.25,1.0416666666666667
5978,0.6153846153846154,0.8571428571428571,1.1379310344827587,1.1379310344827587,0.8333333333333334,1.1428571428571428,1.0909090909090908,1.0294117647058822,1.25,1.0416666666666667,1.25
5979,0.8571428571428571,1.1379310344827587,1.1379310344827587,0.8333333333333334,1.1428571428571428,1.0909090909090908,1.0294117647058822,1.25,1.0416666666666667,1.25,0.5
5980,1.1379310344827587,1.1379310344827587,0.8333333333333334,1.1428571428571428,1.0909090909090908,1.0294117647058822,1.25,1.0416666666666667,1.25,0.5,1.25
5981,1.1379310344827587,0.8333333333333334,1.1428571428571428,1.0909090909090908,1.0294117647058822,1.25,1.0416666666666667,1.25,0.5,1.25,1.2142857142857142
5982,0.8333333333333334,1.1428571428571428,1.0909090909090908,1.0294117647058822,1.25,1.0416666666666667,1.25,0.5,1.25,1.2142857142857142,1.2926829268292683
5983,1.1428571428571428,1.0909090909090908,1.0294117647058822,1.25,1.0416666666666667,1.25,0.5,1.25,1.2142857142857142,1.2926829268292683,1.1818181818181819
5984,1.0909090909090908,1.0294117647058822,1.25,1.0416666666666667,1.25,0.5,1.25,1.2142857142857142,1.2926829268292683,1.1818181818181819,1.8
5985,1.0294117647058822,1.25,1.0416666666666667,1.25,0.5,1.25,1.2142857142857142,1.2926829268292683,1.1818181818181819,1.8,1.3103448275862069
5986,1.25,1.0416666666666667,1.25,0.5,1.25,1.2142857142857142,1.2926829268292683,1.1818181818181819,1.8,1.3103448275862069,0.375
5987,1.0416666666666667,1.25,0.5,1.25,1.2142857142857142,1.2926829268292683,1.1818181818181819,1.8,1.3103448275862069,0.375,0.5
5988,1.25,0.5,1.25,1.2142857142857142,1.2926829268292683,1.1818181818181819,1.8,1.3103448275862069,0.375,0.5,1.7241379310344827
5989,0.5,1.25,1.2142857142857142,1.2926829268292683,1.1818181818181819,1.8,1.3103448275862069,0.375,0.5,1.7241379310344827,1.3773584905660377
5990,1.25,1.2142857142857142,1.2926829268292683,1.1818181818181819,1.8,1.3103448275862069,0.375,0.5,1.7241379310344827,1.3773584905660377,1.5454545454545454
5991,1.2142857142857142,1.2926829268292683,1.1818181818181819,1.8,1.3103448275862069,0.375,0.5,1.7241379310344827,1.3773584905660377,1.5454545454545454,1.7142857142857142
5992,1.2926829268292683,1.1818181818181819,1.8,1.3103448275862069,0.375,0.5,1.7241379310344827,1.3773584905660377,1.5454545454545454,1.7142857142857142,1.1666666666666667
5993,1.1818181818181819,1.8,1.3103448275862069,0.375,0.5,1.7241379310344827,1.3773584905660377,1.5454545454545454,1.7142857142857142,1.1666666666666667,1.4594594594594594
5994,1.8,1.3103448275862069,0.375,0.5,1.7241379310344827,1.3773584905660377,1.5454545454545454,1.7142857142857142,1.1666666666666667,1.4594594594594594,1.28
5995,1.3103448275862069,0.375,0.5,1.7241379310344827,1.3773584905660377,1.5454545454545454,1.7142857142857142,1.1666666666666667,1.4594594594594594,1.28,1.7142857142857142
5996,0.375,0.5,1.7241379310344827,1.3773584905660377,1.5454545454545454,1.7142857142857142,1.1666666666666667,1.4594594594594594,1.28,1.7142857142857142,1.0588235294117647
5997,0.5,1.7241379310344827,1.3773584905660377,1.5454545454545454,1.7142857142857142,1.1666666666666667,1.4594594594594594,1.28,1.7142857142857142,1.0588235294117647,0.0
5998,1.7241379310344827,1.3773584905660377,1.5454545454545454,1.7142857142857142,1.1666666666666667,1.4594594594594594,1.28,1.7142857142857142,1.0588235294117647,0.0,1.5873015873015872
5999,1.3773584905660377,1.5454545454545454,1.7142857142857142,1.1666666666666667,1.4594594594594594,1.28,1.7142857142857142,1.0588235294117647,0.0,1.5873015873015872,1.1470588235294117
6000,1.5454545454545454,1.7142857142857142,1.1666666666666667,1.4594594594594594,1.28,1.7142857142857142,1.0588235294117647,0.0,1.5873015873015872,1.1470588235294117,1.6428571428571428
6001,1.7142857142857142,1.1666666666666667,1.4594594594594594,1.28,1.7142857142857142,1.0588235294117647,0.0,1.5873015873015872,1.1470588235294117,1.6428571428571428,1.5
6002,1.1666666666666667,1.4594594594594594,1.28,1.7142857142857142,1.0588235294117647,0.0,1.5873015873015872,1.1470588235294117,1.6428571428571428,1.5,1.4166666666666667
6003,1.4594594594594594,1.28,1.7142857142857142,1.0588235294117647,0.0,1.5873015873015872,1.1470588235294117,1.6428571428571428,1.5,1.4166666666666667,0.8571428571428571
6004,1.28,1.7142857142857142,1.0588235294117647,0.0,1.5873015873015872,1.1470588235294117,1.6428571428571428,1.5,1.4166666666666667,0.8571428571428571,1.1956521739130435
6005,1.7142857142857142,1.0588235294117647,0.0,1.5873015873015872,1.1470588235294117,1.6428571428571428,1.5,1.4166666666666667,0.8571428571428571,1.1956521739130435,1.44
6006,1.0588235294117647,0.0,1.5873015873015872,1.1470588235294117,1.6428571428571428,1.5,1.4166666666666667,0.8571428571428571,1.1956521739130435,1.44,1.7142857142857142
6007,0.0,1.5873015873015872,1.1470588235294117,1.6428571428571428,1.5,1.4166666666666667,0.8571428571428571,1.1956521739130435,1.44,1.7142857142857142,0.9090909090909091
6008,1.5873015873015872,1.1470588235294117,1.6428571428571428,1.5,1.4166666666666667,0.8571428571428571,1.1956521739130435,1.44,1.7142857142857142,0.9090909090909091,0.0
6009,1.1470588235294117,1.6428571428571428,1.5,1.4166666666666667,0.8571428571428571,1.1956521739130435,1.44,1.7142857142857142,0.9090909090909091,0.0,0.0
6010,1.6428571428571428,1.5,1.4166666666666667,0.8571428571428571,1.1956521739130435,1.44,1.7142857142857142,0.9090909090909091,0.0,0.0,0.3333333333333333
6011,1.5,1.4166666666666667,0.8571428571428571,1.1956521739130435,1.44,1.7142857142857142,0.9090909090909091,0.0,0.0,0.3333333333333333,1.4137931034482758
6012,1.4166666666666667,0.8571428571428571,1.1956521739130435,1.44,1.7142857142857142,0.9090909090909091,0.0,0.0,0.3333333333333333,1.4137931034482758,0.8333333333333334
6013,0.8571428571428571,1.1956521739130435,1.44,1.7142857142857142,0.9090909090909091,0.0,0.0,0.3333333333333333,1.4137931034482758,0.8333333333333334,0.8333333333333334
6014,1.1956521739130435,1.44,1.7142857142857142,0.9090909090909091,0.0,0.0,0.3333333333333333,1.4137931034482758,0.8333333333333334,0.8333333333333334,1.3333333333333333
6015,1.44,1.7142857142857142,0.9090909090909091,0.0,0.0,0.3333333333333333,1.4137931034482758,0.8333333333333334,0.8333333333333334,1.3333333333333333,0.25
6016,1.7142857142857142,0.9090909090909091,0.0,0.0,0.3333333333333333,1.4137931034482758,0.8333333333333334,0.8333333333333334,1.3333333333333333,0.25,1.6557377049180328
6017,0.9090909090909091,0.0,0.0,0.3333333333333333,1.4137931034482758,0.8333333333333334,0.8333333333333334,1.3333333333333333,0.25,1.6557377049180328,1.6734693877551021
6018,0.0,0.0,0.3333333333333333,1.4137931034482758,0.8333333333333334,0.8333333333333334,1.3333333333333333,0.25,1.6557377049180328,1.6734693877551021,1.2826086956521738
6019,0.0,0.3333333333333333,1.4137931034482758,0.8333333333333334,0.8333333333333334,1.3333333333333333,0.25,1.6557377049180328,1.6734693877551021,1.2826086956521738,1.7142857142857142
6020,0.3333333333333333,1.4137931034482758,0.8333333333333334,0.8333333333333334,1.3333333333333333,0.25,1.6557377049180328,1.6734693877551021,1.2826086956521738,1.7142857142857142,0.0
6021,1.4137931034482758,0.8333333333333334,0.8333333333333334,1.3333333333333333,0.25,1.6557377049180328,1.6734693877551021,1.2826086956521738,1.7142857142857142,0.0,1.0857142857142856
6022,0.8333333333333334,0.8333333333333334,1.3333333333333333,0.25,1.6557377049180328,1.6734693877551021,1.2826086956521738,1.7142857142857142,0.0,1.0857142857142856,1.6153846153846154
6023,0.8333333333333334,1.3333333333333333,0.25,1.6557377049180328,1.6734693877551021,1.2826086956521738,1.7142857142857142,0.0,1.0857142857142856,1.6153846153846154,1.0943396226415094
6024,1.3333333333333333,0.25,1.6557377049180328,1.6734693877551021,1.2826086956521738,1.7142857142857142,0.0,1.0857142857142856,1.6153846153846154,1.0943396226415094,0.8181818181818182
6025,0.25,1.6557377049180328,1.6734693877551021,1.2826086956521738,1.7142857142857142,0.0,1.0857142857142856,1.6153846153846154,1.0943396226415094,0.8181818181818182,1.2307692307692308
6026,1.6557377049180328,1.6734693877551021,1.2826086956521738,1.7142857142857142,0.0,1.0857142857142856,1.6153846153846154,1.0943396226415094,0.8181818181818182,1.2307692307692308,1.3043478260869565
6027,1.6734693877551021,1.2826086956521738,1.7142857142857142,0.0,1.0857142857142856,1.6153846153846154,1.0943396226415094,0.8181818181818182,1.2307692307692308,1.3043478260869565,0.4
6028,1.2826086956521738,1.7142857142857142,0.0,1.0857142857142856,1.6153846153846154,1.0943396226415094,0.8181818181818182,1.2307692307692308,1.3043478260869565,0.4,1.5319148936170213
6029,1.7142857142857142,0.0,1.0857142857142856,1.6153846153846154,1.0943396226415094,0.8181818181818182,1.2307692307692308,1.3043478260869565,0.4,1.5319148936170213,1.4166666666666667
6030,0.0,1.0857142857142856,1.6153846153846154,1.0943396226415094,0.8181818181818182,1.2307692307692308,1.3043478260869565,0.4,1.5319148936170213,1.4166666666666667,0.9
6031,1.0857142857142856,1.6153846153846154,1.0943396226415094,0.8181818181818182,1.2307692307692308,1.3043478260869565,0.4,1.5319148936170213,1.4166666666666667,0.9,0.875
6032,1.6153846153846154,1.0943396226415094,0.8181818181818182,1.2307692307692308,1.3043478260869565,0.4,1.5319148936170213,1.4166666666666667,0.9,0.875,0.6818181818181818
6033,1.0943396226415094,0.8181818181818182,1.2307692307692308,1.3043478260869565,0.4,1.5319148936170213,1.4166666666666667,0.9,0.875,0.6818181818181818,1.46
6034,0.8181818181818182,1.2307692307692308,1.3043478260869565,0.4,1.5319148936170213,1.4166666666666667,0.9,0.875,0.6818181818181818,1.46,1.0416666666666667
6035,1.2307692307692308,1.3043478260869565,0.4,1.5319148936170213,1.4166666666666667,0.9,0.875,0.6818181818181818,1.46,1.0416666666666667,1.3333333333333333
6036,1.3043478260869565,0.4,1.5319148936170213,1.4166666666666667,0.9,0.875,0.6818181818181818,1.46,1.0416666666666667,1.3333333333333333,1.5
6037,0.4,1.5319148936170213,1.4166666666666667,0.9,0.875,0.6818181818181818,1.46,1.0416666666666667,1.3333333333333333,1.5,1.4285714285714286
6038,1.5319148936170213,1.4166666666666667,0.9,0.875,0.6818181818181818,1.46,1.0416666666666667,1.3333333333333333,1.5,1.4285714285714286,1.0
6039,1.4166666666666667,0.9,0.875,0.6818181818181818,1.46,1.0416666666666667,1.3333333333333333,1.5,1.4285714285714286,1.0,0.9285714285714286
6040,0.9,0.875,0.6818181818181818,1.46,1.0416666666666667,1.3333333333333333,1.5,1.4285714285714286,1.0,0.9285714285714286,1.411764705882353
6041,0.875,0.6818181818181818,1.46,1.0416666666666667,1.3333333333333333,1.5,1.4285714285714286,1.0,0.9285714285714286,1.411764705882353,1.2894736842105263
6042,1.2,0.4,1.0,0.8333333333333334,0.75,1.25,1.3333333333333333,0.0,0.2,0.0,4.0
6043,0.4,1.0,0.8333333333333334,0.75,1.25,1.3333333333333333,0.0,0.2,0.0,4.0,0.5
6044,1.0,0.8333333333333334,0.75,1.25,1.3333333333333333,0.0,0.2,0.0,4.0,0.5,0.5
6045,0.8333333333333334,0.75,1.25,1.3333333333333333,0.0,0.2,0.0,4.0,0.5,0.5,0.0
6046,0.75,1.25,1.3333333333333333,0.0,0.2,0.0,4.0,0.5,0.5,0.0,0.2
6047,1.25,1.3333333333333333,0.0,0.2,0.0,4.0,0.5,0.5,0.0,0.2,0.0
6048,1.3333333333333333,0.0,0.2,0.0,4.0,0.5,0.5,0.0,0.2,0.0,0.1
6049,0.0,0.2,0.0,4.0,0.5,0.5,0.0,0.2,0.0,0.1,1.5555555555555556
6050,0.2,0.0,4.0,0.5,0.5,0.0,0.2,0.0,0.1,1.5555555555555556,0.0
6051,0.0,4.0,0.5,0.5,0.0,0.2,0.0,0.1,1.5555555555555556,0.0,1.0
6052,4.0,0.5,0.5,0.0,0.2,0.0,0.1,1.5555555555555556,0.0,1.0,2.25
6053,0.5,0.5,0.0,0.2,0.0,0.1,1.5555555555555556,0.0,1.0,2.25,0.0
6054,0.5,0.0,0.2,0.0,0.1,1.5555555555555556,0.0,1.0,2.25,0.0,0.8888888888888888
6055,0.0,0.2,0.0,0.1,1.5555555555555556,0.0,1.0,2.25,0.0,0.8888888888888888,0.0
6056,0.2,0.0,0.1,1.5555555555555556,0.0,1.0,2.25,0.0,0.8888888888888888,0.0,0.25
6057,0.0,0.1,1.5555555555555556,0.0,1.0,2.25,0.0,0.8888888888888888,0.0,0.25,0.0
6058,0.1,1.5555555555555556,0.0,1.0,2.25,0.0,0.8888888888888888,0.0,0.25,0.0,2.5
6059,1.5555555555555556,0.0,1.0,2.25,0.0,0.8888888888888888,0.0,0.25,0.0,2.5,2.1818181818181817
6060,0.0,1.0,2.25,0.0,0.8888888888888888,0.0,0.25,0.0,2.5,2.1818181818181817,3.5
6061,1.0,2.25,0.0,0.8888888888888888,0.0,0.25,0.0,2.5,2.1818181818181817,3.5,0.6666666666666666
6062,2.25,0.0,0.8888888888888888,0.0,0.25,0.0,2.5,2.1818181818181817,3.5,0.6666666666666666,1.5
6063,0.0,0.8888888888888888,0.0,0.25,0.0,2.5,2.1818181818181817,3.5,0.6666666666666666,1.5,0.0
6064,0.8888888888888888,0.0,0.25,0.0,2.5,2.1818181818181817,3.5,0.6666666666666666,1.5,0.0,1.0
6065,0.0,0.25,0.0,2.5,2.1818181818181817,3.5,0.6666666666666666,1.5,0.0,1.0,2.3333333333333335
6066,0.25,0.0,2.5,2.1818181818181817,3.5,0.6666666666666666,1.5,0.0,1.0,2.3333333333333335,0.0
6067,0.0,2.5,2.1818181818181817,3.5,0.6666666666666666,1.5,0.0,1.0,2.3333333333333335,0.0,3.0
6068,2.5,2.1818181818181817,3.5,0.6666666666666666,1.5,0.0,1.0,2.3333333333333335,0.0,3.0,1.0
6069,2.1818181818181817,3.5,0.6666666666666666,1.5,0.0,1.0,2.3333333333333335,0.0,3.0,1.0,0.6
6070,3.5,0.6666666666666666,1.5,0.0,1.0,2.3333333333333335,0.0,3.0,1.0,0.6,1.0
6071,0.6666666666666666,1.5,0.0,1.0,2.3333333333333335,0.0,3.0,1.0,0.6,1.0,1.0
6072,1.5,0.0,1.0,2.3333333333333335,0.0,3.0,1.0,0.6,1.0,1.0,0.5
6073,0.0,1.0,2.3333333333333335,0.0,3.0,1.0,0.6,1.0,1.0,0.5,0.6666666666666666
6074,1.0,2.3333333333333335,0.0,3.0,1.0,0.6,1.0,1.0,0.5,0.6666666666666666,1.0
6075,2.3333333333333335,0.0,3.0,1.0,0.6,1.0,1.0,0.5,0.6666666666666666,1.0,1.0
6076,0.0,3.0,1.0,0.6,1.0,1.0,0.5,0.6666666666666666,1.0,1.0,1.0
6077,3.0,1.0,0.6,1.0,1.0,0.5,0.6666666666666666,1.0,1.0,1.0,0.5
6078,1.1785714285714286,0.8461538461538461,1.32,1.6666666666666667,0.6666666666666666,1.1481481481481481,1.3157894736842106,1.6730769230769231,1.3673469387755102,1.6666666666666667,1.4736842105263157
6079,0.8461538461538461,1.32,1.6666666666666667,0.6666666666666666,1.1481481481481481,1.3157894736842106,1.6730769230769231,1.3673469387755102,1.6666666666666667,1.4736842105263157,0.9285714285714286
6080,1.32,1.6666666666666667,0.6666666666666666,1.1481481481481481,1.3157894736842106,1.6730769230769231,1.3673469387755102,1.6666666666666667,1.4736842105263157,0.9285714285714286,1.1132075471698113
6081,1.6666666666666667,0.6666666666666666,1.1481481481481481,1.3157894736842106,1.6730769230769231,1.3673469387755102,1.6666666666666667,1.4736842105263157,0.9285714285714286,1.1132075471698113,1.3333333333333333
6082,0.6666666666666666,1.1481481481481481,1.3157894736842106,1.6730769230769231,1.3673469387755102,1.6666666666666667,1.4736842105263157,0.9285714285714286,1.1132075471698113,1.3333333333333333,2.230769230769231
6083,1.1481481481481481,1.3157894736842106,1.6730769230769231,1.3673469387755102,1.6666666666666667,1.4736842105263157,0.9285714285714286,1.1132075471698113,1.3333333333333333,2.230769230769231,2.1333333333333333
6084,1.3157894736842106,1.6730769230769231,1.3673469387755102,1.6666666666666667,1.4736842105263157,0.9285714285714286,1.1132075471698113,1.3333333333333333,2.230769230769231,2.1333333333333333,0.5
6085,1.6730769230769231,1.3673469387755102,1.6666666666666667,1.4736842105263157,0.9285714285714286,1.1132075471698113,1.3333333333333333,2.230769230769231,2.1333333333333333,0.5,1.25
6086,1.3673469387755102,1.6666666666666667,1.4736842105263157,0.9285714285714286,1.1132075471698113,1.3333333333333333,2.230769230769231,2.1333333333333333,0.5,1.25,2.6
6087,1.6666666666666667,1.4736842105263157,0.9285714285714286,1.1132075471698113,1.3333333333333333,2.230769230769231,2.1333333333333333,0.5,1.25,2.6,2.6666666666666665
6088,1.4736842105263157,0.9285714285714286,1.1132075471698113,1.3333333333333333,2.230769230769231,2.1333333333333333,0.5,1.25,2.6,2.6666666666666665,2.0
6089,0.9285714285714286,1.1132075471698113,1.3333333333333333,2.230769230769231,2.1333333333333333,0.5,1.25,2.6,2.6666666666666665,2.0,0.6666666666666666
6090,1.1132075471698113,1.3333333333333333,2.230769230769231,2.1333333333333333,0.5,1.25,2.6,2.6666666666666665,2.0,0.6666666666666666,2.25
6091,1.3333333333333333,2.230769230769231,2.1333333333333333,0.5,1.25,2.6,2.6666666666666665,2.0,0.6666666666666666,2.25,1.5555555555555556
6092,2.230769230769231,2.1333333333333333,0.5,1.25,2.6,2.6666666666666665,2.0,0.6666666666666666,2.25,1.5555555555555556,3.4
6093,2.1333333333333333,0.5,1.25,2.6,2.6666666666666665,2.0,0.6666666666666666,2.25,1.5555555555555556,3.4,2.2857142857142856
6094,0.5,1.25,2.6,2.6666666666666665,2.0,0.6666666666666666,2.25,1.5555555555555556,3.4,2.2857142857142856,2.3125
6095,1.25,2.6,2.6666666666666665,2.0,0.6666666666666666,2.25,1.5555555555555556,3.4,2.2857142857142856,2.3125,1.1333333333333333
6096,2.6,2.6666666666666665,2.0,0.6666666666666666,2.25,1.5555555555555556,3.4,2.2857142857142856,2.3125,1.1333333333333333,1.0666666666666667
6097,2.6666666666666665,2.0,0.6666666666666666,2.25,1.5555555555555556,3.4,2.2857142857142856,2.3125,1.1333333333333333,1.0666666666666667,1.3
6098,2.0,0.6666666666666666,2.25,1.5555555555555556,3.4,2.2857142857142856,2.3125,1.1333333333333333,1.0666666666666667,1.3,0.5
6099,0.6666666666666666,2.25,1.5555555555555556,3.4,2.2857142857142856,2.3125,1.1333333333333333,1.0666666666666667,1.3,0.5,0.0
6100,2.25,1.5555555555555556,3.4,2.2857142857142856,2.3125,1.1333333333333333,1.0666666666666667,1.3,0.5,0.0,0.625
6101,1.5555555555555556,3.4,2.2857142857142856,2.3125,1.1333333333333333,1.0666666666666667,1.3,0.5,0.0,0.625,0.3333333333333333
6102,3.4,2.2857142857142856,2.3125,1.1333333333333333,1.0666666666666667,1.3,0.5,0.0,0.625,0.3333333333333333,1.967741935483871
6103,2.2857142857142856,2.3125,1.1333333333333333,1.0666666666666667,1.3,0.5,0.0,0.625,0.3333333333333333,1.967741935483871,1.5
6104,2.3125,1.1333333333333333,1.0666666666666667,1.3,0.5,0.0,0.625,0.3333333333333333,1.967741935483871,1.5,1.75
6105,1.1333333333333333,1.0666666666666667,1.3,0.5,0.0,0.625,0.3333333333333333,1.967741935483871,1.5,1.75,1.4615384615384615
6106,1.0666666666666667,1.3,0.5,0.0,0.625,0.3333333333333333,1.967741935483871,1.5,1.75,1.4615384615384615,2.676470588235294
6107,1.3,0.5,0.0,0.625,0.3333333333333333,1.967741935483871,1.5,1.75,1.4615384615384615,2.676470588235294,1.3846153846153846
6108,0.5,0.0,0.625,0.3333333333333333,1.967741935483871,1.5,1.75,1.4615384615384615,2.676470588235294,1.3846153846153846,1.9090909090909092
6109,0.0,0.625,0.3333333333333333,1.967741935483871,1.5,1.75,1.4615384615384615,2.676470588235294,1.3846153846153846,1.9090909090909092,0.8823529411764706
6110,0.625,0.3333333333333333,1.967741935483871,1.5,1.75,1.4615384615384615,2.676470588235294,1.3846153846153846,1.9090909090909092,0.8823529411764706,1.3
6111,0.3333333333333333,1.967741935483871,1.5,1.75,1.4615384615384615,2.676470588235294,1.3846153846153846,1.9090909090909092,0.8823529411764706,1.3,0.875
6112,1.967741935483871,1.5,1.75,1.4615384615384615,2.676470588235294,1.3846153846153846,1.9090909090909092,0.8823529411764706,1.3,0.875,0.8
6113,1.5,1.75,1.4615384615384615,2.676470588235294,1.3846153846153846,1.9090909090909092,0.8823529411764706,1.3,0.875,0.8,0.75
6114,1.75,1.4615384615384615,2.676470588235294,1.3846153846153846,1.9090909090909092,0.8823529411764706,1.3,0.875,0.8,0.75,1.5333333333333334
6115,1.4615384615384615,2.676470588235294,1.3846153846153846,1.9090909090909092,0.8823529411764706,1.3,0.875,0.8,0.75,1.5333333333333334,1.3333333333333333
6116,2.676470588235294,1.3846153846153846,1.9090909090909092,0.8823529411764706,1.3,0.875,0.8,0.75,1.5333333333333334,1.3333333333333333,1.3333333333333333
6117,1.3846153846153846,1.9090909090909092,0.8823529411764706,1.3,0.875,0.8,0.75,1.5333333333333334,1.3333333333333333,1.3333333333333333,1.0
6118,1.9090909090909092,0.8823529411764706,1.3,0.875,0.8,0.75,1.5333333333333334,1.3333333333333333,1.3333333333333333,1.0,2.3333333333333335
6119,0.8823529411764706,1.3,0.875,0.8,0.75,1.5333333333333334,1.3333333333333333,1.3333333333333333,1.0,2.3333333333333335,1.1818181818181819
6120,1.3,0.875,0.8,0.75,1.5333333333333334,1.3333333333333333,1.3333333333333333,1.0,2.3333333333333335,1.1818181818181819,1.4
6121,0.875,0.8,0.75,1.5333333333333334,1.3333333333333333,1.3333333333333333,1.0,2.3333333333333335,1.1818181818181819,1.4,1.1111111111111112
6122,0.8,0.75,1.5333333333333334,1.3333333333333333,1.3333333333333333,1.0,2.3333333333333335,1.1818181818181819,1.4,1.1111111111111112,2.0
6123,0.75,1.5333333333333334,1.3333333333333333,1.3333333333333333,1.0,2.3333333333333335,1.1818181818181819,1.4,1.1111111111111112,2.0,1.7142857142857142
6124,1.5333333333333334,1.3333333333333333,1.3333333333333333,1.0,2.3333333333333335,1.1818181818181819,1.4,1.1111111111111112,2.0,1.7142857142857142,2.5454545454545454
6125,1.3333333333333333,1.3333333333333333,1.0,2.3333333333333335,1.1818181818181819,1.4,1.1111111111111112,2.0,1.7142857142857142,2.5454545454545454,0.0
6126,1.3333333333333333,1.0,2.3333333333333335,1.1818181818181819,1.4,1.1111111111111112,2.0,1.7142857142857142,2.5454545454545454,0.0,2.642857142857143
6127,1.0,2.3333333333333335,1.1818181818181819,1.4,1.1111111111111112,2.0,1.7142857142857142,2.5454545454545454,0.0,2.642857142857143,0.6
6128,2.3333333333333335,1.1818181818181819,1.4,1.1111111111111112,2.0,1.7142857142857142,2.5454545454545454,0.0,2.642857142857143,0.6,1.1428571428571428
6129,1.1818181818181819,1.4,1.1111111111111112,2.0,1.7142857142857142,2.5454545454545454,0.0,2.642857142857143,0.6,1.1428571428571428,1.75
6130,1.4,1.1111111111111112,2.0,1.7142857142857142,2.5454545454545454,0.0,2.642857142857143,0.6,1.1428571428571428,1.75,1.0434782608695652
6131,1.1111111111111112,2.0,1.7142857142857142,2.5454545454545454,0.0,2.642857142857143,0.6,1.1428571428571428,1.75,1.0434782608695652,2.0
6132,2.0,1.7142857142857142,2.5454545454545454,0.0,2.642857142857143,0.6,1.1428571428571428,1.75,1.0434782608695652,2.0,3.75
6133,1.7142857142857142,2.5454545454545454,0.0,2.642857142857143,0.6,1.1428571428571428,1.75,1.0434782608695652,2.0,3.75,2.3076923076923075
6134,2.5454545454545454,0.0,2.642857142857143,0.6,1.1428571428571428,1.75,1.0434782608695652,2.0,3.75,2.3076923076923075,1.7692307692307692
6135,0.0,2.642857142857143,0.6,1.1428571428571428,1.75,1.0434782608695652,2.0,3.75,2.3076923076923075,1.7692307692307692,0.0
6136,2.642857142857143,0.6,1.1428571428571428,1.75,1.0434782608695652,2.0,3.75,2.3076923076923075,1.7692307692307692,0.0,0.9444444444444444
6137,0.6,1.1428571428571428,1.75,1.0434782608695652,2.0,3.75,2.3076923076923075,1.7692307692307692,0.0,0.9444444444444444,2.111111111111111
6138,1.1428571428571428,1.75,1.0434782608695652,2.0,3.75,2.3076923076923075,1.7692307692307692,0.0,0.9444444444444444,2.111111111111111,0.14285714285714285
6139,1.75,1.0434782608695652,2.0,3.75,2.3076923076923075,1.7692307692307692,0.0,0.9444444444444444,2.111111111111111,0.14285714285714285,1.5789473684210527
6140,1.0434782608695652,2.0,3.75,2.3076923076923075,1.7692307692307692,0.0,0.9444444444444444,2.111111111111111,0.14285714285714285,1.5789473684210527,2.625
6141,2.0,3.75,2.3076923076923075,1.7692307692307692,0.0,0.9444444444444444,2.111111111111111,0.14285714285714285,1.5789473684210527,2.625,0.0
6142,3.75,2.3076923076923075,1.7692307692307692,0.0,0.9444444444444444,2.111111111111111,0.14285714285714285,1.5789473684210527,2.625,0.0,0.4
6143,2.3076923076923075,1.7692307692307692,0.0,0.9444444444444444,2.111111111111111,0.14285714285714285,1.5789473684210527,2.625,0.0,0.4,1.0
6144,1.7692307692307692,0.0,0.9444444444444444,2.111111111111111,0.14285714285714285,1.5789473684210527,2.625,0.0,0.4,1.0,0.4375
6145,0.0,0.9444444444444444,2.111111111111111,0.14285714285714285,1.5789473684210527,2.625,0.0,0.4,1.0,0.4375,0.5
6146,0.9444444444444444,2.111111111111111,0.14285714285714285,1.5789473684210527,2.625,0.0,0.4,1.0,0.4375,0.5,1.1
6147,2.111111111111111,0.14285714285714285,1.5789473684210527,2.625,0.0,0.4,1.0,0.4375,0.5,1.1,1.625
6148,0.14285714285714285,1.5789473684210527,2.625,0.0,0.4,1.0,0.4375,0.5,1.1,1.625,3.125
6149,1.5789473684210527,2.625,0.0,0.4,1.0,0.4375,0.5,1.1,1.625,3.125,1.2777777777777777
6150,2.625,0.0,0.4,1.0,0.4375,0.5,1.1,1.625,3.125,1.2777777777777777,1.1818181818181819
6151,0.0,0.4,1.0,0.4375,0.5,1.1,1.625,3.125,1.2777777777777777,1.1818181818181819,1.1818181818181819
6152,0.4,1.0,0.4375,0.5,1.1,1.625,3.125,1.2777777777777777,1.1818181818181819,1.1818181818181819,1.6
6153,1.0,0.4375,0.5,1.1,1.625,3.125,1.2777777777777777,1.1818181818181819,1.1818181818181819,1.6,1.4
6154,0.4375,0.5,1.1,1.625,3.125,1.2777777777777777,1.1818181818181819,1.1818181818181819,1.6,1.4,2.2857142857142856
6155,0.5,1.1,1.625,3.125,1.2777777777777777,1.1818181818181819,1.1818181818181819,1.6,1.4,2.2857142857142856,0.7272727272727273
6156,1.1,1.625,3.125,1.2777777777777777,1.1818181818181819,1.1818181818181819,1.6,1.4,2.2857142857142856,0.7272727272727273,1.4736842105263157
6157,1.625,3.125,1.2777777777777777,1.1818181818181819,1.1818181818181819,1.6,1.4,2.2857142857142856,0.7272727272727273,1.4736842105263157,1.4
6158,3.125,1.2777777777777777,1.1818181818181819,1.1818181818181819,1.6,1.4,2.2857142857142856,0.7272727272727273,1.4736842105263157,1.4,1.25
6159,1.2777777777777777,1.1818181818181819,1.1818181818181819,1.6,1.4,2.2857142857142856,0.7272727272727273,1.4736842105263157,1.4,1.25,1.6875
6160,1.1818181818181819,1.1818181818181819,1.6,1.4,2.2857142857142856,0.7272727272727273,1.4736842105263157,1.4,1.25,1.6875,2.0833333333333335
6161,1.1818181818181819,1.6,1.4,2.2857142857142856,0.7272727272727273,1.4736842105263157,1.4,1.25,1.6875,2.0833333333333335,1.5
6162,1.6,1.4,2.2857142857142856,0.7272727272727273,1.4736842105263157,1.4,1.25,1.6875,2.0833333333333335,1.5,0.6666666666666666
6163,1.4,2.2857142857142856,0.7272727272727273,1.4736842105263157,1.4,1.25,1.6875,2.0833333333333335,1.5,0.6666666666666666,1.0
6164,2.2857142857142856,0.7272727272727273,1.4736842105263157,1.4,1.25,1.6875,2.0833333333333335,1.5,0.6666666666666666,1.0,0.6
6165,0.7272727272727273,1.4736842105263157,1.4,1.25,1.6875,2.0833333333333335,1.5,0.6666666666666666,1.0,0.6,1.7142857142857142
6166,1.4736842105263157,1.4,1.25,1.6875,2.0833333333333335,1.5,0.6666666666666666,1.0,0.6,1.7142857142857142,0.7272727272727273
6167,1.4,1.25,1.6875,2.0833333333333335,1.5,0.6666666666666666,1.0,0.6,1.7142857142857142,0.7272727272727273,2.1538461538461537
6168,1.25,1.6875,2.0833333333333335,1.5,0.6666666666666666,1.0,0.6,1.7142857142857142,0.7272727272727273,2.1538461538461537,2.857142857142857
6169,1.6875,2.0833333333333335,1.5,0.6666666666666666,1.0,0.6,1.7142857142857142,0.7272727272727273,2.1538461538461537,2.857142857142857,2.0
6170,2.0833333333333335,1.5,0.6666666666666666,1.0,0.6,1.7142857142857142,0.7272727272727273,2.1538461538461537,2.857142857142857,2.0,1.3157894736842106
6171,1.5,0.6666666666666666,1.0,0.6,1.7142857142857142,0.7272727272727273,2.1538461538461537,2.857142857142857,2.0,1.3157894736842106,0.15789473684210525
6172,0.6666666666666666,1.0,0.6,1.7142857142857142,0.7272727272727273,2.1538461538461537,2.857142857142857,2.0,1.3157894736842106,0.15789473684210525,0.8333333333333334
6173,1.0,0.6,1.7142857142857142,0.7272727272727273,2.1538461538461537,2.857142857142857,2.0,1.3157894736842106,0.15789473684210525,0.8333333333333334,2.6363636363636362
6174,0.6,1.7142857142857142,0.7272727272727273,2.1538461538461537,2.857142857142857,2.0,1.3157894736842106,0.15789473684210525,0.8333333333333334,2.6363636363636362,1.631578947368421
6175,1.7142857142857142,0.7272727272727273,2.1538461538461537,2.857142857142857,2.0,1.3157894736842106,0.15789473684210525,0.8333333333333334,2.6363636363636362,1.631578947368421,1.8
6176,0.7272727272727273,2.1538461538461537,2.857142857142857,2.0,1.3157894736842106,0.15789473684210525,0.8333333333333334,2.6363636363636362,1.631578947368421,1.8,0.25
6177,2.1538461538461537,2.857142857142857,2.0,1.3157894736842106,0.15789473684210525,0.8333333333333334,2.6363636363636362,1.631578947368421,1.8,0.25,1.4814814814814814
6178,2.857142857142857,2.0,1.3157894736842106,0.15789473684210525,0.8333333333333334,2.6363636363636362,1.631578947368421,1.8,0.25,1.4814814814814814,1.1333333333333333
6179,2.0,1.3157894736842106,0.15789473684210525,0.8333333333333334,2.6363636363636362,1.631578947368421,1.8,0.25,1.4814814814814814,1.1333333333333333,1.1666666666666667
6180,1.3157894736842106,0.15789473684210525,0.8333333333333334,2.6363636363636362,1.631578947368421,1.8,0.25,1.4814814814814814,1.1333333333333333,1.1666666666666667,1.3191489361702127
6181,0.15789473684210525,0.8333333333333334,2.6363636363636362,1.631578947368421,1.8,0.25,1.4814814814814814,1.1333333333333333,1.1666666666666667,1.3191489361702127,0.625
6182,0.8333333333333334,2.6363636363636362,1.631578947368421,1.8,0.25,1.4814814814814814,1.1333333333333333,1.1666666666666667,1.3191489361702127,0.625,2.727272727272727
6183,2.6363636363636362,1.631578947368421,1.8,0.25,1.4814814814814814,1.1333333333333333,1.1666666666666667,1.3191489361702127,0.625,2.727272727272727,0.0
6184,1.4137931034482758,1.2571428571428571,0.14285714285714285,2.0,1.25,1.2727272727272727,0.0,1.4090909090909092,1.2941176470588236,2.0851063829787235,0.9444444444444444
6185,1.2571428571428571,0.14285714285714285,2.0,1.25,1.2727272727272727,0.0,1.4090909090909092,1.2941176470588236,2.0851063829787235,0.9444444444444444,1.3611111111111112
6186,0.14285714285714285,2.0,1.25,1.2727272727272727,0.0,1.4090909090909092,1.2941176470588236,2.0851063829787235,0.9444444444444444,1.3611111111111112,1.25
6187,2.0,1.25,1.2727272727272727,0.0,1.4090909090909092,1.2941176470588236,2.0851063829787235,0.9444444444444444,1.3611111111111112,1.25,1.9444444444444444
6188,1.25,1.2727272727272727,0.0,1.4090909090909092,1.2941176470588236,2.0851063829787235,0.9444444444444444,1.3611111111111112,1.25,1.9444444444444444,1.7906976744186047
6189,1.2727272727272727,0.0,1.4090909090909092,1.2941176470588236,2.0851063829787235,0.9444444444444444,1.3611111111111112,1.25,1.9444444444444444,1.7906976744186047,1.25
6190,0.0,1.4090909090909092,1.2941176470588236,2.0851063829787235,0.9444444444444444,1.3611111111111112,1.25,1.9444444444444444,1.7906976744186047,1.25,0.0
6191,1.4090909090909092,1.2941176470588236,2.0851063829787235,0.9444444444444444,1.3611111111111112,1.25,1.9444444444444444,1.7906976744186047,1.25,0.0,2.380952380952381
6192,1.2941176470588236,2.0851063829787235,0.9444444444444444,1.3611111111111112,1.25,1.9444444444444444,1.7906976744186047,1.25,0.0,2.380952380952381,1.475
6193,2.0851063829787235,0.9444444444444444,1.3611111111111112,1.25,1.9444444444444444,1.7906976744186047,1.25,0.0,2.380952380952381,1.475,1.4594594594594594
6194,0.9444444444444444,1.3611111111111112,1.25,1.9444444444444444,1.7906976744186047,1.25,0.0,2.380952380952381,1.475,1.4594594594594594,1.2702702702702702
6195,1.3611111111111112,1.25,1.9444444444444444,1.7906976744186047,1.25,0.0,2.380952380952381,1.475,1.4594594594594594,1.2702702702702702,0.9230769230769231
6196,1.25,1.9444444444444444,1.7906976744186047,1.25,0.0,2.380952380952381,1.475,1.4594594594594594,1.2702702702702702,0.9230769230769231,1.565217391304348
6197,1.9444444444444444,1.7906976744186047,1.25,0.0,2.380952380952381,1.475,1.4594594594594594,1.2702702702702702,0.9230769230769231,1.565217391304348,0.5
6198,1.7906976744186047,1.25,0.0,2.380952380952381,1.475,1.4594594594594594,1.2702702702702702,0.9230769230769231,1.565217391304348,0.5,0.0
6199,1.25,0.0,2.380952380952381,1.475,1.4594594594594594,1.2702702702702702,0.9230769230769231,1.565217391304348,0.5,0.0,0.6666666666666666
6200,0.0,2.380952380952381,1.475,1.4594594594594594,1.2702702702702702,0.9230769230769231,1.565217391304348,0.5,0.0,0.6666666666666666,0.6666666666666666
6201,2.380952380952381,1.475,1.4594594594594594,1.2702702702702702,0.9230769230769231,1.565217391304348,0.5,0.0,0.6666666666666666,0.6666666666666666,1.3888888888888888
6202,1.475,1.4594594594594594,1.2702702702702702,0.9230769230769231,1.565217391304348,0.5,0.0,0.6666666666666666,0.6666666666666666,1.3888888888888888,2.1016949152542375
6203,1.4594594594594594,1.2702702702702702,0.9230769230769231,1.565217391304348,0.5,0.0,0.6666666666666666,0.6666666666666666,1.3888888888888888,2.1016949152542375,1.3333333333333333
6204,1.2702702702702702,0.9230769230769231,1.565217391304348,0.5,0.0,0.6666666666666666,0.6666666666666666,1.3888888888888888,2.1016949152542375,1.3333333333333333,1.6585365853658536
6205,0.9230769230769231,1.565217391304348,0.5,0.0,0.6666666666666666,0.6666666666666666,1.3888888888888888,2.1016949152542375,1.3333333333333333,1.6585365853658536,1.0
6206,1.565217391304348,0.5,0.0,0.6666666666666666,0.6666666666666666,1.3888888888888888,2.1016949152542375,1.3333333333333333,1.6585365853658536,1.0,0.375
6207,0.5,0.0,0.6666666666666666,0.6666666666666666,1.3888888888888888,2.1016949152542375,1.3333333333333333,1.6585365853658536,1.0,0.375,1.6153846153846154
6208,0.0,0.6666666666666666,0.6666666666666666,1.3888888888888888,2.1016949152542375,1.3333333333333333,1.6585365853658536,1.0,0.375,1.6153846153846154,1.375
6209,0.6666666666666666,0.6666666666666666,1.3888888888888888,2.1016949152542375,1.3333333333333333,1.6585365853658536,1.0,0.375,1.6153846153846154,1.375,1.375
6210,0.6666666666666666,1.3888888888888888,2.1016949152542375,1.3333333333333333,1.6585365853658536,1.0,0.375,1.6153846153846154,1.375,1.375,1.6
6211,1.3888888888888888,2.1016949152542375,1.3333333333333333,1.6585365853658536,1.0,0.375,1.6153846153846154,1.375,1.375,1.6,1.0
6212,0.0,0.0,1.9047619047619047,0.0,2.8181818181818183,1.0,2.0,1.5,2.46875,0.0,0.3333333333333333
6213,0.0,1.9047619047619047,0.0,2.8181818181818183,1.0,2.0,1.5,2.46875,0.0,0.3333333333333333,0.5
6214,1.9047619047619047,0.0,2.8181818181818183,1.0,2.0,1.5,2.46875,0.0,0.3333333333333333,0.5,6.0
6215,0.0,2.8181818181818183,1.0,2.0,1.5,2.46875,0.0,0.3333333333333333,0.5,6.0,1.8888888888888888
6216,2.8181818181818183,1.0,2.0,1.5,2.46875,0.0,0.3333333333333333,0.5,6.0,1.8888888888888888,0.7777777777777778
6217,1.0,2.0,1.5,2.46875,0.0,0.3333333333333333,0.5,6.0,1.8888888888888888,0.7777777777777778,0.3333333333333333
6218,2.0,1.5,2.46875,0.0,0.3333333333333333,0.5,6.0,1.8888888888888888,0.7777777777777778,0.3333333333333333,0.0
6219,1.5,2.46875,0.0,0.3333333333333333,0.5,6.0,1.8888888888888888,0.7777777777777778,0.3333333333333333,0.0,3.4
6220,2.46875,0.0,0.3333333333333333,0.5,6.0,1.8888888888888888,0.7777777777777778,0.3333333333333333,0.0,3.4,0.5
6221,0.0,0.3333333333333333,0.5,6.0,1.8888888888888888,0.7777777777777778,0.3333333333333333,0.0,3.4,0.5,2.125
6222,0.3333333333333333,0.5,6.0,1.8888888888888888,0.7777777777777778,0.3333333333333333,0.0,3.4,0.5,2.125,0.75
6223,0.5,6.0,1.8888888888888888,0.7777777777777778,0.3333333333333333,0.0,3.4,0.5,2.125,0.75,0.0
6224,6.0,1.8888888888888888,0.7777777777777778,0.3333333333333333,0.0,3.4,0.5,2.125,0.75,0.0,0.75
6225,1.8888888888888888,0.7777777777777778,0.3333333333333333,0.0,3.4,0.5,2.125,0.75,0.0,0.75,1.875
6226,0.7777777777777778,0.3333333333333333,0.0,3.4,0.5,2.125,0.75,0.0,0.75,1.875,1.875
6227,0.3333333333333333,0.0,3.4,0.5,2.125,0.75,0.0,0.75,1.875,1.875,0.0
6228,0.0,3.4,0.5,2.125,0.75,0.0,0.75,1.875,1.875,0.0,6.0
6229,3.4,0.5,2.125,0.75,0.0,0.75,1.875,1.875,0.0,6.0,0.0
6230,0.5,2.125,0.75,0.0,0.75,1.875,1.875,0.0,6.0,0.0,0.0
6231,2.125,0.75,0.0,0.75,1.875,1.875,0.0,6.0,0.0,0.0,4.25
6232,0.75,0.0,0.75,1.875,1.875,0.0,6.0,0.0,0.0,4.25,1.75
6233,0.0,0.75,1.875,1.875,0.0,6.0,0.0,0.0,4.25,1.75,1.3076923076923077
6234,0.75,1.875,1.875,0.0,6.0,0.0,0.0,4.25,1.75,1.3076923076923077,3.3333333333333335
6235,1.875,1.875,0.0,6.0,0.0,0.0,4.25,1.75,1.3076923076923077,3.3333333333333335,0.0
6236,1.875,0.0,6.0,0.0,0.0,4.25,1.75,1.3076923076923077,3.3333333333333335,0.0,0.42857142857142855
6237,0.0,6.0,0.0,0.0,4.25,1.75,1.3076923076923077,3.3333333333333335,0.0,0.42857142857142855,1.5714285714285714
6238,6.0,0.0,0.0,4.25,1.75,1.3076923076923077,3.3333333333333335,0.0,0.42857142857142855,1.5714285714285714,0.0
6239,0.0,0.0,4.25,1.75,1.3076923076923077,3.3333333333333335,0.0,0.42857142857142855,1.5714285714285714,0.0,0.0
6240,0.0,4.25,1.75,1.3076923076923077,3.3333333333333335,0.0,0.42857142857142855,1.5714285714285714,0.0,0.0,1.8
6241,4.25,1.75,1.3076923076923077,3.3333333333333335,0.0,0.42857142857142855,1.5714285714285714,0.0,0.0,1.8,1.1578947368421053
6242,1.75,1.3076923076923077,3.3333333333333335,0.0,0.42857142857142855,1.5714285714285714,0.0,0.0,1.8,1.1578947368421053,1.3333333333333333
6243,1.3076923076923077,3.3333333333333335,0.0,0.42857142857142855,1.5714285714285714,0.0,0.0,1.8,1.1578947368421053,1.3333333333333333,0.5
6244,3.3333333333333335,0.0,0.42857142857142855,1.5714285714285714,0.0,0.0,1.8,1.1578947368421053,1.3333333333333333,0.5,0.0
6245,0.0,0.42857142857142855,1.5714285714285714,0.0,0.0,1.8,1.1578947368421053,1.3333333333333333,0.5,0.0,0.5
6246,0.42857142857142855,1.5714285714285714,0.0,0.0,1.8,1.1578947368421053,1.3333333333333333,0.5,0.0,0.5,0.0
6247,1.5714285714285714,0.0,0.0,1.8,1.1578947368421053,1.3333333333333333,0.5,0.0,0.5,0.0,1.0
6248,0.0,0.0,1.8,1.1578947368421053,1.3333333333333333,0.5,0.0,0.5,0.0,1.0,5.0
6249,0.0,1.8,1.1578947368421053,1.3333333333333333,0.5,0.0,0.5,0.0,1.0,5.0,0.0
6250,1.8,1.1578947368421053,1.3333333333333333,0.5,0.0,0.5,0.0,1.0,5.0,0.0,0.6666666666666666
6251,1.1578947368421053,1.3333333333333333,0.5,0.0,0.5,0.0,1.0,5.0,0.0,0.6666666666666666,3.1666666666666665
6252,2.090909090909091,2.0344827586206895,0.8,0.5454545454545454,2.1666666666666665,2.2093023255813953,1.2,0.25,1.7142857142857142,1.6875,1.0
6253,2.0344827586206895,0.8,0.5454545454545454,2.1666666666666665,2.2093023255813953,1.2,0.25,1.7142857142857142,1.6875,1.0,0.75
6254,0.8,0.5454545454545454,2.1666666666666665,2.2093023255813953,1.2,0.25,1.7142857142857142,1.6875,1.0,0.75,2.272727272727273
6255,0.5454545454545454,2.1666666666666665,2.2093023255813953,1.2,0.25,1.7142857142857142,1.6875,1.0,0.75,2.272727272727273,0.2
6256,2.1666666666666665,2.2093023255813953,1.2,0.25,1.7142857142857142,1.6875,1.0,0.75,2.272727272727273,0.2,1.0
6257,2.2093023255813953,1.2,0.25,1.7142857142857142,1.6875,1.0,0.75,2.272727272727273,0.2,1.0,1.9545454545454546
6258,1.2,0.25,1.7142857142857142,1.6875,1.0,0.75,2.272727272727273,0.2,1.0,1.9545454545454546,0.6666666666666666
6259,0.25,1.7142857142857142,1.6875,1.0,0.75,2.272727272727273,0.2,1.0,1.9545454545454546,0.6666666666666666,0.8333333333333334
6260,1.7142857142857142,1.6875,1.0,0.75,2.272727272727273,0.2,1.0,1.9545454545454546,0.6666666666666666,0.8333333333333334,1.3928571428571428
6261,1.6875,1.0,0.75,2.272727272727273,0.2,1.0,1.9545454545454546,0.6666666666666666,0.8333333333333334,1.3928571428571428,1.4390243902439024
6262,1.0,0.75,2.272727272727273,0.2,1.0,1.9545454545454546,0.6666666666666666,0.8333333333333334,1.3928571428571428,1.4390243902439024,1.5918367346938775
6263,0.75,2.272727272727273,0.2,1.0,1.9545454545454546,0.6666666666666666,0.8333333333333334,1.3928571428571428,1.4390243902439024,1.5918367346938775,1.4666666666666666
6264,2.272727272727273,0.2,1.0,1.9545454545454546,0.6666666666666666,0.8333333333333334,1.3928571428571428,1.4390243902439024,1.5918367346938775,1.4666666666666666,1.25
6265,0.2,1.0,1.9545454545454546,0.6666666666666666,0.8333333333333334,1.3928571428571428,1.4390243902439024,1.5918367346938775,1.4666666666666666,1.25,0.0
6266,1.0,1.9545454545454546,0.6666666666666666,0.8333333333333334,1.3928571428571428,1.4390243902439024,1.5918367346938775,1.4666666666666666,1.25,0.0,0.5882352941176471
6267,1.9545454545454546,0.6666666666666666,0.8333333333333334,1.3928571428571428,1.4390243902439024,1.5918367346938775,1.4666666666666666,1.25,0.0,0.5882352941176471,1.7272727272727273
6268,0.6666666666666666,0.8333333333333334,1.3928571428571428,1.4390243902439024,1.5918367346938775,1.4666666666666666,1.25,0.0,0.5882352941176471,1.7272727272727273,1.6
6269,0.8333333333333334,1.3928571428571428,1.4390243902439024,1.5918367346938775,1.4666666666666666,1.25,0.0,0.5882352941176471,1.7272727272727273,1.6,1.5454545454545454
6270,1.3928571428571428,1.4390243902439024,1.5918367346938775,1.4666666666666666,1.25,0.0,0.5882352941176471,1.7272727272727273,1.6,1.5454545454545454,1.6666666666666667
6271,1.4390243902439024,1.5918367346938775,1.4666666666666666,1.25,0.0,0.5882352941176471,1.7272727272727273,1.6,1.5454545454545454,1.6666666666666667,1.5135135135135136
6272,1.5918367346938775,1.4666666666666666,1.25,0.0,0.5882352941176471,1.7272727272727273,1.6,1.5454545454545454,1.6666666666666667,1.5135135135135136,1.2222222222222223
6273,1.4666666666666666,1.25,0.0,0.5882352941176471,1.7272727272727273,1.6,1.5454545454545454,1.6666666666666667,1.5135135135135136,1.2222222222222223,0.8333333333333334
6274,1.25,0.0,0.5882352941176471,1.7272727272727273,1.6,1.5454545454545454,1.6666666666666667,1.5135135135135136,1.2222222222222223,0.8333333333333334,0.0
6275,0.0,0.5882352941176471,1.7272727272727273,1.6,1.5454545454545454,1.6666666666666667,1.5135135135135136,1.2222222222222223,0.8333333333333334,0.0,0.6666666666666666
6276,0.5882352941176471,1.7272727272727273,1.6,1.5454545454545454,1.6666666666666667,1.5135135135135136,1.2222222222222223,0.8333333333333334,0.0,0.6666666666666666,1.125
6277,1.7272727272727273,1.6,1.5454545454545454,1.6666666666666667,1.5135135135135136,1.2222222222222223,0.8333333333333334,0.0,0.6666666666666666,1.125,1.8571428571428572
6278,1.6,1.5454545454545454,1.6666666666666667,1.5135135135135136,1.2222222222222223,0.8333333333333334,0.0,0.6666666666666666,1.125,1.8571428571428572,3.0
6279,1.5454545454545454,1.6666666666666667,1.5135135135135136,1.2222222222222223,0.8333333333333334,0.0,0.6666666666666666,1.125,1.8571428571428572,3.0,1.7222222222222223
6280,1.6666666666666667,1.5135135135135136,1.2222222222222223,0.8333333333333334,0.0,0.6666666666666666,1.125,1.8571428571428572,3.0,1.7222222222222223,1.2692307692307692
6281,1.5135135135135136,1.2222222222222223,0.8333333333333334,0.0,0.6666666666666666,1.125,1.8571428571428572,3.0,1.7222222222222223,1.2692307692307692,1.9545454545454546
6282,1.2222222222222223,0.8333333333333334,0.0,0.6666666666666666,1.125,1.8571428571428572,3.0,1.7222222222222223,1.2692307692307692,1.9545454545454546,1.619047619047619
6283,0.8333333333333334,0.0,0.6666666666666666,1.125,1.8571428571428572,3.0,1.7222222222222223,1.2692307692307692,1.9545454545454546,1.619047619047619,2.1363636363636362
6284,0.0,0.6666666666666666,1.125,1.8571428571428572,3.0,1.7222222222222223,1.2692307692307692,1.9545454545454546,1.619047619047619,2.1363636363636362,1.5
6285,0.6666666666666666,1.125,1.8571428571428572,3.0,1.7222222222222223,1.2692307692307692,1.9545454545454546,1.619047619047619,2.1363636363636362,1.5,2.0
6286,1.125,1.8571428571428572,3.0,1.7222222222222223,1.2692307692307692,1.9545454545454546,1.619047619047619,2.1363636363636362,1.5,2.0,0.7142857142857143
6287,1.8571428571428572,3.0,1.7222222222222223,1.2692307692307692,1.9545454545454546,1.619047619047619,2.1363636363636362,1.5,2.0,0.7142857142857143,1.25
6288,3.0,1.7222222222222223,1.2692307692307692,1.9545454545454546,1.619047619047619,2.1363636363636362,1.5,2.0,0.7142857142857143,1.25,0.42857142857142855
6289,1.7222222222222223,1.2692307692307692,1.9545454545454546,1.619047619047619,2.1363636363636362,1.5,2.0,0.7142857142857143,1.25,0.42857142857142855,1.9545454545454546
6290,1.2692307692307692,1.9545454545454546,1.619047619047619,2.1363636363636362,1.5,2.0,0.7142857142857143,1.25,0.42857142857142855,1.9545454545454546,1.5
6291,1.9545454545454546,1.619047619047619,2.1363636363636362,1.5,2.0,0.7142857142857143,1.25,0.42857142857142855,1.9545454545454546,1.5,0.5
6292,1.619047619047619,2.1363636363636362,1.5,2.0,0.7142857142857143,1.25,0.42857142857142855,1.9545454545454546,1.5,0.5,1.8181818181818181
6293,2.1363636363636362,1.5,2.0,0.7142857142857143,1.25,0.42857142857142855,1.9545454545454546,1.5,0.5,1.8181818181818181,1.375
6294,1.5,2.0,0.7142857142857143,1.25,0.42857142857142855,1.9545454545454546,1.5,0.5,1.8181818181818181,1.375,1.6666666666666667
6295,2.0,0.7142857142857143,1.25,0.42857142857142855,1.9545454545454546,1.5,0.5,1.8181818181818181,1.375,1.6666666666666667,1.9777777777777779
6296,0.7142857142857143,1.25,0.42857142857142855,1.9545454545454546,1.5,0.5,1.8181818181818181,1.375,1.6666666666666667,1.9777777777777779,1.3529411764705883
6297,1.25,0.42857142857142855,1.9545454545454546,1.5,0.5,1.8181818181818181,1.375,1.6666666666666667,1.9777777777777779,1.3529411764705883,1.4
6298,0.42857142857142855,1.9545454545454546,1.5,0.5,1.8181818181818181,1.375,1.6666666666666667,1.9777777777777779,1.3529411764705883,1.4,0.2857142857142857
6299,1.9545454545454546,1.5,0.5,1.8181818181818181,1.375,1.6666666666666667,1.9777777777777779,1.3529411764705883,1.4,0.2857142857142857,2.2857142857142856
6300,1.5,0.5,1.8181818181818181,1.375,1.6666666666666667,1.9777777777777779,1.3529411764705883,1.4,0.2857142857142857,2.2857142857142856,2.3157894736842106
6301,0.5,1.8181818181818181,1.375,1.6666666666666667,1.9777777777777779,1.3529411764705883,1.4,0.2857142857142857,2.2857142857142856,2.3157894736842106,0.0
6302,1.8181818181818181,1.375,1.6666666666666667,1.9777777777777779,1.3529411764705883,1.4,0.2857142857142857,2.2857142857142856,2.3157894736842106,0.0,1.4166666666666667
6303,1.375,1.6666666666666667,1.9777777777777779,1.3529411764705883,1.4,0.2857142857142857,2.2857142857142856,2.3157894736842106,0.0,1.4166666666666667,2.111111111111111
6304,1.6666666666666667,1.9777777777777779,1.3529411764705883,1.4,0.2857142857142857,2.2857142857142856,2.3157894736842106,0.0,1.4166666666666667,2.111111111111111,1.6666666666666667
6305,1.9777777777777779,1.3529411764705883,1.4,0.2857142857142857,2.2857142857142856,2.3157894736842106,0.0,1.4166666666666667,2.111111111111111,1.6666666666666667,0.5
6306,1.3529411764705883,1.4,0.2857142857142857,2.2857142857142856,2.3157894736842106,0.0,1.4166666666666667,2.111111111111111,1.6666666666666667,0.5,2.2093023255813953
6307,1.4,0.2857142857142857,2.2857142857142856,2.3157894736842106,0.0,1.4166666666666667,2.111111111111111,1.6666666666666667,0.5,2.2093023255813953,1.25
6308,0.2857142857142857,2.2857142857142856,2.3157894736842106,0.0,1.4166666666666667,2.111111111111111,1.6666666666666667,0.5,2.2093023255813953,1.25,1.0
6309,2.2857142857142856,2.3157894736842106,0.0,1.4166666666666667,2.111111111111111,1.6666666666666667,0.5,2.2093023255813953,1.25,1.0,1.2727272727272727
6310,2.3157894736842106,0.0,1.4166666666666667,2.111111111111111,1.6666666666666667,0.5,2.2093023255813953,1.25,1.0,1.2727272727272727,0.6666666666666666
6311,0.0,1.4166666666666667,2.111111111111111,1.6666666666666667,0.5,2.2093023255813953,1.25,1.0,1.2727272727272727,0.6666666666666666,0.6666666666666666
6312,1.4166666666666667,2.111111111111111,1.6666666666666667,0.5,2.2093023255813953,1.25,1.0,1.2727272727272727,0.6666666666666666,0.6666666666666666,1.3333333333333333
6313,2.111111111111111,1.6666666666666667,0.5,2.2093023255813953,1.25,1.0,1.2727272727272727,0.6666666666666666,0.6666666666666666,1.3333333333333333,1.8333333333333333
6314,1.6666666666666667,0.5,2.2093023255813953,1.25,1.0,1.2727272727272727,0.6666666666666666,0.6666666666666666,1.3333333333333333,1.8333333333333333,0.42857142857142855
6315,0.5,2.2093023255813953,1.25,1.0,1.2727272727272727,0.6666666666666666,0.6666666666666666,1.3333333333333333,1.8333333333333333,0.42857142857142855,0.0
6316,2.2093023255813953,1.25,1.0,1.2727272727272727,0.6666666666666666,0.6666666666666666,1.3333333333333333,1.8333333333333333,0.42857142857142855,0.0,0.5714285714285714
6317,1.25,1.0,1.2727272727272727,0.6666666666666666,0.6666666666666666,1.3333333333333333,1.8333333333333333,0.42857142857142855,0.0,0.5714285714285714,1.435897435897436
6318,1.0,1.2727272727272727,0.6666666666666666,0.6666666666666666,1.3333333333333333,1.8333333333333333,0.42857142857142855,0.0,0.5714285714285714,1.435897435897436,0.0
6319,1.2727272727272727,0.6666666666666666,0.6666666666666666,1.3333333333333333,1.8333333333333333,0.42857142857142855,0.0,0.5714285714285714,1.435897435897436,0.0,1.4545454545454546
6320,0.6666666666666666,0.6666666666666666,1.3333333333333333,1.8333333333333333,0.42857142857142855,0.0,0.5714285714285714,1.435897435897436,0.0,1.4545454545454546,1.7857142857142858
6321,0.6666666666666666,1.3333333333333333,1.8333333333333333,0.42857142857142855,0.0,0.5714285714285714,1.435897435897436,0.0,1.4545454545454546,1.7857142857142858,0.0
6322,1.3333333333333333,1.8333333333333333,0.42857142857142855,0.0,0.5714285714285714,1.435897435897436,0.0,1.4545454545454546,1.7857142857142858,0.0,0.8333333333333334
6323,1.8333333333333333,0.42857142857142855,0.0,0.5714285714285714,1.435897435897436,0.0,1.4545454545454546,1.7857142857142858,0.0,0.8333333333333334,2.2222222222222223
6324,0.42857142857142855,0.0,0.5714285714285714,1.435897435897436,0.0,1.4545454545454546,1.7857142857142858,0.0,0.8333333333333334,2.2222222222222223,0.0
6325,0.0,0.5714285714285714,1.435897435897436,0.0,1.4545454545454546,1.7857142857142858,0.0,0.8333333333333334,2.2222222222222223,0.0,1.76
6326,0.5714285714285714,1.435897435897436,0.0,1.4545454545454546,1.7857142857142858,0.0,0.8333333333333334,2.2222222222222223,0.0,1.76,2.238095238095238
6327,1.435897435897436,0.0,1.4545454545454546,1.7857142857142858,0.0,0.8333333333333334,2.2222222222222223,0.0,1.76,2.238095238095238,1.6176470588235294
6328,0.0,1.4545454545454546,1.7857142857142858,0.0,0.8333333333333334,2.2222222222222223,0.0,1.76,2.238095238095238,1.6176470588235294,0.0
6329,1.4545454545454546,1.7857142857142858,0.0,0.8333333333333334,2.2222222222222223,0.0,1.76,2.238095238095238,1.6176470588235294,0.0,0.0
6330,1.7857142857142858,0.0,0.8333333333333334,2.2222222222222223,0.0,1.76,2.238095238095238,1.6176470588235294,0.0,0.0,1.2
6331,0.0,0.8333333333333334,2.2222222222222223,0.0,1.76,2.238095238095238,1.6176470588235294,0.0,0.0,1.2,0.7142857142857143
6332,0.8333333333333334,2.2222222222222223,0.0,1.76,2.238095238095238,1.6176470588235294,0.0,0.0,1.2,0.7142857142857143,1.0
6333,2.2222222222222223,0.0,1.76,2.238095238095238,1.6176470588235294,0.0,0.0,1.2,0.7142857142857143,1.0,1.9743589743589745
6334,0.0,1.76,2.238095238095238,1.6176470588235294,0.0,0.0,1.2,0.7142857142857143,1.0,1.9743589743589745,0.9230769230769231
6335,1.76,2.238095238095238,1.6176470588235294,0.0,0.0,1.2,0.7142857142857143,1.0,1.9743589743589745,0.9230769230769231,0.5833333333333334
6336,2.238095238095238,1.6176470588235294,0.0,0.0,1.2,0.7142857142857143,1.0,1.9743589743589745,0.9230769230769231,0.5833333333333334,1.2222222222222223
6337,1.6176470588235294,0.0,0.0,1.2,0.7142857142857143,1.0,1.9743589743589745,0.9230769230769231,0.5833333333333334,1.2222222222222223,1.0909090909090908
6338,0.0,0.0,1.2,0.7142857142857143,1.0,1.9743589743589745,0.9230769230769231,0.5833333333333334,1.2222222222222223,1.0909090909090908,2.3636363636363638
6339,0.0,1.2,0.7142857142857143,1.0,1.9743589743589745,0.9230769230769231,0.5833333333333334,1.2222222222222223,1.0909090909090908,2.3636363636363638,4.0
6340,1.2,0.7142857142857143,1.0,1.9743589743589745,0.9230769230769231,0.5833333333333334,1.2222222222222223,1.0909090909090908,2.3636363636363638,4.0,2.0606060606060606
6341,0.7142857142857143,1.0,1.9743589743589745,0.9230769230769231,0.5833333333333334,1.2222222222222223,1.0909090909090908,2.3636363636363638,4.0,2.0606060606060606,2.2
6342,1.0,1.9743589743589745,0.9230769230769231,0.5833333333333334,1.2222222222222223,1.0909090909090908,2.3636363636363638,4.0,2.0606060606060606,2.2,4.0
6343,1.9743589743589745,0.9230769230769231,0.5833333333333334,1.2222222222222223,1.0909090909090908,2.3636363636363638,4.0,2.0606060606060606,2.2,4.0,0.0
6344,0.9230769230769231,0.5833333333333334,1.2222222222222223,1.0909090909090908,2.3636363636363638,4.0,2.0606060606060606,2.2,4.0,0.0,1.8333333333333333
6345,0.5833333333333334,1.2222222222222223,1.0909090909090908,2.3636363636363638,4.0,2.0606060606060606,2.2,4.0,0.0,1.8333333333333333,1.0
6346,1.2222222222222223,1.0909090909090908,2.3636363636363638,4.0,2.0606060606060606,2.2,4.0,0.0,1.8333333333333333,1.0,1.0
6347,1.0909090909090908,2.3636363636363638,4.0,2.0606060606060606,2.2,4.0,0.0,1.8333333333333333,1.0,1.0,2.3684210526315788
6348,2.3636363636363638,4.0,2.0606060606060606,2.2,4.0,0.0,1.8333333333333333,1.0,1.0,2.3684210526315788,2.1666666666666665
6349,4.0,2.0606060606060606,2.2,4.0,0.0,1.8333333333333333,1.0,1.0,2.3684210526315788,2.1666666666666665,0.0
6350,2.0606060606060606,2.2,4.0,0.0,1.8333333333333333,1.0,1.0,2.3684210526315788,2.1666666666666665,0.0,1.391304347826087
6351,2.2,4.0,0.0,1.8333333333333333,1.0,1.0,2.3684210526315788,2.1666666666666665,0.0,1.391304347826087,0.0
6352,4.0,0.0,1.8333333333333333,1.0,1.0,2.3684210526315788,2.1666666666666665,0.0,1.391304347826087,0.0,1.8461538461538463
6353,0.0,1.8333333333333333,1.0,1.0,2.3684210526315788,2.1666666666666665,0.0,1.391304347826087,0.0,1.8461538461538463,0.0
6354,1.8333333333333333,1.0,1.0,2.3684210526315788,2.1666666666666665,0.0,1.391304347826087,0.0,1.8461538461538463,0.0,0.0
6355,1.0,1.0,2.3684210526315788,2.1666666666666665,0.0,1.391304347826087,0.0,1.8461538461538463,0.0,0.0,2.2222222222222223
6356,1.0,2.3684210526315788,2.1666666666666665,0.0,1.391304347826087,0.0,1.8461538461538463,0.0,0.0,2.2222222222222223,0.9
6357,2.3684210526315788,2.1666666666666665,0.0,1.391304347826087,0.0,1.8461538461538463,0.0,0.0,2.2222222222222223,0.9,1.5714285714285714
6358,2.1666666666666665,0.0,1.391304347826087,0.0,1.8461538461538463,0.0,0.0,2.2222222222222223,0.9,1.5714285714285714,1.5909090909090908
6359,0.0,1.391304347826087,0.0,1.8461538461538463,0.0,0.0,2.2222222222222223,0.9,1.5714285714285714,1.5909090909090908,0.6111111111111112
6360,1.391304347826087,0.0,1.8461538461538463,0.0,0.0,2.2222222222222223,0.9,1.5714285714285714,1.5909090909090908,0.6111111111111112,1.4444444444444444
6361,1.6875,0.3333333333333333,1.5,2.0,1.1379310344827587,1.9230769230769231,0.0,1.8,0.5,0.4117647058823529,0.42857142857142855
6362,1.1818181818181819,1.3125,1.911764705882353,1.0,1.0,2.4210526315789473,1.6,1.75,1.3,0.3,1.5357142857142858
6363,1.3125,1.911764705882353,1.0,1.0,2.4210526315789473,1.6,1.75,1.3,0.3,1.5357142857142858,1.8823529411764706
6364,1.911764705882353,1.0,1.0,2.4210526315789473,1.6,1.75,1.3,0.3,1.5357142857142858,1.8823529411764706,0.9
6365,1.0,1.0,2.4210526315789473,1.6,1.75,1.3,0.3,1.5357142857142858,1.8823529411764706,0.9,1.8611111111111112
6366,1.0,2.4210526315789473,1.6,1.75,1.3,0.3,1.5357142857142858,1.8823529411764706,0.9,1.8611111111111112,0.47368421052631576
6367,2.4210526315789473,1.6,1.75,1.3,0.3,1.5357142857142858,1.8823529411764706,0.9,1.8611111111111112,0.47368421052631576,1.4761904761904763
6368,1.6,1.75,1.3,0.3,1.5357142857142858,1.8823529411764706,0.9,1.8611111111111112,0.47368421052631576,1.4761904761904763,1.625
6369,1.75,1.3,0.3,1.5357142857142858,1.8823529411764706,0.9,1.8611111111111112,0.47368421052631576,1.4761904761904763,1.625,1.1666666666666667
6370,1.3,0.3,1.5357142857142858,1.8823529411764706,0.9,1.8611111111111112,0.47368421052631576,1.4761904761904763,1.625,1.1666666666666667,0.0
6371,0.3,1.5357142857142858,1.8823529411764706,0.9,1.8611111111111112,0.47368421052631576,1.4761904761904763,1.625,1.1666666666666667,0.0,0.9
6372,1.5357142857142858,1.8823529411764706,0.9,1.8611111111111112,0.47368421052631576,1.4761904761904763,1.625,1.1666666666666667,0.0,0.9,1.34375
6373,1.8823529411764706,0.9,1.8611111111111112,0.47368421052631576,1.4761904761904763,1.625,1.1666666666666667,0.0,0.9,1.34375,0.5
6374,0.9,1.8611111111111112,0.47368421052631576,1.4761904761904763,1.625,1.1666666666666667,0.0,0.9,1.34375,0.5,1.3076923076923077
6375,1.8611111111111112,0.47368421052631576,1.4761904761904763,1.625,1.1666666666666667,0.0,0.9,1.34375,0.5,1.3076923076923077,1.6176470588235294
6376,0.47368421052631576,1.4761904761904763,1.625,1.1666666666666667,0.0,0.9,1.34375,0.5,1.3076923076923077,1.6176470588235294,1.4
6377,1.4761904761904763,1.625,1.1666666666666667,0.0,0.9,1.34375,0.5,1.3076923076923077,1.6176470588235294,1.4,1.0
6378,1.625,1.1666666666666667,0.0,0.9,1.34375,0.5,1.3076923076923077,1.6176470588235294,1.4,1.0,0.7857142857142857
6379,1.1666666666666667,0.0,0.9,1.34375,0.5,1.3076923076923077,1.6176470588235294,1.4,1.0,0.7857142857142857,0.6666666666666666
6380,0.0,0.9,1.34375,0.5,1.3076923076923077,1.6176470588235294,1.4,1.0,0.7857142857142857,0.6666666666666666,0.5
6381,0.9,1.34375,0.5,1.3076923076923077,1.6176470588235294,1.4,1.0,0.7857142857142857,0.6666666666666666,0.5,1.2916666666666667
6382,1.34375,0.5,1.3076923076923077,1.6176470588235294,1.4,1.0,0.7857142857142857,0.6666666666666666,0.5,1.2916666666666667,1.3846153846153846
6383,0.5,1.3076923076923077,1.6176470588235294,1.4,1.0,0.7857142857142857,0.6666666666666666,0.5,1.2916666666666667,1.3846153846153846,1.5
6384,1.3076923076923077,1.6176470588235294,1.4,1.0,0.7857142857142857,0.6666666666666666,0.5,1.2916666666666667,1.3846153846153846,1.5,0.0
6385,1.6176470588235294,1.4,1.0,0.7857142857142857,0.6666666666666666,0.5,1.2916666666666667,1.3846153846153846,1.5,0.0,0.7692307692307693
6386,1.4,1.0,0.7857142857142857,0.6666666666666666,0.5,1.2916666666666667,1.3846153846153846,1.5,0.0,0.7692307692307693,2.0
6387,1.0,0.7857142857142857,0.6666666666666666,0.5,1.2916666666666667,1.3846153846153846,1.5,0.0,0.7692307692307693,2.0,0.5
6388,0.7857142857142857,0.6666666666666666,0.5,1.2916666666666667,1.3846153846153846,1.5,0.0,0.7692307692307693,2.0,0.5,2.0625
6389,0.6666666666666666,0.5,1.2916666666666667,1.3846153846153846,1.5,0.0,0.7692307692307693,2.0,0.5,2.0625,0.6
6390,0.5,1.2916666666666667,1.3846153846153846,1.5,0.0,0.7692307692307693,2.0,0.5,2.0625,0.6,1.5
6391,1.2916666666666667,1.3846153846153846,1.5,0.0,0.7692307692307693,2.0,0.5,2.0625,0.6,1.5,1.6666666666666667
6392,1.3846153846153846,1.5,0.0,0.7692307692307693,2.0,0.5,2.0625,0.6,1.5,1.6666666666666667,0.6666666666666666
6393,1.5,0.0,0.7692307692307693,2.0,0.5,2.0625,0.6,1.5,1.6666666666666667,0.6666666666666666,0.6666666666666666
6394,0.0,0.7692307692307693,2.0,0.5,2.0625,0.6,1.5,1.6666666666666667,0.6666666666666666,0.6666666666666666,0.8333333333333334
6395,0.7692307692307693,2.0,0.5,2.0625,0.6,1.5,1.6666666666666667,0.6666666666666666,0.6666666666666666,0.8333333333333334,1.4
6396,2.0,0.5,2.0625,0.6,1.5,1.6666666666666667,0.6666666666666666,0.6666666666666666,0.8333333333333334,1.4,1.6785714285714286
6397,1.375,1.25,0.85,1.0,0.14285714285714285,0.5,1.4444444444444444,0.0,1.7272727272727273,1.3333333333333333,1.8421052631578947
6398,1.25,0.85,1.0,0.14285714285714285,0.5,1.4444444444444444,0.0,1.7272727272727273,1.3333333333333333,1.8421052631578947,1.90625
6399,0.85,1.0,0.14285714285714285,0.5,1.4444444444444444,0.0,1.7272727272727273,1.3333333333333333,1.8421052631578947,1.90625,1.4444444444444444
6400,1.0,0.14285714285714285,0.5,1.4444444444444444,0.0,1.7272727272727273,1.3333333333333333,1.8421052631578947,1.90625,1.4444444444444444,1.3333333333333333
6401,0.14285714285714285,0.5,1.4444444444444444,0.0,1.7272727272727273,1.3333333333333333,1.8421052631578947,1.90625,1.4444444444444444,1.3333333333333333,1.2222222222222223
6402,0.5,1.4444444444444444,0.0,1.7272727272727273,1.3333333333333333,1.8421052631578947,1.90625,1.4444444444444444,1.3333333333333333,1.2222222222222223,0.4444444444444444
6403,1.4444444444444444,0.0,1.7272727272727273,1.3333333333333333,1.8421052631578947,1.90625,1.4444444444444444,1.3333333333333333,1.2222222222222223,0.4444444444444444,0.8181818181818182
6404,0.0,1.7272727272727273,1.3333333333333333,1.8421052631578947,1.90625,1.4444444444444444,1.3333333333333333,1.2222222222222223,0.4444444444444444,0.8181818181818182,1.0714285714285714
6405,1.7272727272727273,1.3333333333333333,1.8421052631578947,1.90625,1.4444444444444444,1.3333333333333333,1.2222222222222223,0.4444444444444444,0.8181818181818182,1.0714285714285714,1.7
6406,1.3333333333333333,1.8421052631578947,1.90625,1.4444444444444444,1.3333333333333333,1.2222222222222223,0.4444444444444444,0.8181818181818182,1.0714285714285714,1.7,0.7333333333333333
6407,1.8421052631578947,1.90625,1.4444444444444444,1.3333333333333333,1.2222222222222223,0.4444444444444444,0.8181818181818182,1.0714285714285714,1.7,0.7333333333333333,1.0909090909090908
6408,1.90625,1.4444444444444444,1.3333333333333333,1.2222222222222223,0.4444444444444444,0.8181818181818182,1.0714285714285714,1.7,0.7333333333333333,1.0909090909090908,0.8571428571428571
6409,1.4444444444444444,1.3333333333333333,1.2222222222222223,0.4444444444444444,0.8181818181818182,1.0714285714285714,1.7,0.7333333333333333,1.0909090909090908,0.8571428571428571,1.3
6410,1.3333333333333333,1.2222222222222223,0.4444444444444444,0.8181818181818182,1.0714285714285714,1.7,0.7333333333333333,1.0909090909090908,0.8571428571428571,1.3,1.5294117647058822
6411,1.2222222222222223,0.4444444444444444,0.8181818181818182,1.0714285714285714,1.7,0.7333333333333333,1.0909090909090908,0.8571428571428571,1.3,1.5294117647058822,0.3333333333333333
6412,0.4444444444444444,0.8181818181818182,1.0714285714285714,1.7,0.7333333333333333,1.0909090909090908,0.8571428571428571,1.3,1.5294117647058822,0.3333333333333333,1.125
6413,0.8181818181818182,1.0714285714285714,1.7,0.7333333333333333,1.0909090909090908,0.8571428571428571,1.3,1.5294117647058822,0.3333333333333333,1.125,1.1666666666666667
6414,1.0714285714285714,1.7,0.7333333333333333,1.0909090909090908,0.8571428571428571,1.3,1.5294117647058822,0.3333333333333333,1.125,1.1666666666666667,0.5454545454545454
6415,1.7,0.7333333333333333,1.0909090909090908,0.8571428571428571,1.3,1.5294117647058822,0.3333333333333333,1.125,1.1666666666666667,0.5454545454545454,1.7142857142857142
6416,0.7333333333333333,1.0909090909090908,0.8571428571428571,1.3,1.5294117647058822,0.3333333333333333,1.125,1.1666666666666667,0.5454545454545454,1.7142857142857142,1.25
6417,1.0909090909090908,0.8571428571428571,1.3,1.5294117647058822,0.3333333333333333,1.125,1.1666666666666667,0.5454545454545454,1.7142857142857142,1.25,1.3043478260869565
6418,0.8571428571428571,1.3,1.5294117647058822,0.3333333333333333,1.125,1.1666666666666667,0.5454545454545454,1.7142857142857142,1.25,1.3043478260869565,3.076923076923077
6419,1.3,1.5294117647058822,0.3333333333333333,1.125,1.1666666666666667,0.5454545454545454,1.7142857142857142,1.25,1.3043478260869565,3.076923076923077,0.5
6420,1.5294117647058822,0.3333333333333333,1.125,1.1666666666666667,0.5454545454545454,1.7142857142857142,1.25,1.3043478260869565,3.076923076923077,0.5,1.0
6421,0.3333333333333333,1.125,1.1666666666666667,0.5454545454545454,1.7142857142857142,1.25,1.3043478260869565,3.076923076923077,0.5,1.0,0.5
6422,1.125,1.1666666666666667,0.5454545454545454,1.7142857142857142,1.25,1.3043478260869565,3.076923076923077,0.5,1.0,0.5,0.6666666666666666
6423,1.0,0.95,0.8,1.375,0.7142857142857143,1.2727272727272727,1.1777777777777778,0.7142857142857143,1.25,1.8333333333333333,0.4
6424,0.95,0.8,1.375,0.7142857142857143,1.2727272727272727,1.1777777777777778,0.7142857142857143,1.25,1.8333333333333333,0.4,1.75
6425,0.8,1.375,0.7142857142857143,1.2727272727272727,1.1777777777777778,0.7142857142857143,1.25,1.8333333333333333,0.4,1.75,1.0
6426,1.375,0.7142857142857143,1.2727272727272727,1.1777777777777778,0.7142857142857143,1.25,1.8333333333333333,0.4,1.75,1.0,0.5909090909090909
6427,0.7142857142857143,1.2727272727272727,1.1777777777777778,0.7142857142857143,1.25,1.8333333333333333,0.4,1.75,1.0,0.5909090909090909,0.0
6428,0.0,0.5,0.5,0.0,0.42857142857142855,1.0,1.0,0.75,0.9,0.5,0.0
6429,0.5,0.5,0.0,0.42857142857142855,1.0,1.0,0.75,0.9,0.5,0.0,3.0
6430,1.125,1.6428571428571428,1.5714285714285714,0.6666666666666666,1.1875,1.6666666666666667,1.6923076923076923,1.4705882352941178,1.875,2.227272727272727,0.5
6431,1.6428571428571428,1.5714285714285714,0.6666666666666666,1.1875,1.6666666666666667,1.6923076923076923,1.4705882352941178,1.875,2.227272727272727,0.5,1.0769230769230769
6432,1.5714285714285714,0.6666666666666666,1.1875,1.6666666666666667,1.6923076923076923,1.4705882352941178,1.875,2.227272727272727,0.5,1.0769230769230769,0.3333333333333333
6433,0.6666666666666666,1.1875,1.6666666666666667,1.6923076923076923,1.4705882352941178,1.875,2.227272727272727,0.5,1.0769230769230769,0.3333333333333333,0.6
6434,1.1875,1.6666666666666667,1.6923076923076923,1.4705882352941178,1.875,2.227272727272727,0.5,1.0769230769230769,0.3333333333333333,0.6,0.8
6435,1.6666666666666667,1.6923076923076923,1.4705882352941178,1.875,2.227272727272727,0.5,1.0769230769230769,0.3333333333333333,0.6,0.8,3.0
6436,1.6923076923076923,1.4705882352941178,1.875,2.227272727272727,0.5,1.0769230769230769,0.3333333333333333,0.6,0.8,3.0,1.875
6437,1.4705882352941178,1.875,2.227272727272727,0.5,1.0769230769230769,0.3333333333333333,0.6,0.8,3.0,1.875,2.7142857142857144
6438,1.875,2.227272727272727,0.5,1.0769230769230769,0.3333333333333333,0.6,0.8,3.0,1.875,2.7142857142857144,0.6666666666666666
6439,2.227272727272727,0.5,1.0769230769230769,0.3333333333333333,0.6,0.8,3.0,1.875,2.7142857142857144,0.6666666666666666,1.0
6440,0.5,1.0769230769230769,0.3333333333333333,0.6,0.8,3.0,1.875,2.7142857142857144,0.6666666666666666,1.0,2.111111111111111
6441,1.0769230769230769,0.3333333333333333,0.6,0.8,3.0,1.875,2.7142857142857144,0.6666666666666666,1.0,2.111111111111111,2.3703703703703702
6442,0.3333333333333333,0.6,0.8,3.0,1.875,2.7142857142857144,0.6666666666666666,1.0,2.111111111111111,2.3703703703703702,0.6666666666666666
6443,0.6,0.8,3.0,1.875,2.7142857142857144,0.6666666666666666,1.0,2.111111111111111,2.3703703703703702,0.6666666666666666,0.5
6444,0.8,3.0,1.875,2.7142857142857144,0.6666666666666666,1.0,2.111111111111111,2.3703703703703702,0.6666666666666666,0.5,0.8333333333333334
6445,3.0,1.875,2.7142857142857144,0.6666666666666666,1.0,2.111111111111111,2.3703703703703702,0.6666666666666666,0.5,0.8333333333333334,1.6666666666666667
6446,1.875,2.7142857142857144,0.6666666666666666,1.0,2.111111111111111,2.3703703703703702,0.6666666666666666,0.5,0.8333333333333334,1.6666666666666667,1.9583333333333333
6447,2.7142857142857144,0.6666666666666666,1.0,2.111111111111111,2.3703703703703702,0.6666666666666666,0.5,0.8333333333333334,1.6666666666666667,1.9583333333333333,0.6923076923076923
6448,0.6666666666666666,1.0,2.111111111111111,2.3703703703703702,0.6666666666666666,0.5,0.8333333333333334,1.6666666666666667,1.9583333333333333,0.6923076923076923,2.1578947368421053
6449,1.0,2.111111111111111,2.3703703703703702,0.6666666666666666,0.5,0.8333333333333334,1.6666666666666667,1.9583333333333333,0.6923076923076923,2.1578947368421053,0.6666666666666666
6450,2.111111111111111,2.3703703703703702,0.6666666666666666,0.5,0.8333333333333334,1.6666666666666667,1.9583333333333333,0.6923076923076923,2.1578947368421053,0.6666666666666666,1.5714285714285714
6451,2.3703703703703702,0.6666666666666666,0.5,0.8333333333333334,1.6666666666666667,1.9583333333333333,0.6923076923076923,2.1578947368421053,0.6666666666666666,1.5714285714285714,1.6666666666666667
6452,0.5555555555555556,0.2,0.25,1.2857142857142858,0.0,0.16666666666666666,1.7,1.1794871794871795,0.3333333333333333,0.375,1.0833333333333333
6453,0.2,0.25,1.2857142857142858,0.0,0.16666666666666666,1.7,1.1794871794871795,0.3333333333333333,0.375,1.0833333333333333,1.0
6454,0.25,1.2857142857142858,0.0,0.16666666666666666,1.7,1.1794871794871795,0.3333333333333333,0.375,1.0833333333333333,1.0,1.0
6455,1.2857142857142858,0.0,0.16666666666666666,1.7,1.1794871794871795,0.3333333333333333,0.375,1.0833333333333333,1.0,1.0,0.5333333333333333
6456,1.1818181818181819,0.3333333333333333,1.0810810810810811,2.25,0.0,2.0,1.5490196078431373,1.625,1.3333333333333333,0.0,2.0
6457,0.3333333333333333,1.0810810810810811,2.25,0.0,2.0,1.5490196078431373,1.625,1.3333333333333333,0.0,2.0,2.6363636363636362
6458,1.0810810810810811,2.25,0.0,2.0,1.5490196078431373,1.625,1.3333333333333333,0.0,2.0,2.6363636363636362,0.4
6459,2.25,0.0,2.0,1.5490196078431373,1.625,1.3333333333333333,0.0,2.0,2.6363636363636362,0.4,1.5714285714285714
6460,0.0,2.0,1.5490196078431373,1.625,1.3333333333333333,0.0,2.0,2.6363636363636362,0.4,1.5714285714285714,1.6428571428571428
6461,2.0,1.5490196078431373,1.625,1.3333333333333333,0.0,2.0,2.6363636363636362,0.4,1.5714285714285714,1.6428571428571428,1.372093023255814
6462,1.5490196078431373,1.625,1.3333333333333333,0.0,2.0,2.6363636363636362,0.4,1.5714285714285714,1.6428571428571428,1.372093023255814,1.8333333333333333
6463,1.625,1.3333333333333333,0.0,2.0,2.6363636363636362,0.4,1.5714285714285714,1.6428571428571428,1.372093023255814,1.8333333333333333,0.96
6464,1.3333333333333333,0.0,2.0,2.6363636363636362,0.4,1.5714285714285714,1.6428571428571428,1.372093023255814,1.8333333333333333,0.96,0.9090909090909091
6465,0.0,2.0,2.6363636363636362,0.4,1.5714285714285714,1.6428571428571428,1.372093023255814,1.8333333333333333,0.96,0.9090909090909091,0.7619047619047619
6466,2.0,2.6363636363636362,0.4,1.5714285714285714,1.6428571428571428,1.372093023255814,1.8333333333333333,0.96,0.9090909090909091,0.7619047619047619,1.4137931034482758
6467,2.6363636363636362,0.4,1.5714285714285714,1.6428571428571428,1.372093023255814,1.8333333333333333,0.96,0.9090909090909091,0.7619047619047619,1.4137931034482758,1.8636363636363635
6468,0.4,1.5714285714285714,1.6428571428571428,1.372093023255814,1.8333333333333333,0.96,0.9090909090909091,0.7619047619047619,1.4137931034482758,1.8636363636363635,1.0
6469,1.5714285714285714,1.6428571428571428,1.372093023255814,1.8333333333333333,0.96,0.9090909090909091,0.7619047619047619,1.4137931034482758,1.8636363636363635,1.0,1.7727272727272727
6470,1.6428571428571428,1.372093023255814,1.8333333333333333,0.96,0.9090909090909091,0.7619047619047619,1.4137931034482758,1.8636363636363635,1.0,1.7727272727272727,1.3125
6471,1.372093023255814,1.8333333333333333,0.96,0.9090909090909091,0.7619047619047619,1.4137931034482758,1.8636363636363635,1.0,1.7727272727272727,1.3125,1.5909090909090908
6472,1.8333333333333333,0.96,0.9090909090909091,0.7619047619047619,1.4137931034482758,1.8636363636363635,1.0,1.7727272727272727,1.3125,1.5909090909090908,0.7142857142857143
6473,0.96,0.9090909090909091,0.7619047619047619,1.4137931034482758,1.8636363636363635,1.0,1.7727272727272727,1.3125,1.5909090909090908,0.7142857142857143,1.6885245901639345
6474,0.9090909090909091,0.7619047619047619,1.4137931034482758,1.8636363636363635,1.0,1.7727272727272727,1.3125,1.5909090909090908,0.7142857142857143,1.6885245901639345,0.0
6475,0.7619047619047619,1.4137931034482758,1.8636363636363635,1.0,1.7727272727272727,1.3125,1.5909090909090908,0.7142857142857143,1.6885245901639345,0.0,1.064516129032258
6476,1.4137931034482758,1.8636363636363635,1.0,1.7727272727272727,1.3125,1.5909090909090908,0.7142857142857143,1.6885245901639345,0.0,1.064516129032258,1.1111111111111112
6477,1.8636363636363635,1.0,1.7727272727272727,1.3125,1.5909090909090908,0.7142857142857143,1.6885245901639345,0.0,1.064516129032258,1.1111111111111112,0.88
6478,1.0,1.7727272727272727,1.3125,1.5909090909090908,0.7142857142857143,1.6885245901639345,0.0,1.064516129032258,1.1111111111111112,0.88,1.6428571428571428
6479,1.7727272727272727,1.3125,1.5909090909090908,0.7142857142857143,1.6885245901639345,0.0,1.064516129032258,1.1111111111111112,0.88,1.6428571428571428,1.625
6480,1.3125,1.5909090909090908,0.7142857142857143,1.6885245901639345,0.0,1.064516129032258,1.1111111111111112,0.88,1.6428571428571428,1.625,1.25
6481,1.5909090909090908,0.7142857142857143,1.6885245901639345,0.0,1.064516129032258,1.1111111111111112,0.88,1.6428571428571428,1.625,1.25,1.6101694915254237
6482,0.7142857142857143,1.6885245901639345,0.0,1.064516129032258,1.1111111111111112,0.88,1.6428571428571428,1.625,1.25,1.6101694915254237,0.0
6483,1.6885245901639345,0.0,1.064516129032258,1.1111111111111112,0.88,1.6428571428571428,1.625,1.25,1.6101694915254237,0.0,1.588235294117647
6484,0.0,1.064516129032258,1.1111111111111112,0.88,1.6428571428571428,1.625,1.25,1.6101694915254237,0.0,1.588235294117647,2.0
6485,1.064516129032258,1.1111111111111112,0.88,1.6428571428571428,1.625,1.25,1.6101694915254237,0.0,1.588235294117647,2.0,1.3076923076923077
6486,1.1111111111111112,0.88,1.6428571428571428,1.625,1.25,1.6101694915254237,0.0,1.588235294117647,2.0,1.3076923076923077,0.6666666666666666
6487,0.88,1.6428571428571428,1.625,1.25,1.6101694915254237,0.0,1.588235294117647,2.0,1.3076923076923077,0.6666666666666666,1.6111111111111112
6488,1.6428571428571428,1.625,1.25,1.6101694915254237,0.0,1.588235294117647,2.0,1.3076923076923077,0.6666666666666666,1.6111111111111112,1.3333333333333333
6489,1.625,1.25,1.6101694915254237,0.0,1.588235294117647,2.0,1.3076923076923077,0.6666666666666666,1.6111111111111112,1.3333333333333333,1.2941176470588236
6490,1.25,1.6101694915254237,0.0,1.588235294117647,2.0,1.3076923076923077,0.6666666666666666,1.6111111111111112,1.3333333333333333,1.2941176470588236,0.75
6491,1.6101694915254237,0.0,1.588235294117647,2.0,1.3076923076923077,0.6666666666666666,1.6111111111111112,1.3333333333333333,1.2941176470588236,0.75,1.3076923076923077
6492,0.0,1.588235294117647,2.0,1.3076923076923077,0.6666666666666666,1.6111111111111112,1.3333333333333333,1.2941176470588236,0.75,1.3076923076923077,1.5833333333333333
6493,1.588235294117647,2.0,1.3076923076923077,0.6666666666666666,1.6111111111111112,1.3333333333333333,1.2941176470588236,0.75,1.3076923076923077,1.5833333333333333,1.7735849056603774
6494,2.0,1.3076923076923077,0.6666666666666666,1.6111111111111112,1.3333333333333333,1.2941176470588236,0.75,1.3076923076923077,1.5833333333333333,1.7735849056603774,1.6046511627906976
6495,1.3076923076923077,0.6666666666666666,1.6111111111111112,1.3333333333333333,1.2941176470588236,0.75,1.3076923076923077,1.5833333333333333,1.7735849056603774,1.6046511627906976,0.625
6496,0.6666666666666666,1.6111111111111112,1.3333333333333333,1.2941176470588236,0.75,1.3076923076923077,1.5833333333333333,1.7735849056603774,1.6046511627906976,0.625,0.8571428571428571
6497,1.6111111111111112,1.3333333333333333,1.2941176470588236,0.75,1.3076923076923077,1.5833333333333333,1.7735849056603774,1.6046511627906976,0.625,0.8571428571428571,1.088235294117647
6498,1.3333333333333333,1.2941176470588236,0.75,1.3076923076923077,1.5833333333333333,1.7735849056603774,1.6046511627906976,0.625,0.8571428571428571,1.088235294117647,2.3
6499,1.2941176470588236,0.75,1.3076923076923077,1.5833333333333333,1.7735849056603774,1.6046511627906976,0.625,0.8571428571428571,1.088235294117647,2.3,2.0697674418604652
6500,0.75,1.3076923076923077,1.5833333333333333,1.7735849056603774,1.6046511627906976,0.625,0.8571428571428571,1.088235294117647,2.3,2.0697674418604652,2.4444444444444446
6501,1.3076923076923077,1.5833333333333333,1.7735849056603774,1.6046511627906976,0.625,0.8571428571428571,1.088235294117647,2.3,2.0697674418604652,2.4444444444444446,0.2857142857142857
6502,1.5833333333333333,1.7735849056603774,1.6046511627906976,0.625,0.8571428571428571,1.088235294117647,2.3,2.0697674418604652,2.4444444444444446,0.2857142857142857,1.2857142857142858
6503,1.7735849056603774,1.6046511627906976,0.625,0.8571428571428571,1.088235294117647,2.3,2.0697674418604652,2.4444444444444446,0.2857142857142857,1.2857142857142858,2.0
6504,1.6046511627906976,0.625,0.8571428571428571,1.088235294117647,2.3,2.0697674418604652,2.4444444444444446,0.2857142857142857,1.2857142857142858,2.0,1.8461538461538463
6505,0.625,0.8571428571428571,1.088235294117647,2.3,2.0697674418604652,2.4444444444444446,0.2857142857142857,1.2857142857142858,2.0,1.8461538461538463,2.081081081081081
6506,0.8571428571428571,1.088235294117647,2.3,2.0697674418604652,2.4444444444444446,0.2857142857142857,1.2857142857142858,2.0,1.8461538461538463,2.081081081081081,1.7846153846153847
6507,1.088235294117647,2.3,2.0697674418604652,2.4444444444444446,0.2857142857142857,1.2857142857142858,2.0,1.8461538461538463,2.081081081081081,1.7846153846153847,1.5909090909090908
6508,2.3,2.0697674418604652,2.4444444444444446,0.2857142857142857,1.2857142857142858,2.0,1.8461538461538463,2.081081081081081,1.7846153846153847,1.5909090909090908,1.0
6509,2.0697674418604652,2.4444444444444446,0.2857142857142857,1.2857142857142858,2.0,1.8461538461538463,2.081081081081081,1.7846153846153847,1.5909090909090908,1.0,0.3333333333333333
6510,2.4444444444444446,0.2857142857142857,1.2857142857142858,2.0,1.8461538461538463,2.081081081081081,1.7846153846153847,1.5909090909090908,1.0,0.3333333333333333,1.0
6511,0.2857142857142857,1.2857142857142858,2.0,1.8461538461538463,2.081081081081081,1.7846153846153847,1.5909090909090908,1.0,0.3333333333333333,1.0,0.9
6512,1.2857142857142858,2.0,1.8461538461538463,2.081081081081081,1.7846153846153847,1.5909090909090908,1.0,0.3333333333333333,1.0,0.9,1.4583333333333333
6513,2.0,1.8461538461538463,2.081081081081081,1.7846153846153847,1.5909090909090908,1.0,0.3333333333333333,1.0,0.9,1.4583333333333333,1.4
6514,1.8461538461538463,2.081081081081081,1.7846153846153847,1.5909090909090908,1.0,0.3333333333333333,1.0,0.9,1.4583333333333333,1.4,0.4
6515,2.081081081081081,1.7846153846153847,1.5909090909090908,1.0,0.3333333333333333,1.0,0.9,1.4583333333333333,1.4,0.4,2.4545454545454546
6516,1.7846153846153847,1.5909090909090908,1.0,0.3333333333333333,1.0,0.9,1.4583333333333333,1.4,0.4,2.4545454545454546,0.0
6517,1.5909090909090908,1.0,0.3333333333333333,1.0,0.9,1.4583333333333333,1.4,0.4,2.4545454545454546,0.0,1.9682539682539681
6518,1.0,0.3333333333333333,1.0,0.9,1.4583333333333333,1.4,0.4,2.4545454545454546,0.0,1.9682539682539681,1.4705882352941178
6519,0.3333333333333333,1.0,0.9,1.4583333333333333,1.4,0.4,2.4545454545454546,0.0,1.9682539682539681,1.4705882352941178,1.4893617021276595
6520,1.0,0.9,1.4583333333333333,1.4,0.4,2.4545454545454546,0.0,1.9682539682539681,1.4705882352941178,1.4893617021276595,1.4893617021276595
6521,0.9,1.4583333333333333,1.4,0.4,2.4545454545454546,0.0,1.9682539682539681,1.4705882352941178,1.4893617021276595,1.4893617021276595,0.0
6522,1.4583333333333333,1.4,0.4,2.4545454545454546,0.0,1.9682539682539681,1.4705882352941178,1.4893617021276595,1.4893617021276595,0.0,1.2727272727272727
6523,1.4,0.4,2.4545454545454546,0.0,1.9682539682539681,1.4705882352941178,1.4893617021276595,1.4893617021276595,0.0,1.2727272727272727,2.576923076923077
6524,0.4,2.4545454545454546,0.0,1.9682539682539681,1.4705882352941178,1.4893617021276595,1.4893617021276595,0.0,1.2727272727272727,2.576923076923077,1.2307692307692308
6525,2.4545454545454546,0.0,1.9682539682539681,1.4705882352941178,1.4893617021276595,1.4893617021276595,0.0,1.2727272727272727,2.576923076923077,1.2307692307692308,0.75
6526,0.0,1.9682539682539681,1.4705882352941178,1.4893617021276595,1.4893617021276595,0.0,1.2727272727272727,2.576923076923077,1.2307692307692308,0.75,2.0
6527,1.9682539682539681,1.4705882352941178,1.4893617021276595,1.4893617021276595,0.0,1.2727272727272727,2.576923076923077,1.2307692307692308,0.75,2.0,1.9230769230769231
6528,1.4705882352941178,1.4893617021276595,1.4893617021276595,0.0,1.2727272727272727,2.576923076923077,1.2307692307692308,0.75,2.0,1.9230769230769231,1.0833333333333333
6529,1.4893617021276595,1.4893617021276595,0.0,1.2727272727272727,2.576923076923077,1.2307692307692308,0.75,2.0,1.9230769230769231,1.0833333333333333,0.9473684210526315
6530,1.4893617021276595,0.0,1.2727272727272727,2.576923076923077,1.2307692307692308,0.75,2.0,1.9230769230769231,1.0833333333333333,0.9473684210526315,1.0
6531,0.0,1.2727272727272727,2.576923076923077,1.2307692307692308,0.75,2.0,1.9230769230769231,1.0833333333333333,0.9473684210526315,1.0,1.2727272727272727
6532,1.2727272727272727,2.576923076923077,1.2307692307692308,0.75,2.0,1.9230769230769231,1.0833333333333333,0.9473684210526315,1.0,1.2727272727272727,0.8888888888888888
6533,2.576923076923077,1.2307692307692308,0.75,2.0,1.9230769230769231,1.0833333333333333,0.9473684210526315,1.0,1.2727272727272727,0.8888888888888888,1.2884615384615385
6534,1.2307692307692308,0.75,2.0,1.9230769230769231,1.0833333333333333,0.9473684210526315,1.0,1.2727272727272727,0.8888888888888888,1.2884615384615385,1.875
6535,0.75,2.0,1.9230769230769231,1.0833333333333333,0.9473684210526315,1.0,1.2727272727272727,0.8888888888888888,1.2884615384615385,1.875,0.6363636363636364
6536,2.0,1.9230769230769231,1.0833333333333333,0.9473684210526315,1.0,1.2727272727272727,0.8888888888888888,1.2884615384615385,1.875,0.6363636363636364,1.7115384615384615
6537,1.9230769230769231,1.0833333333333333,0.9473684210526315,1.0,1.2727272727272727,0.8888888888888888,1.2884615384615385,1.875,0.6363636363636364,1.7115384615384615,1.7666666666666666
6538,1.0833333333333333,0.9473684210526315,1.0,1.2727272727272727,0.8888888888888888,1.2884615384615385,1.875,0.6363636363636364,1.7115384615384615,1.7666666666666666,1.1142857142857143
6539,0.9473684210526315,1.0,1.2727272727272727,0.8888888888888888,1.2884615384615385,1.875,0.6363636363636364,1.7115384615384615,1.7666666666666666,1.1142857142857143,1.7272727272727273
6540,1.0,1.2727272727272727,0.8888888888888888,1.2884615384615385,1.875,0.6363636363636364,1.7115384615384615,1.7666666666666666,1.1142857142857143,1.7272727272727273,1.28125
6541,1.2727272727272727,0.8888888888888888,1.2884615384615385,1.875,0.6363636363636364,1.7115384615384615,1.7666666666666666,1.1142857142857143,1.7272727272727273,1.28125,0.5714285714285714
6542,0.0,1.5,3.0,0.0,0.5,0.8,1.0,0.5,0.25,0.8571428571428571,0.2
6543,1.0833333333333333,1.0285714285714285,1.1290322580645162,0.45454545454545453,1.1111111111111112,1.2941176470588236,1.1153846153846154,2.142857142857143,1.205128205128205,1.7777777777777777,0.7692307692307693
6544,1.0285714285714285,1.1290322580645162,0.45454545454545453,1.1111111111111112,1.2941176470588236,1.1153846153846154,2.142857142857143,1.205128205128205,1.7777777777777777,0.7692307692307693,0.8333333333333334
6545,1.1290322580645162,0.45454545454545453,1.1111111111111112,1.2941176470588236,1.1153846153846154,2.142857142857143,1.205128205128205,1.7777777777777777,0.7692307692307693,0.8333333333333334,0.6923076923076923
6546,0.45454545454545453,1.1111111111111112,1.2941176470588236,1.1153846153846154,2.142857142857143,1.205128205128205,1.7777777777777777,0.7692307692307693,0.8333333333333334,0.6923076923076923,1.0
6547,1.1111111111111112,1.2941176470588236,1.1153846153846154,2.142857142857143,1.205128205128205,1.7777777777777777,0.7692307692307693,0.8333333333333334,0.6923076923076923,1.0,1.5555555555555556
6548,1.2941176470588236,1.1153846153846154,2.142857142857143,1.205128205128205,1.7777777777777777,0.7692307692307693,0.8333333333333334,0.6923076923076923,1.0,1.5555555555555556,1.4848484848484849
6549,1.1153846153846154,2.142857142857143,1.205128205128205,1.7777777777777777,0.7692307692307693,0.8333333333333334,0.6923076923076923,1.0,1.5555555555555556,1.4848484848484849,1.4545454545454546
6550,2.142857142857143,1.205128205128205,1.7777777777777777,0.7692307692307693,0.8333333333333334,0.6923076923076923,1.0,1.5555555555555556,1.4848484848484849,1.4545454545454546,1.0454545454545454
6551,1.205128205128205,1.7777777777777777,0.7692307692307693,0.8333333333333334,0.6923076923076923,1.0,1.5555555555555556,1.4848484848484849,1.4545454545454546,1.0454545454545454,0.8
6552,1.7777777777777777,0.7692307692307693,0.8333333333333334,0.6923076923076923,1.0,1.5555555555555556,1.4848484848484849,1.4545454545454546,1.0454545454545454,0.8,1.2941176470588236
6553,0.7692307692307693,0.8333333333333334,0.6923076923076923,1.0,1.5555555555555556,1.4848484848484849,1.4545454545454546,1.0454545454545454,0.8,1.2941176470588236,1.05
6554,0.8333333333333334,0.6923076923076923,1.0,1.5555555555555556,1.4848484848484849,1.4545454545454546,1.0454545454545454,0.8,1.2941176470588236,1.05,1.3333333333333333
6555,0.6923076923076923,1.0,1.5555555555555556,1.4848484848484849,1.4545454545454546,1.0454545454545454,0.8,1.2941176470588236,1.05,1.3333333333333333,0.6
6556,1.0,1.5555555555555556,1.4848484848484849,1.4545454545454546,1.0454545454545454,0.8,1.2941176470588236,1.05,1.3333333333333333,0.6,0.6666666666666666
6557,1.5555555555555556,1.4848484848484849,1.4545454545454546,1.0454545454545454,0.8,1.2941176470588236,1.05,1.3333333333333333,0.6,0.6666666666666666,1.04
6558,1.4848484848484849,1.4545454545454546,1.0454545454545454,0.8,1.2941176470588236,1.05,1.3333333333333333,0.6,0.6666666666666666,1.04,1.1666666666666667
6559,1.4545454545454546,1.0454545454545454,0.8,1.2941176470588236,1.05,1.3333333333333333,0.6,0.6666666666666666,1.04,1.1666666666666667,0.3125
6560,1.0454545454545454,0.8,1.2941176470588236,1.05,1.3333333333333333,0.6,0.6666666666666666,1.04,1.1666666666666667,0.3125,0.25
6561,0.8,1.2941176470588236,1.05,1.3333333333333333,0.6,0.6666666666666666,1.04,1.1666666666666667,0.3125,0.25,1.3255813953488371
6562,1.2941176470588236,1.05,1.3333333333333333,0.6,0.6666666666666666,1.04,1.1666666666666667,0.3125,0.25,1.3255813953488371,1.25
6563,1.05,1.3333333333333333,0.6,0.6666666666666666,1.04,1.1666666666666667,0.3125,0.25,1.3255813953488371,1.25,0.6666666666666666
6564,1.3333333333333333,0.6,0.6666666666666666,1.04,1.1666666666666667,0.3125,0.25,1.3255813953488371,1.25,0.6666666666666666,1.4857142857142858
6565,0.6,0.6666666666666666,1.04,1.1666666666666667,0.3125,0.25,1.3255813953488371,1.25,0.6666666666666666,1.4857142857142858,1.1176470588235294
6566,0.6666666666666666,1.04,1.1666666666666667,0.3125,0.25,1.3255813953488371,1.25,0.6666666666666666,1.4857142857142858,1.1176470588235294,0.8181818181818182
6567,1.04,1.1666666666666667,0.3125,0.25,1.3255813953488371,1.25,0.6666666666666666,1.4857142857142858,1.1176470588235294,0.8181818181818182,0.78125
6568,1.1666666666666667,0.3125,0.25,1.3255813953488371,1.25,0.6666666666666666,1.4857142857142858,1.1176470588235294,0.8181818181818182,0.78125,1.4146341463414633
6569,0.3125,0.25,1.3255813953488371,1.25,0.6666666666666666,1.4857142857142858,1.1176470588235294,0.8181818181818182,0.78125,1.4146341463414633,1.4761904761904763
6570,0.25,1.3255813953488371,1.25,0.6666666666666666,1.4857142857142858,1.1176470588235294,0.8181818181818182,0.78125,1.4146341463414633,1.4761904761904763,1.368421052631579
6571,1.3255813953488371,1.25,0.6666666666666666,1.4857142857142858,1.1176470588235294,0.8181818181818182,0.78125,1.4146341463414633,1.4761904761904763,1.368421052631579,1.1428571428571428
6572,1.25,0.6666666666666666,1.4857142857142858,1.1176470588235294,0.8181818181818182,0.78125,1.4146341463414633,1.4761904761904763,1.368421052631579,1.1428571428571428,1.1666666666666667
6573,0.6666666666666666,1.4857142857142858,1.1176470588235294,0.8181818181818182,0.78125,1.4146341463414633,1.4761904761904763,1.368421052631579,1.1428571428571428,1.1666666666666667,0.75
6574,1.4857142857142858,1.1176470588235294,0.8181818181818182,0.78125,1.4146341463414633,1.4761904761904763,1.368421052631579,1.1428571428571428,1.1666666666666667,0.75,0.5714285714285714
6575,1.1176470588235294,0.8181818181818182,0.78125,1.4146341463414633,1.4761904761904763,1.368421052631579,1.1428571428571428,1.1666666666666667,0.75,0.5714285714285714,1.375
6576,0.8181818181818182,0.78125,1.4146341463414633,1.4761904761904763,1.368421052631579,1.1428571428571428,1.1666666666666667,0.75,0.5714285714285714,1.375,1.0
6577,0.78125,1.4146341463414633,1.4761904761904763,1.368421052631579,1.1428571428571428,1.1666666666666667,0.75,0.5714285714285714,1.375,1.0,0.875
6578,1.4146341463414633,1.4761904761904763,1.368421052631579,1.1428571428571428,1.1666666666666667,0.75,0.5714285714285714,1.375,1.0,0.875,1.125
6579,1.4761904761904763,1.368421052631579,1.1428571428571428,1.1666666666666667,0.75,0.5714285714285714,1.375,1.0,0.875,1.125,1.45
6580,1.368421052631579,1.1428571428571428,1.1666666666666667,0.75,0.5714285714285714,1.375,1.0,0.875,1.125,1.45,1.3829787234042554
6581,1.1428571428571428,1.1666666666666667,0.75,0.5714285714285714,1.375,1.0,0.875,1.125,1.45,1.3829787234042554,1.2258064516129032
6582,1.1666666666666667,0.75,0.5714285714285714,1.375,1.0,0.875,1.125,1.45,1.3829787234042554,1.2258064516129032,1.0294117647058822
6583,0.75,0.5714285714285714,1.375,1.0,0.875,1.125,1.45,1.3829787234042554,1.2258064516129032,1.0294117647058822,0.9
6584,0.5714285714285714,1.375,1.0,0.875,1.125,1.45,1.3829787234042554,1.2258064516129032,1.0294117647058822,0.9,1.2941176470588236
6585,1.375,1.0,0.875,1.125,1.45,1.3829787234042554,1.2258064516129032,1.0294117647058822,0.9,1.2941176470588236,1.1935483870967742
6586,1.0,0.875,1.125,1.45,1.3829787234042554,1.2258064516129032,1.0294117647058822,0.9,1.2941176470588236,1.1935483870967742,1.0833333333333333
6587,0.875,1.125,1.45,1.3829787234042554,1.2258064516129032,1.0294117647058822,0.9,1.2941176470588236,1.1935483870967742,1.0833333333333333,1.037037037037037
6588,1.125,1.45,1.3829787234042554,1.2258064516129032,1.0294117647058822,0.9,1.2941176470588236,1.1935483870967742,1.0833333333333333,1.037037037037037,1.75
6589,1.45,1.3829787234042554,1.2258064516129032,1.0294117647058822,0.9,1.2941176470588236,1.1935483870967742,1.0833333333333333,1.037037037037037,1.75,0.9285714285714286
6590,1.3829787234042554,1.2258064516129032,1.0294117647058822,0.9,1.2941176470588236,1.1935483870967742,1.0833333333333333,1.037037037037037,1.75,0.9285714285714286,1.1794871794871795
6591,1.2258064516129032,1.0294117647058822,0.9,1.2941176470588236,1.1935483870967742,1.0833333333333333,1.037037037037037,1.75,0.9285714285714286,1.1794871794871795,0.4444444444444444
6592,1.0294117647058822,0.9,1.2941176470588236,1.1935483870967742,1.0833333333333333,1.037037037037037,1.75,0.9285714285714286,1.1794871794871795,0.4444444444444444,1.0
6593,0.9,1.2941176470588236,1.1935483870967742,1.0833333333333333,1.037037037037037,1.75,0.9285714285714286,1.1794871794871795,0.4444444444444444,1.0,0.9696969696969697
6594,1.2941176470588236,1.1935483870967742,1.0833333333333333,1.037037037037037,1.75,0.9285714285714286,1.1794871794871795,0.4444444444444444,1.0,0.9696969696969697,1.0526315789473684
6595,1.1935483870967742,1.0833333333333333,1.037037037037037,1.75,0.9285714285714286,1.1794871794871795,0.4444444444444444,1.0,0.9696969696969697,1.0526315789473684,0.85
6596,1.0833333333333333,1.037037037037037,1.75,0.9285714285714286,1.1794871794871795,0.4444444444444444,1.0,0.9696969696969697,1.0526315789473684,0.85,0.6666666666666666
6597,1.037037037037037,1.75,0.9285714285714286,1.1794871794871795,0.4444444444444444,1.0,0.9696969696969697,1.0526315789473684,0.85,0.6666666666666666,2.0
6598,1.75,0.9285714285714286,1.1794871794871795,0.4444444444444444,1.0,0.9696969696969697,1.0526315789473684,0.85,0.6666666666666666,2.0,1.2045454545454546
6599,0.9285714285714286,1.1794871794871795,0.4444444444444444,1.0,0.9696969696969697,1.0526315789473684,0.85,0.6666666666666666,2.0,1.2045454545454546,0.7857142857142857
6600,1.1794871794871795,0.4444444444444444,1.0,0.9696969696969697,1.0526315789473684,0.85,0.6666666666666666,2.0,1.2045454545454546,0.7857142857142857,0.8
6601,0.4444444444444444,1.0,0.9696969696969697,1.0526315789473684,0.85,0.6666666666666666,2.0,1.2045454545454546,0.7857142857142857,0.8,1.0416666666666667
6602,1.0,0.9696969696969697,1.0526315789473684,0.85,0.6666666666666666,2.0,1.2045454545454546,0.7857142857142857,0.8,1.0416666666666667,1.2
6603,0.9696969696969697,1.0526315789473684,0.85,0.6666666666666666,2.0,1.2045454545454546,0.7857142857142857,0.8,1.0416666666666667,1.2,1.162162162162162
6604,1.0526315789473684,0.85,0.6666666666666666,2.0,1.2045454545454546,0.7857142857142857,0.8,1.0416666666666667,1.2,1.162162162162162,1.34375
6605,0.85,0.6666666666666666,2.0,1.2045454545454546,0.7857142857142857,0.8,1.0416666666666667,1.2,1.162162162162162,1.34375,0.0
6606,0.6666666666666666,2.0,1.2045454545454546,0.7857142857142857,0.8,1.0416666666666667,1.2,1.162162162162162,1.34375,0.0,0.6875
6607,2.0,1.2045454545454546,0.7857142857142857,0.8,1.0416666666666667,1.2,1.162162162162162,1.34375,0.0,0.6875,1.1428571428571428
6608,1.2045454545454546,0.7857142857142857,0.8,1.0416666666666667,1.2,1.162162162162162,1.34375,0.0,0.6875,1.1428571428571428,1.3125
6609,0.7857142857142857,0.8,1.0416666666666667,1.2,1.162162162162162,1.34375,0.0,0.6875,1.1428571428571428,1.3125,1.1891891891891893
6610,0.8,1.0416666666666667,1.2,1.162162162162162,1.34375,0.0,0.6875,1.1428571428571428,1.3125,1.1891891891891893,0.0
6611,1.0416666666666667,1.2,1.162162162162162,1.34375,0.0,0.6875,1.1428571428571428,1.3125,1.1891891891891893,0.0,1.2727272727272727
6612,1.2,1.162162162162162,1.34375,0.0,0.6875,1.1428571428571428,1.3125,1.1891891891891893,0.0,1.2727272727272727,1.2666666666666666
6613,1.162162162162162,1.34375,0.0,0.6875,1.1428571428571428,1.3125,1.1891891891891893,0.0,1.2727272727272727,1.2666666666666666,0.0
6614,1.34375,0.0,0.6875,1.1428571428571428,1.3125,1.1891891891891893,0.0,1.2727272727272727,1.2666666666666666,0.0,1.1282051282051282
6615,0.25,2.111111111111111,1.5208333333333333,1.28125,1.58,0.8,1.2745098039215685,1.32,1.4615384615384615,1.5238095238095237,1.4285714285714286
6616,2.111111111111111,1.5208333333333333,1.28125,1.58,0.8,1.2745098039215685,1.32,1.4615384615384615,1.5238095238095237,1.4285714285714286,1.75
6617,1.5208333333333333,1.28125,1.58,0.8,1.2745098039215685,1.32,1.4615384615384615,1.5238095238095237,1.4285714285714286,1.75,1.3076923076923077
6618,1.28125,1.58,0.8,1.2745098039215685,1.32,1.4615384615384615,1.5238095238095237,1.4285714285714286,1.75,1.3076923076923077,1.5172413793103448
6619,1.58,0.8,1.2745098039215685,1.32,1.4615384615384615,1.5238095238095237,1.4285714285714286,1.75,1.3076923076923077,1.5172413793103448,0.8571428571428571
6620,0.8,1.2745098039215685,1.32,1.4615384615384615,1.5238095238095237,1.4285714285714286,1.75,1.3076923076923077,1.5172413793103448,0.8571428571428571,1.736842105263158
6621,1.2745098039215685,1.32,1.4615384615384615,1.5238095238095237,1.4285714285714286,1.75,1.3076923076923077,1.5172413793103448,0.8571428571428571,1.736842105263158,1.1666666666666667
6622,1.32,1.4615384615384615,1.5238095238095237,1.4285714285714286,1.75,1.3076923076923077,1.5172413793103448,0.8571428571428571,1.736842105263158,1.1666666666666667,0.0
6623,1.4615384615384615,1.5238095238095237,1.4285714285714286,1.75,1.3076923076923077,1.5172413793103448,0.8571428571428571,1.736842105263158,1.1666666666666667,0.0,1.1428571428571428
6624,1.5238095238095237,1.4285714285714286,1.75,1.3076923076923077,1.5172413793103448,0.8571428571428571,1.736842105263158,1.1666666666666667,0.0,1.1428571428571428,0.5
6625,1.4285714285714286,1.75,1.3076923076923077,1.5172413793103448,0.8571428571428571,1.736842105263158,1.1666666666666667,0.0,1.1428571428571428,0.5,1.6206896551724137
6626,1.75,1.3076923076923077,1.5172413793103448,0.8571428571428571,1.736842105263158,1.1666666666666667,0.0,1.1428571428571428,0.5,1.6206896551724137,1.875
6627,1.3076923076923077,1.5172413793103448,0.8571428571428571,1.736842105263158,1.1666666666666667,0.0,1.1428571428571428,0.5,1.6206896551724137,1.875,1.3333333333333333
6628,1.5172413793103448,0.8571428571428571,1.736842105263158,1.1666666666666667,0.0,1.1428571428571428,0.5,1.6206896551724137,1.875,1.3333333333333333,1.3636363636363635
6629,0.8571428571428571,1.736842105263158,1.1666666666666667,0.0,1.1428571428571428,0.5,1.6206896551724137,1.875,1.3333333333333333,1.3636363636363635,1.625
6630,1.736842105263158,1.1666666666666667,0.0,1.1428571428571428,0.5,1.6206896551724137,1.875,1.3333333333333333,1.3636363636363635,1.625,1.4444444444444444
6631,1.1666666666666667,0.0,1.1428571428571428,0.5,1.6206896551724137,1.875,1.3333333333333333,1.3636363636363635,1.625,1.4444444444444444,1.4
6632,0.0,1.1428571428571428,0.5,1.6206896551724137,1.875,1.3333333333333333,1.3636363636363635,1.625,1.4444444444444444,1.4,1.3777777777777778
6633,1.1428571428571428,0.5,1.6206896551724137,1.875,1.3333333333333333,1.3636363636363635,1.625,1.4444444444444444,1.4,1.3777777777777778,0.0
6634,0.5,1.6206896551724137,1.875,1.3333333333333333,1.3636363636363635,1.625,1.4444444444444444,1.4,1.3777777777777778,0.0,1.469387755102041
6635,1.6206896551724137,1.875,1.3333333333333333,1.3636363636363635,1.625,1.4444444444444444,1.4,1.3777777777777778,0.0,1.469387755102041,0.625
6636,1.875,1.3333333333333333,1.3636363636363635,1.625,1.4444444444444444,1.4,1.3777777777777778,0.0,1.469387755102041,0.625,0.3125
6637,1.3333333333333333,1.3636363636363635,1.625,1.4444444444444444,1.4,1.3777777777777778,0.0,1.469387755102041,0.625,0.3125,0.7692307692307693
6638,1.3636363636363635,1.625,1.4444444444444444,1.4,1.3777777777777778,0.0,1.469387755102041,0.625,0.3125,0.7692307692307693,1.0
6639,1.625,1.4444444444444444,1.4,1.3777777777777778,0.0,1.469387755102041,0.625,0.3125,0.7692307692307693,1.0,1.6833333333333333
6640,1.4444444444444444,1.4,1.3777777777777778,0.0,1.469387755102041,0.625,0.3125,0.7692307692307693,1.0,1.6833333333333333,1.1842105263157894
6641,1.4,1.3777777777777778,0.0,1.469387755102041,0.625,0.3125,0.7692307692307693,1.0,1.6833333333333333,1.1842105263157894,0.25
6642,1.3777777777777778,0.0,1.469387755102041,0.625,0.3125,0.7692307692307693,1.0,1.6833333333333333,1.1842105263157894,0.25,1.2307692307692308
6643,0.0,1.469387755102041,0.625,0.3125,0.7692307692307693,1.0,1.6833333333333333,1.1842105263157894,0.25,1.2307692307692308,0.0
6644,1.469387755102041,0.625,0.3125,0.7692307692307693,1.0,1.6833333333333333,1.1842105263157894,0.25,1.2307692307692308,0.0,1.1111111111111112
6645,0.625,0.3125,0.7692307692307693,1.0,1.6833333333333333,1.1842105263157894,0.25,1.2307692307692308,0.0,1.1111111111111112,1.2173913043478262
6646,0.3125,0.7692307692307693,1.0,1.6833333333333333,1.1842105263157894,0.25,1.2307692307692308,0.0,1.1111111111111112,1.2173913043478262,1.1666666666666667
6647,0.7692307692307693,1.0,1.6833333333333333,1.1842105263157894,0.25,1.2307692307692308,0.0,1.1111111111111112,1.2173913043478262,1.1666666666666667,0.3333333333333333
6648,1.0,1.6833333333333333,1.1842105263157894,0.25,1.2307692307692308,0.0,1.1111111111111112,1.2173913043478262,1.1666666666666667,0.3333333333333333,1.84
6649,1.6833333333333333,1.1842105263157894,0.25,1.2307692307692308,0.0,1.1111111111111112,1.2173913043478262,1.1666666666666667,0.3333333333333333,1.84,1.0625
6650,1.1842105263157894,0.25,1.2307692307692308,0.0,1.1111111111111112,1.2173913043478262,1.1666666666666667,0.3333333333333333,1.84,1.0625,1.1935483870967742
6651,0.25,1.2307692307692308,0.0,1.1111111111111112,1.2173913043478262,1.1666666666666667,0.3333333333333333,1.84,1.0625,1.1935483870967742,1.0816326530612246
6652,1.2307692307692308,0.0,1.1111111111111112,1.2173913043478262,1.1666666666666667,0.3333333333333333,1.84,1.0625,1.1935483870967742,1.0816326530612246,1.7045454545454546
6653,0.0,1.1111111111111112,1.2173913043478262,1.1666666666666667,0.3333333333333333,1.84,1.0625,1.1935483870967742,1.0816326530612246,1.7045454545454546,1.1851851851851851
6654,1.1111111111111112,1.2173913043478262,1.1666666666666667,0.3333333333333333,1.84,1.0625,1.1935483870967742,1.0816326530612246,1.7045454545454546,1.1851851851851851,0.0
6655,1.2173913043478262,1.1666666666666667,0.3333333333333333,1.84,1.0625,1.1935483870967742,1.0816326530612246,1.7045454545454546,1.1851851851851851,0.0,0.5
6656,1.3076923076923077,1.4545454545454546,2.235294117647059,2.0,0.9,1.1304347826086956,1.0,0.0,0.5,0.6666666666666666,0.25
6657,1.4545454545454546,2.235294117647059,2.0,0.9,1.1304347826086956,1.0,0.0,0.5,0.6666666666666666,0.25,0.8333333333333334
6658,2.235294117647059,2.0,0.9,1.1304347826086956,1.0,0.0,0.5,0.6666666666666666,0.25,0.8333333333333334,0.3333333333333333
6659,2.0,0.9,1.1304347826086956,1.0,0.0,0.5,0.6666666666666666,0.25,0.8333333333333334,0.3333333333333333,1.6363636363636365
6660,0.9,1.1304347826086956,1.0,0.0,0.5,0.6666666666666666,0.25,0.8333333333333334,0.3333333333333333,1.6363636363636365,0.3333333333333333
6661,1.1304347826086956,1.0,0.0,0.5,0.6666666666666666,0.25,0.8333333333333334,0.3333333333333333,1.6363636363636365,0.3333333333333333,2.16
6662,1.0,0.0,0.5,0.6666666666666666,0.25,0.8333333333333334,0.3333333333333333,1.6363636363636365,0.3333333333333333,2.16,1.5
6663,0.0,0.5,0.6666666666666666,0.25,0.8333333333333334,0.3333333333333333,1.6363636363636365,0.3333333333333333,2.16,1.5,1.0
6664,0.5,0.6666666666666666,0.25,0.8333333333333334,0.3333333333333333,1.6363636363636365,0.3333333333333333,2.16,1.5,1.0,1.875
6665,0.6666666666666666,0.25,0.8333333333333334,0.3333333333333333,1.6363636363636365,0.3333333333333333,2.16,1.5,1.0,1.875,0.6666666666666666
6666,0.25,0.8333333333333334,0.3333333333333333,1.6363636363636365,0.3333333333333333,2.16,1.5,1.0,1.875,0.6666666666666666,1.9047619047619047
6667,0.8333333333333334,0.3333333333333333,1.6363636363636365,0.3333333333333333,2.16,1.5,1.0,1.875,0.6666666666666666,1.9047619047619047,1.3333333333333333
6668,0.3333333333333333,1.6363636363636365,0.3333333333333333,2.16,1.5,1.0,1.875,0.6666666666666666,1.9047619047619047,1.3333333333333333,1.4444444444444444
6669,1.6363636363636365,0.3333333333333333,2.16,1.5,1.0,1.875,0.6666666666666666,1.9047619047619047,1.3333333333333333,1.4444444444444444,1.5
6670,0.3333333333333333,2.16,1.5,1.0,1.875,0.6666666666666666,1.9047619047619047,1.3333333333333333,1.4444444444444444,1.5,0.6666666666666666
6671,2.16,1.5,1.0,1.875,0.6666666666666666,1.9047619047619047,1.3333333333333333,1.4444444444444444,1.5,0.6666666666666666,4.0
6672,1.5,1.0,1.875,0.6666666666666666,1.9047619047619047,1.3333333333333333,1.4444444444444444,1.5,0.6666666666666666,4.0,1.7777777777777777
6673,1.0,1.875,0.6666666666666666,1.9047619047619047,1.3333333333333333,1.4444444444444444,1.5,0.6666666666666666,4.0,1.7777777777777777,1.3
6674,1.875,0.6666666666666666,1.9047619047619047,1.3333333333333333,1.4444444444444444,1.5,0.6666666666666666,4.0,1.7777777777777777,1.3,2.0
6675,0.6666666666666666,1.9047619047619047,1.3333333333333333,1.4444444444444444,1.5,0.6666666666666666,4.0,1.7777777777777777,1.3,2.0,1.8
6676,1.9047619047619047,1.3333333333333333,1.4444444444444444,1.5,0.6666666666666666,4.0,1.7777777777777777,1.3,2.0,1.8,0.6666666666666666
6677,1.3333333333333333,1.4444444444444444,1.5,0.6666666666666666,4.0,1.7777777777777777,1.3,2.0,1.8,0.6666666666666666,3.0
6678,1.4444444444444444,1.5,0.6666666666666666,4.0,1.7777777777777777,1.3,2.0,1.8,0.6666666666666666,3.0,1.7272727272727273
6679,1.5,0.6666666666666666,4.0,1.7777777777777777,1.3,2.0,1.8,0.6666666666666666,3.0,1.7272727272727273,1.5714285714285714
6680,0.6666666666666666,4.0,1.7777777777777777,1.3,2.0,1.8,0.6666666666666666,3.0,1.7272727272727273,1.5714285714285714,1.411764705882353
6681,4.0,1.7777777777777777,1.3,2.0,1.8,0.6666666666666666,3.0,1.7272727272727273,1.5714285714285714,1.411764705882353,0.8636363636363636
6682,1.7777777777777777,1.3,2.0,1.8,0.6666666666666666,3.0,1.7272727272727273,1.5714285714285714,1.411764705882353,0.8636363636363636,2.0
6683,1.3,2.0,1.8,0.6666666666666666,3.0,1.7272727272727273,1.5714285714285714,1.411764705882353,0.8636363636363636,2.0,2.0
6684,2.0,1.8,0.6666666666666666,3.0,1.7272727272727273,1.5714285714285714,1.411764705882353,0.8636363636363636,2.0,2.0,0.6923076923076923
6685,1.8,0.6666666666666666,3.0,1.7272727272727273,1.5714285714285714,1.411764705882353,0.8636363636363636,2.0,2.0,0.6923076923076923,1.25
6686,0.6666666666666666,3.0,1.7272727272727273,1.5714285714285714,1.411764705882353,0.8636363636363636,2.0,2.0,0.6923076923076923,1.25,1.1666666666666667
6687,3.0,1.7272727272727273,1.5714285714285714,1.411764705882353,0.8636363636363636,2.0,2.0,0.6923076923076923,1.25,1.1666666666666667,2.0714285714285716
6688,1.7272727272727273,1.5714285714285714,1.411764705882353,0.8636363636363636,2.0,2.0,0.6923076923076923,1.25,1.1666666666666667,2.0714285714285716,2.125
6689,1.5714285714285714,1.411764705882353,0.8636363636363636,2.0,2.0,0.6923076923076923,1.25,1.1666666666666667,2.0714285714285716,2.125,0.8571428571428571
6690,1.411764705882353,0.8636363636363636,2.0,2.0,0.6923076923076923,1.25,1.1666666666666667,2.0714285714285716,2.125,0.8571428571428571,1.7142857142857142
6691,0.8636363636363636,2.0,2.0,0.6923076923076923,1.25,1.1666666666666667,2.0714285714285716,2.125,0.8571428571428571,1.7142857142857142,0.3333333333333333
6692,2.0,2.0,0.6923076923076923,1.25,1.1666666666666667,2.0714285714285716,2.125,0.8571428571428571,1.7142857142857142,0.3333333333333333,1.0909090909090908
6693,2.0,0.6923076923076923,1.25,1.1666666666666667,2.0714285714285716,2.125,0.8571428571428571,1.7142857142857142,0.3333333333333333,1.0909090909090908,1.1
6694,0.6923076923076923,1.25,1.1666666666666667,2.0714285714285716,2.125,0.8571428571428571,1.7142857142857142,0.3333333333333333,1.0909090909090908,1.1,0.8
6695,1.25,1.1666666666666667,2.0714285714285716,2.125,0.8571428571428571,1.7142857142857142,0.3333333333333333,1.0909090909090908,1.1,0.8,1.0
6696,1.1666666666666667,2.0714285714285716,2.125,0.8571428571428571,1.7142857142857142,0.3333333333333333,1.0909090909090908,1.1,0.8,1.0,1.2857142857142858
6697,2.0714285714285716,2.125,0.8571428571428571,1.7142857142857142,0.3333333333333333,1.0909090909090908,1.1,0.8,1.0,1.2857142857142858,4.2
6698,2.125,0.8571428571428571,1.7142857142857142,0.3333333333333333,1.0909090909090908,1.1,0.8,1.0,1.2857142857142858,4.2,1.75
6699,0.8571428571428571,1.7142857142857142,0.3333333333333333,1.0909090909090908,1.1,0.8,1.0,1.2857142857142858,4.2,1.75,1.2727272727272727
6700,1.7142857142857142,0.3333333333333333,1.0909090909090908,1.1,0.8,1.0,1.2857142857142858,4.2,1.75,1.2727272727272727,1.0
6701,0.3333333333333333,1.0909090909090908,1.1,0.8,1.0,1.2857142857142858,4.2,1.75,1.2727272727272727,1.0,1.75
6702,1.0909090909090908,1.1,0.8,1.0,1.2857142857142858,4.2,1.75,1.2727272727272727,1.0,1.75,2.1176470588235294
6703,1.1,0.8,1.0,1.2857142857142858,4.2,1.75,1.2727272727272727,1.0,1.75,2.1176470588235294,0.6666666666666666
6704,0.8,1.0,1.2857142857142858,4.2,1.75,1.2727272727272727,1.0,1.75,2.1176470588235294,0.6666666666666666,0.7
6705,1.0,1.2857142857142858,4.2,1.75,1.2727272727272727,1.0,1.75,2.1176470588235294,0.6666666666666666,0.7,1.0
6706,1.2857142857142858,4.2,1.75,1.2727272727272727,1.0,1.75,2.1176470588235294,0.6666666666666666,0.7,1.0,1.2
6707,4.2,1.75,1.2727272727272727,1.0,1.75,2.1176470588235294,0.6666666666666666,0.7,1.0,1.2,1.0
6708,1.75,1.2727272727272727,1.0,1.75,2.1176470588235294,0.6666666666666666,0.7,1.0,1.2,1.0,1.0
6709,1.2727272727272727,1.0,1.75,2.1176470588235294,0.6666666666666666,0.7,1.0,1.2,1.0,1.0,0.9
6710,1.0,1.75,2.1176470588235294,0.6666666666666666,0.7,1.0,1.2,1.0,1.0,0.9,1.0
6711,1.75,2.1176470588235294,0.6666666666666666,0.7,1.0,1.2,1.0,1.0,0.9,1.0,0.0
6712,2.1176470588235294,0.6666666666666666,0.7,1.0,1.2,1.0,1.0,0.9,1.0,0.0,1.3636363636363635
6713,0.6666666666666666,0.7,1.0,1.2,1.0,1.0,0.9,1.0,0.0,1.3636363636363635,1.103448275862069
6714,0.7,1.0,1.2,1.0,1.0,0.9,1.0,0.0,1.3636363636363635,1.103448275862069,0.5
6715,1.0,1.2,1.0,1.0,0.9,1.0,0.0,1.3636363636363635,1.103448275862069,0.5,1.125
6716,1.2,1.0,1.0,0.9,1.0,0.0,1.3636363636363635,1.103448275862069,0.5,1.125,0.0
6717,1.0,1.0,0.9,1.0,0.0,1.3636363636363635,1.103448275862069,0.5,1.125,0.0,0.0
6718,1.0,0.9,1.0,0.0,1.3636363636363635,1.103448275862069,0.5,1.125,0.0,0.0,3.2
6719,0.9,1.0,0.0,1.3636363636363635,1.103448275862069,0.5,1.125,0.0,0.0,3.2,0.0
6720,1.0,0.0,1.3636363636363635,1.103448275862069,0.5,1.125,0.0,0.0,3.2,0.0,1.5172413793103448
6721,0.0,1.3636363636363635,1.103448275862069,0.5,1.125,0.0,0.0,3.2,0.0,1.5172413793103448,0.5833333333333334
6722,1.3636363636363635,1.103448275862069,0.5,1.125,0.0,0.0,3.2,0.0,1.5172413793103448,0.5833333333333334,0.8
6723,1.103448275862069,0.5,1.125,0.0,0.0,3.2,0.0,1.5172413793103448,0.5833333333333334,0.8,1.7777777777777777
6724,0.5,1.125,0.0,0.0,3.2,0.0,1.5172413793103448,0.5833333333333334,0.8,1.7777777777777777,0.8
6725,1.125,0.0,0.0,3.2,0.0,1.5172413793103448,0.5833333333333334,0.8,1.7777777777777777,0.8,1.4615384615384615
6726,0.0,0.0,3.2,0.0,1.5172413793103448,0.5833333333333334,0.8,1.7777777777777777,0.8,1.4615384615384615,1.0833333333333333
6727,0.0,3.2,0.0,1.5172413793103448,0.5833333333333334,0.8,1.7777777777777777,0.8,1.4615384615384615,1.0833333333333333,2.0
6728,3.2,0.0,1.5172413793103448,0.5833333333333334,0.8,1.7777777777777777,0.8,1.4615384615384615,1.0833333333333333,2.0,1.0
6729,0.0,1.5172413793103448,0.5833333333333334,0.8,1.7777777777777777,0.8,1.4615384615384615,1.0833333333333333,2.0,1.0,1.7692307692307692
6730,1.5172413793103448,0.5833333333333334,0.8,1.7777777777777777,0.8,1.4615384615384615,1.0833333333333333,2.0,1.0,1.7692307692307692,1.2727272727272727
6731,0.5833333333333334,0.8,1.7777777777777777,0.8,1.4615384615384615,1.0833333333333333,2.0,1.0,1.7692307692307692,1.2727272727272727,1.0
6732,0.8,1.7777777777777777,0.8,1.4615384615384615,1.0833333333333333,2.0,1.0,1.7692307692307692,1.2727272727272727,1.0,0.0
6733,1.7777777777777777,0.8,1.4615384615384615,1.0833333333333333,2.0,1.0,1.7692307692307692,1.2727272727272727,1.0,0.0,1.7142857142857142
6734,0.8,1.4615384615384615,1.0833333333333333,2.0,1.0,1.7692307692307692,1.2727272727272727,1.0,0.0,1.7142857142857142,0.5
6735,1.4615384615384615,1.0833333333333333,2.0,1.0,1.7692307692307692,1.2727272727272727,1.0,0.0,1.7142857142857142,0.5,1.0
6736,1.0833333333333333,2.0,1.0,1.7692307692307692,1.2727272727272727,1.0,0.0,1.7142857142857142,0.5,1.0,0.9090909090909091
6737,2.0,1.0,1.7692307692307692,1.2727272727272727,1.0,0.0,1.7142857142857142,0.5,1.0,0.9090909090909091,1.0
6738,1.0,1.7692307692307692,1.2727272727272727,1.0,0.0,1.7142857142857142,0.5,1.0,0.9090909090909091,1.0,2.235294117647059
6739,1.7692307692307692,1.2727272727272727,1.0,0.0,1.7142857142857142,0.5,1.0,0.9090909090909091,1.0,2.235294117647059,1.4285714285714286
6740,1.2727272727272727,1.0,0.0,1.7142857142857142,0.5,1.0,0.9090909090909091,1.0,2.235294117647059,1.4285714285714286,0.25
6741,1.0,0.0,1.7142857142857142,0.5,1.0,0.9090909090909091,1.0,2.235294117647059,1.4285714285714286,0.25,1.75
6742,0.0,1.7142857142857142,0.5,1.0,0.9090909090909091,1.0,2.235294117647059,1.4285714285714286,0.25,1.75,0.85
6743,1.7142857142857142,0.5,1.0,0.9090909090909091,1.0,2.235294117647059,1.4285714285714286,0.25,1.75,0.85,1.9
6744,0.5,1.0,0.9090909090909091,1.0,2.235294117647059,1.4285714285714286,0.25,1.75,0.85,1.9,2.6666666666666665
6745,1.0,0.9090909090909091,1.0,2.235294117647059,1.4285714285714286,0.25,1.75,0.85,1.9,2.6666666666666665,0.5
6746,2.6666666666666665,0.5,3.5454545454545454,2.6666666666666665,1.1428571428571428,0.5714285714285714,1.4444444444444444,1.3333333333333333,1.4285714285714286,0.75,1.85
6747,0.5,3.5454545454545454,2.6666666666666665,1.1428571428571428,0.5714285714285714,1.4444444444444444,1.3333333333333333,1.4285714285714286,0.75,1.85,0.0
6748,3.5454545454545454,2.6666666666666665,1.1428571428571428,0.5714285714285714,1.4444444444444444,1.3333333333333333,1.4285714285714286,0.75,1.85,0.0,2.0
6749,2.6666666666666665,1.1428571428571428,0.5714285714285714,1.4444444444444444,1.3333333333333333,1.4285714285714286,0.75,1.85,0.0,2.0,1.0
6750,1.1428571428571428,0.5714285714285714,1.4444444444444444,1.3333333333333333,1.4285714285714286,0.75,1.85,0.0,2.0,1.0,2.0
6751,0.5714285714285714,1.4444444444444444,1.3333333333333333,1.4285714285714286,0.75,1.85,0.0,2.0,1.0,2.0,1.6363636363636365
6752,1.4444444444444444,1.3333333333333333,1.4285714285714286,0.75,1.85,0.0,2.0,1.0,2.0,1.6363636363636365,1.5
6753,1.4375,0.0,0.3333333333333333,1.4545454545454546,1.0,0.9285714285714286,1.0454545454545454,1.04,1.1071428571428572,0.0,0.0
6754,0.0,0.3333333333333333,1.4545454545454546,1.0,0.9285714285714286,1.0454545454545454,1.04,1.1071428571428572,0.0,0.0,1.1
6755,0.3333333333333333,1.4545454545454546,1.0,0.9285714285714286,1.0454545454545454,1.04,1.1071428571428572,0.0,0.0,1.1,1.5
6756,1.4545454545454546,1.0,0.9285714285714286,1.0454545454545454,1.04,1.1071428571428572,0.0,0.0,1.1,1.5,0.8461538461538461
6757,1.0,0.9285714285714286,1.0454545454545454,1.04,1.1071428571428572,0.0,0.0,1.1,1.5,0.8461538461538461,0.0
6758,0.9285714285714286,1.0454545454545454,1.04,1.1071428571428572,0.0,0.0,1.1,1.5,0.8461538461538461,0.0,1.7692307692307692
6759,1.0454545454545454,1.04,1.1071428571428572,0.0,0.0,1.1,1.5,0.8461538461538461,0.0,1.7692307692307692,1.2916666666666667
6760,1.04,1.1071428571428572,0.0,0.0,1.1,1.5,0.8461538461538461,0.0,1.7692307692307692,1.2916666666666667,0.6
6761,1.1071428571428572,0.0,0.0,1.1,1.5,0.8461538461538461,0.0,1.7692307692307692,1.2916666666666667,0.6,1.5
6762,0.0,0.0,1.1,1.5,0.8461538461538461,0.0,1.7692307692307692,1.2916666666666667,0.6,1.5,1.09375
6763,0.0,1.1,1.5,0.8461538461538461,0.0,1.7692307692307692,1.2916666666666667,0.6,1.5,1.09375,0.8695652173913043
6764,1.1,1.5,0.8461538461538461,0.0,1.7692307692307692,1.2916666666666667,0.6,1.5,1.09375,0.8695652173913043,1.5714285714285714
6765,1.5,0.8461538461538461,0.0,1.7692307692307692,1.2916666666666667,0.6,1.5,1.09375,0.8695652173913043,1.5714285714285714,0.3333333333333333
6766,0.8461538461538461,0.0,1.7692307692307692,1.2916666666666667,0.6,1.5,1.09375,0.8695652173913043,1.5714285714285714,0.3333333333333333,1.2222222222222223
6767,0.0,1.7692307692307692,1.2916666666666667,0.6,1.5,1.09375,0.8695652173913043,1.5714285714285714,0.3333333333333333,1.2222222222222223,1.1111111111111112
6768,1.7692307692307692,1.2916666666666667,0.6,1.5,1.09375,0.8695652173913043,1.5714285714285714,0.3333333333333333,1.2222222222222223,1.1111111111111112,0.5
6769,1.2916666666666667,0.6,1.5,1.09375,0.8695652173913043,1.5714285714285714,0.3333333333333333,1.2222222222222223,1.1111111111111112,0.5,0.75
6770,0.6,1.5,1.09375,0.8695652173913043,1.5714285714285714,0.3333333333333333,1.2222222222222223,1.1111111111111112,0.5,0.75,1.263157894736842
6771,1.5,1.09375,0.8695652173913043,1.5714285714285714,0.3333333333333333,1.2222222222222223,1.1111111111111112,0.5,0.75,1.263157894736842,1.6666666666666667
6772,1.09375,0.8695652173913043,1.5714285714285714,0.3333333333333333,1.2222222222222223,1.1111111111111112,0.5,0.75,1.263157894736842,1.6666666666666667,1.0
6773,0.8695652173913043,1.5714285714285714,0.3333333333333333,1.2222222222222223,1.1111111111111112,0.5,0.75,1.263157894736842,1.6666666666666667,1.0,1.2352941176470589
6774,1.5714285714285714,0.3333333333333333,1.2222222222222223,1.1111111111111112,0.5,0.75,1.263157894736842,1.6666666666666667,1.0,1.2352941176470589,0.0
6775,0.3333333333333333,1.2222222222222223,1.1111111111111112,0.5,0.75,1.263157894736842,1.6666666666666667,1.0,1.2352941176470589,0.0,0.631578947368421
6776,1.2222222222222223,1.1111111111111112,0.5,0.75,1.263157894736842,1.6666666666666667,1.0,1.2352941176470589,0.0,0.631578947368421,2.6
6777,1.1111111111111112,0.5,0.75,1.263157894736842,1.6666666666666667,1.0,1.2352941176470589,0.0,0.631578947368421,2.6,2.6666666666666665
6778,0.5,0.75,1.263157894736842,1.6666666666666667,1.0,1.2352941176470589,0.0,0.631578947368421,2.6,2.6666666666666665,1.75
6779,0.75,1.263157894736842,1.6666666666666667,1.0,1.2352941176470589,0.0,0.631578947368421,2.6,2.6666666666666665,1.75,0.78125
6780,1.263157894736842,1.6666666666666667,1.0,1.2352941176470589,0.0,0.631578947368421,2.6,2.6666666666666665,1.75,0.78125,0.0
6781,1.04,1.411764705882353,1.1818181818181819,1.5777777777777777,0.0,0.0,1.9393939393939394,2.4285714285714284,1.7142857142857142,1.1111111111111112,1.326086956521739
6782,1.411764705882353,1.1818181818181819,1.5777777777777777,0.0,0.0,1.9393939393939394,2.4285714285714284,1.7142857142857142,1.1111111111111112,1.326086956521739,0.0
6783,1.1818181818181819,1.5777777777777777,0.0,0.0,1.9393939393939394,2.4285714285714284,1.7142857142857142,1.1111111111111112,1.326086956521739,0.0,1.9272727272727272
6784,1.5777777777777777,0.0,0.0,1.9393939393939394,2.4285714285714284,1.7142857142857142,1.1111111111111112,1.326086956521739,0.0,1.9272727272727272,1.2352941176470589
6785,0.0,0.0,1.9393939393939394,2.4285714285714284,1.7142857142857142,1.1111111111111112,1.326086956521739,0.0,1.9272727272727272,1.2352941176470589,1.0454545454545454
6786,0.0,1.9393939393939394,2.4285714285714284,1.7142857142857142,1.1111111111111112,1.326086956521739,0.0,1.9272727272727272,1.2352941176470589,1.0454545454545454,0.8888888888888888
6787,1.9393939393939394,2.4285714285714284,1.7142857142857142,1.1111111111111112,1.326086956521739,0.0,1.9272727272727272,1.2352941176470589,1.0454545454545454,0.8888888888888888,1.4444444444444444
6788,2.4285714285714284,1.7142857142857142,1.1111111111111112,1.326086956521739,0.0,1.9272727272727272,1.2352941176470589,1.0454545454545454,0.8888888888888888,1.4444444444444444,1.25
6789,1.7142857142857142,1.1111111111111112,1.326086956521739,0.0,1.9272727272727272,1.2352941176470589,1.0454545454545454,0.8888888888888888,1.4444444444444444,1.25,0.9090909090909091
6790,1.1111111111111112,1.326086956521739,0.0,1.9272727272727272,1.2352941176470589,1.0454545454545454,0.8888888888888888,1.4444444444444444,1.25,0.9090909090909091,1.3870967741935485
6791,1.326086956521739,0.0,1.9272727272727272,1.2352941176470589,1.0454545454545454,0.8888888888888888,1.4444444444444444,1.25,0.9090909090909091,1.3870967741935485,1.7692307692307692
6792,0.0,1.9272727272727272,1.2352941176470589,1.0454545454545454,0.8888888888888888,1.4444444444444444,1.25,0.9090909090909091,1.3870967741935485,1.7692307692307692,0.8333333333333334
6793,1.9272727272727272,1.2352941176470589,1.0454545454545454,0.8888888888888888,1.4444444444444444,1.25,0.9090909090909091,1.3870967741935485,1.7692307692307692,0.8333333333333334,1.542857142857143
6794,1.2352941176470589,1.0454545454545454,0.8888888888888888,1.4444444444444444,1.25,0.9090909090909091,1.3870967741935485,1.7692307692307692,0.8333333333333334,1.542857142857143,2.235294117647059
6795,1.0454545454545454,0.8888888888888888,1.4444444444444444,1.25,0.9090909090909091,1.3870967741935485,1.7692307692307692,0.8333333333333334,1.542857142857143,2.235294117647059,2.75
6796,0.8888888888888888,1.4444444444444444,1.25,0.9090909090909091,1.3870967741935485,1.7692307692307692,0.8333333333333334,1.542857142857143,2.235294117647059,2.75,0.3333333333333333
6797,1.4444444444444444,1.25,0.9090909090909091,1.3870967741935485,1.7692307692307692,0.8333333333333334,1.542857142857143,2.235294117647059,2.75,0.3333333333333333,0.0
6798,1.25,0.9090909090909091,1.3870967741935485,1.7692307692307692,0.8333333333333334,1.542857142857143,2.235294117647059,2.75,0.3333333333333333,0.0,1.8
6799,0.9090909090909091,1.3870967741935485,1.7692307692307692,0.8333333333333334,1.542857142857143,2.235294117647059,2.75,0.3333333333333333,0.0,1.8,1.3571428571428572
6800,1.3870967741935485,1.7692307692307692,0.8333333333333334,1.542857142857143,2.235294117647059,2.75,0.3333333333333333,0.0,1.8,1.3571428571428572,2.0
6801,1.7692307692307692,0.8333333333333334,1.542857142857143,2.235294117647059,2.75,0.3333333333333333,0.0,1.8,1.3571428571428572,2.0,1.7777777777777777
6802,0.8333333333333334,1.542857142857143,2.235294117647059,2.75,0.3333333333333333,0.0,1.8,1.3571428571428572,2.0,1.7777777777777777,0.875
6803,1.542857142857143,2.235294117647059,2.75,0.3333333333333333,0.0,1.8,1.3571428571428572,2.0,1.7777777777777777,0.875,1.8
6804,2.235294117647059,2.75,0.3333333333333333,0.0,1.8,1.3571428571428572,2.0,1.7777777777777777,0.875,1.8,0.75
6805,2.75,0.3333333333333333,0.0,1.8,1.3571428571428572,2.0,1.7777777777777777,0.875,1.8,0.75,1.0
6806,0.3333333333333333,0.0,1.8,1.3571428571428572,2.0,1.7777777777777777,0.875,1.8,0.75,1.0,0.0
6807,0.0,1.8,1.3571428571428572,2.0,1.7777777777777777,0.875,1.8,0.75,1.0,0.0,1.1666666666666667
6808,1.8,1.3571428571428572,2.0,1.7777777777777777,0.875,1.8,0.75,1.0,0.0,1.1666666666666667,2.3157894736842106
6809,1.3571428571428572,2.0,1.7777777777777777,0.875,1.8,0.75,1.0,0.0,1.1666666666666667,2.3157894736842106,1.6
6810,2.0,1.7777777777777777,0.875,1.8,0.75,1.0,0.0,1.1666666666666667,2.3157894736842106,1.6,1.1142857142857143
6811,1.7777777777777777,0.875,1.8,0.75,1.0,0.0,1.1666666666666667,2.3157894736842106,1.6,1.1142857142857143,0.375
6812,0.875,1.8,0.75,1.0,0.0,1.1666666666666667,2.3157894736842106,1.6,1.1142857142857143,0.375,2.0
6813,1.8,0.75,1.0,0.0,1.1666666666666667,2.3157894736842106,1.6,1.1142857142857143,0.375,2.0,1.5740740740740742
6814,0.75,1.0,0.0,1.1666666666666667,2.3157894736842106,1.6,1.1142857142857143,0.375,2.0,1.5740740740740742,2.3191489361702127
6815,1.0,0.0,1.1666666666666667,2.3157894736842106,1.6,1.1142857142857143,0.375,2.0,1.5740740740740742,2.3191489361702127,1.0
6816,0.0,1.1666666666666667,2.3157894736842106,1.6,1.1142857142857143,0.375,2.0,1.5740740740740742,2.3191489361702127,1.0,1.2432432432432432
6817,1.1666666666666667,2.3157894736842106,1.6,1.1142857142857143,0.375,2.0,1.5740740740740742,2.3191489361702127,1.0,1.2432432432432432,1.5
6818,2.3157894736842106,1.6,1.1142857142857143,0.375,2.0,1.5740740740740742,2.3191489361702127,1.0,1.2432432432432432,1.5,1.2448979591836735
6819,1.6,1.1142857142857143,0.375,2.0,1.5740740740740742,2.3191489361702127,1.0,1.2432432432432432,1.5,1.2448979591836735,1.5555555555555556
6820,1.1142857142857143,0.375,2.0,1.5740740740740742,2.3191489361702127,1.0,1.2432432432432432,1.5,1.2448979591836735,1.5555555555555556,0.8125
6821,0.375,2.0,1.5740740740740742,2.3191489361702127,1.0,1.2432432432432432,1.5,1.2448979591836735,1.5555555555555556,0.8125,1.1904761904761905
6822,2.0,1.5740740740740742,2.3191489361702127,1.0,1.2432432432432432,1.5,1.2448979591836735,1.5555555555555556,0.8125,1.1904761904761905,0.9090909090909091
6823,1.5740740740740742,2.3191489361702127,1.0,1.2432432432432432,1.5,1.2448979591836735,1.5555555555555556,0.8125,1.1904761904761905,0.9090909090909091,0.625
6824,2.3191489361702127,1.0,1.2432432432432432,1.5,1.2448979591836735,1.5555555555555556,0.8125,1.1904761904761905,0.9090909090909091,0.625,1.75
6825,1.0,1.2432432432432432,1.5,1.2448979591836735,1.5555555555555556,0.8125,1.1904761904761905,0.9090909090909091,0.625,1.75,0.0
6826,1.2432432432432432,1.5,1.2448979591836735,1.5555555555555556,0.8125,1.1904761904761905,0.9090909090909091,0.625,1.75,0.0,0.8620689655172413
6827,1.5,1.2448979591836735,1.5555555555555556,0.8125,1.1904761904761905,0.9090909090909091,0.625,1.75,0.0,0.8620689655172413,0.3333333333333333
6828,1.2448979591836735,1.5555555555555556,0.8125,1.1904761904761905,0.9090909090909091,0.625,1.75,0.0,0.8620689655172413,0.3333333333333333,1.2666666666666666
6829,1.5555555555555556,0.8125,1.1904761904761905,0.9090909090909091,0.625,1.75,0.0,0.8620689655172413,0.3333333333333333,1.2666666666666666,1.75
6830,0.8125,1.1904761904761905,0.9090909090909091,0.625,1.75,0.0,0.8620689655172413,0.3333333333333333,1.2666666666666666,1.75,1.2727272727272727
6831,1.1904761904761905,0.9090909090909091,0.625,1.75,0.0,0.8620689655172413,0.3333333333333333,1.2666666666666666,1.75,1.2727272727272727,1.0
6832,0.9090909090909091,0.625,1.75,0.0,0.8620689655172413,0.3333333333333333,1.2666666666666666,1.75,1.2727272727272727,1.0,0.6
6833,0.625,1.75,0.0,0.8620689655172413,0.3333333333333333,1.2666666666666666,1.75,1.2727272727272727,1.0,0.6,1.0
6834,1.75,0.0,0.8620689655172413,0.3333333333333333,1.2666666666666666,1.75,1.2727272727272727,1.0,0.6,1.0,1.3783783783783783
6835,0.0,0.8620689655172413,0.3333333333333333,1.2666666666666666,1.75,1.2727272727272727,1.0,0.6,1.0,1.3783783783783783,1.5
6836,0.8620689655172413,0.3333333333333333,1.2666666666666666,1.75,1.2727272727272727,1.0,0.6,1.0,1.3783783783783783,1.5,0.5454545454545454
6837,0.3333333333333333,1.2666666666666666,1.75,1.2727272727272727,1.0,0.6,1.0,1.3783783783783783,1.5,0.5454545454545454,0.5555555555555556
6838,1.2666666666666666,1.75,1.2727272727272727,1.0,0.6,1.0,1.3783783783783783,1.5,0.5454545454545454,0.5555555555555556,1.3333333333333333
6839,1.75,1.2727272727272727,1.0,0.6,1.0,1.3783783783783783,1.5,0.5454545454545454,0.5555555555555556,1.3333333333333333,1.391304347826087
6840,1.2727272727272727,1.0,0.6,1.0,1.3783783783783783,1.5,0.5454545454545454,0.5555555555555556,1.3333333333333333,1.391304347826087,1.125
6841,1.0,0.6,1.0,1.3783783783783783,1.5,0.5454545454545454,0.5555555555555556,1.3333333333333333,1.391304347826087,1.125,1.5
6842,0.6,1.0,1.3783783783783783,1.5,0.5454545454545454,0.5555555555555556,1.3333333333333333,1.391304347826087,1.125,1.5,1.5
6843,1.0,1.3783783783783783,1.5,0.5454545454545454,0.5555555555555556,1.3333333333333333,1.391304347826087,1.125,1.5,1.5,0.0
6844,1.3783783783783783,1.5,0.5454545454545454,0.5555555555555556,1.3333333333333333,1.391304347826087,1.125,1.5,1.5,0.0,0.5833333333333334
6845,1.5,0.5454545454545454,0.5555555555555556,1.3333333333333333,1.391304347826087,1.125,1.5,1.5,0.0,0.5833333333333334,1.3333333333333333
6846,0.5454545454545454,0.5555555555555556,1.3333333333333333,1.391304347826087,1.125,1.5,1.5,0.0,0.5833333333333334,1.3333333333333333,1.6153846153846154
6847,0.5555555555555556,1.3333333333333333,1.391304347826087,1.125,1.5,1.5,0.0,0.5833333333333334,1.3333333333333333,1.6153846153846154,1.0
6848,1.3333333333333333,1.391304347826087,1.125,1.5,1.5,0.0,0.5833333333333334,1.3333333333333333,1.6153846153846154,1.0,1.3125
6849,1.391304347826087,1.125,1.5,1.5,0.0,0.5833333333333334,1.3333333333333333,1.6153846153846154,1.0,1.3125,1.1818181818181819
6850,1.125,1.5,1.5,0.0,0.5833333333333334,1.3333333333333333,1.6153846153846154,1.0,1.3125,1.1818181818181819,0.7142857142857143
6851,0.5,1.25,1.4545454545454546,1.9130434782608696,0.6190476190476191,1.55,1.36,1.1923076923076923,0.0,2.3333333333333335,1.3157894736842106
6852,1.25,1.4545454545454546,1.9130434782608696,0.6190476190476191,1.55,1.36,1.1923076923076923,0.0,2.3333333333333335,1.3157894736842106,1.706896551724138
6853,1.4545454545454546,1.9130434782608696,0.6190476190476191,1.55,1.36,1.1923076923076923,0.0,2.3333333333333335,1.3157894736842106,1.706896551724138,1.4736842105263157
6854,1.9130434782608696,0.6190476190476191,1.55,1.36,1.1923076923076923,0.0,2.3333333333333335,1.3157894736842106,1.706896551724138,1.4736842105263157,0.75
6855,0.6190476190476191,1.55,1.36,1.1923076923076923,0.0,2.3333333333333335,1.3157894736842106,1.706896551724138,1.4736842105263157,0.75,2.9523809523809526
6856,1.55,1.36,1.1923076923076923,0.0,2.3333333333333335,1.3157894736842106,1.706896551724138,1.4736842105263157,0.75,2.9523809523809526,0.3333333333333333
6857,1.36,1.1923076923076923,0.0,2.3333333333333335,1.3157894736842106,1.706896551724138,1.4736842105263157,0.75,2.9523809523809526,0.3333333333333333,0.6666666666666666
6858,1.1923076923076923,0.0,2.3333333333333335,1.3157894736842106,1.706896551724138,1.4736842105263157,0.75,2.9523809523809526,0.3333333333333333,0.6666666666666666,1.186046511627907
6859,0.0,2.3333333333333335,1.3157894736842106,1.706896551724138,1.4736842105263157,0.75,2.9523809523809526,0.3333333333333333,0.6666666666666666,1.186046511627907,2.32
6860,2.3333333333333335,1.3157894736842106,1.706896551724138,1.4736842105263157,0.75,2.9523809523809526,0.3333333333333333,0.6666666666666666,1.186046511627907,2.32,1.0769230769230769
6861,1.3157894736842106,1.706896551724138,1.4736842105263157,0.75,2.9523809523809526,0.3333333333333333,0.6666666666666666,1.186046511627907,2.32,1.0769230769230769,1.1
6862,1.706896551724138,1.4736842105263157,0.75,2.9523809523809526,0.3333333333333333,0.6666666666666666,1.186046511627907,2.32,1.0769230769230769,1.1,1.375
6863,1.4736842105263157,0.75,2.9523809523809526,0.3333333333333333,0.6666666666666666,1.186046511627907,2.32,1.0769230769230769,1.1,1.375,1.0
6864,0.75,2.9523809523809526,0.3333333333333333,0.6666666666666666,1.186046511627907,2.32,1.0769230769230769,1.1,1.375,1.0,2.4375
6865,2.9523809523809526,0.3333333333333333,0.6666666666666666,1.186046511627907,2.32,1.0769230769230769,1.1,1.375,1.0,2.4375,0.36363636363636365
6866,0.3333333333333333,0.6666666666666666,1.186046511627907,2.32,1.0769230769230769,1.1,1.375,1.0,2.4375,0.36363636363636365,1.3714285714285714
6867,0.6666666666666666,1.186046511627907,2.32,1.0769230769230769,1.1,1.375,1.0,2.4375,0.36363636363636365,1.3714285714285714,1.2916666666666667
6868,1.186046511627907,2.32,1.0769230769230769,1.1,1.375,1.0,2.4375,0.36363636363636365,1.3714285714285714,1.2916666666666667,0.6666666666666666
6869,2.32,1.0769230769230769,1.1,1.375,1.0,2.4375,0.36363636363636365,1.3714285714285714,1.2916666666666667,0.6666666666666666,1.2083333333333333
6870,1.0769230769230769,1.1,1.375,1.0,2.4375,0.36363636363636365,1.3714285714285714,1.2916666666666667,0.6666666666666666,1.2083333333333333,1.525
6871,1.1,1.375,1.0,2.4375,0.36363636363636365,1.3714285714285714,1.2916666666666667,0.6666666666666666,1.2083333333333333,1.525,1.6666666666666667
6872,1.375,1.0,2.4375,0.36363636363636365,1.3714285714285714,1.2916666666666667,0.6666666666666666,1.2083333333333333,1.525,1.6666666666666667,1.2647058823529411
6873,1.0,2.4375,0.36363636363636365,1.3714285714285714,1.2916666666666667,0.6666666666666666,1.2083333333333333,1.525,1.6666666666666667,1.2647058823529411,1.2258064516129032
6874,2.4375,0.36363636363636365,1.3714285714285714,1.2916666666666667,0.6666666666666666,1.2083333333333333,1.525,1.6666666666666667,1.2647058823529411,1.2258064516129032,1.1666666666666667
6875,0.36363636363636365,1.3714285714285714,1.2916666666666667,0.6666666666666666,1.2083333333333333,1.525,1.6666666666666667,1.2647058823529411,1.2258064516129032,1.1666666666666667,0.0
6876,1.3714285714285714,1.2916666666666667,0.6666666666666666,1.2083333333333333,1.525,1.6666666666666667,1.2647058823529411,1.2258064516129032,1.1666666666666667,0.0,1.380952380952381
6877,1.2916666666666667,0.6666666666666666,1.2083333333333333,1.525,1.6666666666666667,1.2647058823529411,1.2258064516129032,1.1666666666666667,0.0,1.380952380952381,1.0909090909090908
6878,0.6666666666666666,1.2083333333333333,1.525,1.6666666666666667,1.2647058823529411,1.2258064516129032,1.1666666666666667,0.0,1.380952380952381,1.0909090909090908,1.6666666666666667
6879,1.2083333333333333,1.525,1.6666666666666667,1.2647058823529411,1.2258064516129032,1.1666666666666667,0.0,1.380952380952381,1.0909090909090908,1.6666666666666667,1.8666666666666667
6880,1.525,1.6666666666666667,1.2647058823529411,1.2258064516129032,1.1666666666666667,0.0,1.380952380952381,1.0909090909090908,1.6666666666666667,1.8666666666666667,1.8333333333333333
6881,1.6666666666666667,1.2647058823529411,1.2258064516129032,1.1666666666666667,0.0,1.380952380952381,1.0909090909090908,1.6666666666666667,1.8666666666666667,1.8333333333333333,1.736842105263158
6882,1.2647058823529411,1.2258064516129032,1.1666666666666667,0.0,1.380952380952381,1.0909090909090908,1.6666666666666667,1.8666666666666667,1.8333333333333333,1.736842105263158,1.5238095238095237
6883,1.2258064516129032,1.1666666666666667,0.0,1.380952380952381,1.0909090909090908,1.6666666666666667,1.8666666666666667,1.8333333333333333,1.736842105263158,1.5238095238095237,0.7777777777777778
6884,1.1666666666666667,0.0,1.380952380952381,1.0909090909090908,1.6666666666666667,1.8666666666666667,1.8333333333333333,1.736842105263158,1.5238095238095237,0.7777777777777778,1.125
6885,0.0,1.380952380952381,1.0909090909090908,1.6666666666666667,1.8666666666666667,1.8333333333333333,1.736842105263158,1.5238095238095237,0.7777777777777778,1.125,1.3157894736842106
6886,1.380952380952381,1.0909090909090908,1.6666666666666667,1.8666666666666667,1.8333333333333333,1.736842105263158,1.5238095238095237,0.7777777777777778,1.125,1.3157894736842106,1.6875
6887,1.0909090909090908,1.6666666666666667,1.8666666666666667,1.8333333333333333,1.736842105263158,1.5238095238095237,0.7777777777777778,1.125,1.3157894736842106,1.6875,1.3714285714285714
6888,1.6666666666666667,1.8666666666666667,1.8333333333333333,1.736842105263158,1.5238095238095237,0.7777777777777778,1.125,1.3157894736842106,1.6875,1.3714285714285714,0.7
6889,1.8666666666666667,1.8333333333333333,1.736842105263158,1.5238095238095237,0.7777777777777778,1.125,1.3157894736842106,1.6875,1.3714285714285714,0.7,0.0
6890,1.8333333333333333,1.736842105263158,1.5238095238095237,0.7777777777777778,1.125,1.3157894736842106,1.6875,1.3714285714285714,0.7,0.0,1.3793103448275863
6891,1.736842105263158,1.5238095238095237,0.7777777777777778,1.125,1.3157894736842106,1.6875,1.3714285714285714,0.7,0.0,1.3793103448275863,1.0
6892,1.5238095238095237,0.7777777777777778,1.125,1.3157894736842106,1.6875,1.3714285714285714,0.7,0.0,1.3793103448275863,1.0,1.0
6893,0.7777777777777778,1.125,1.3157894736842106,1.6875,1.3714285714285714,0.7,0.0,1.3793103448275863,1.0,1.0,0.8846153846153846
6894,1.125,1.3157894736842106,1.6875,1.3714285714285714,0.7,0.0,1.3793103448275863,1.0,1.0,0.8846153846153846,1.837837837837838
6895,1.3157894736842106,1.6875,1.3714285714285714,0.7,0.0,1.3793103448275863,1.0,1.0,0.8846153846153846,1.837837837837838,0.0
6896,1.6875,1.3714285714285714,0.7,0.0,1.3793103448275863,1.0,1.0,0.8846153846153846,1.837837837837838,0.0,1.2
6897,1.3714285714285714,0.7,0.0,1.3793103448275863,1.0,1.0,0.8846153846153846,1.837837837837838,0.0,1.2,1.3478260869565217
6898,0.7,0.0,1.3793103448275863,1.0,1.0,0.8846153846153846,1.837837837837838,0.0,1.2,1.3478260869565217,0.5714285714285714
6899,0.0,1.3793103448275863,1.0,1.0,0.8846153846153846,1.837837837837838,0.0,1.2,1.3478260869565217,0.5714285714285714,2.625
6900,1.3793103448275863,1.0,1.0,0.8846153846153846,1.837837837837838,0.0,1.2,1.3478260869565217,0.5714285714285714,2.625,0.38461538461538464
6901,1.0,1.0,0.8846153846153846,1.837837837837838,0.0,1.2,1.3478260869565217,0.5714285714285714,2.625,0.38461538461538464,1.255813953488372
6902,1.0,0.8846153846153846,1.837837837837838,0.0,1.2,1.3478260869565217,0.5714285714285714,2.625,0.38461538461538464,1.255813953488372,0.9285714285714286
6903,0.8846153846153846,1.837837837837838,0.0,1.2,1.3478260869565217,0.5714285714285714,2.625,0.38461538461538464,1.255813953488372,0.9285714285714286,2.0
6904,1.837837837837838,0.0,1.2,1.3478260869565217,0.5714285714285714,2.625,0.38461538461538464,1.255813953488372,0.9285714285714286,2.0,0.7692307692307693
6905,0.0,1.2,1.3478260869565217,0.5714285714285714,2.625,0.38461538461538464,1.255813953488372,0.9285714285714286,2.0,0.7692307692307693,0.25
6906,1.2,1.3478260869565217,0.5714285714285714,2.625,0.38461538461538464,1.255813953488372,0.9285714285714286,2.0,0.7692307692307693,0.25,0.8095238095238095
6907,1.3478260869565217,0.5714285714285714,2.625,0.38461538461538464,1.255813953488372,0.9285714285714286,2.0,0.7692307692307693,0.25,0.8095238095238095,1.5517241379310345
6908,0.5714285714285714,2.625,0.38461538461538464,1.255813953488372,0.9285714285714286,2.0,0.7692307692307693,0.25,0.8095238095238095,1.5517241379310345,1.0
6909,2.625,0.38461538461538464,1.255813953488372,0.9285714285714286,2.0,0.7692307692307693,0.25,0.8095238095238095,1.5517241379310345,1.0,1.0277777777777777
6910,0.38461538461538464,1.255813953488372,0.9285714285714286,2.0,0.7692307692307693,0.25,0.8095238095238095,1.5517241379310345,1.0,1.0277777777777777,0.3333333333333333
6911,1.255813953488372,0.9285714285714286,2.0,0.7692307692307693,0.25,0.8095238095238095,1.5517241379310345,1.0,1.0277777777777777,0.3333333333333333,0.7857142857142857
6912,0.9285714285714286,2.0,0.7692307692307693,0.25,0.8095238095238095,1.5517241379310345,1.0,1.0277777777777777,0.3333333333333333,0.7857142857142857,0.0
6913,2.0,0.7692307692307693,0.25,0.8095238095238095,1.5517241379310345,1.0,1.0277777777777777,0.3333333333333333,0.7857142857142857,0.0,0.0
6914,0.7692307692307693,0.25,0.8095238095238095,1.5517241379310345,1.0,1.0277777777777777,0.3333333333333333,0.7857142857142857,0.0,0.0,1.2173913043478262
6915,0.25,0.8095238095238095,1.5517241379310345,1.0,1.0277777777777777,0.3333333333333333,0.7857142857142857,0.0,0.0,1.2173913043478262,1.829268292682927
6916,0.8095238095238095,1.5517241379310345,1.0,1.0277777777777777,0.3333333333333333,0.7857142857142857,0.0,0.0,1.2173913043478262,1.829268292682927,1.5128205128205128
6917,1.5517241379310345,1.0,1.0277777777777777,0.3333333333333333,0.7857142857142857,0.0,0.0,1.2173913043478262,1.829268292682927,1.5128205128205128,2.0
6918,1.0,1.0277777777777777,0.3333333333333333,0.7857142857142857,0.0,0.0,1.2173913043478262,1.829268292682927,1.5128205128205128,2.0,1.0
6919,1.0277777777777777,0.3333333333333333,0.7857142857142857,0.0,0.0,1.2173913043478262,1.829268292682927,1.5128205128205128,2.0,1.0,0.35294117647058826
6920,0.3333333333333333,0.7857142857142857,0.0,0.0,1.2173913043478262,1.829268292682927,1.5128205128205128,2.0,1.0,0.35294117647058826,0.5
6921,0.7857142857142857,0.0,0.0,1.2173913043478262,1.829268292682927,1.5128205128205128,2.0,1.0,0.35294117647058826,0.5,0.7647058823529411
6922,0.0,0.0,1.2173913043478262,1.829268292682927,1.5128205128205128,2.0,1.0,0.35294117647058826,0.5,0.7647058823529411,1.4444444444444444
6923,0.0,1.2173913043478262,1.829268292682927,1.5128205128205128,2.0,1.0,0.35294117647058826,0.5,0.7647058823529411,1.4444444444444444,1.1
6924,1.2173913043478262,1.829268292682927,1.5128205128205128,2.0,1.0,0.35294117647058826,0.5,0.7647058823529411,1.4444444444444444,1.1,0.875
6925,1.829268292682927,1.5128205128205128,2.0,1.0,0.35294117647058826,0.5,0.7647058823529411,1.4444444444444444,1.1,0.875,0.9285714285714286
6926,1.5128205128205128,2.0,1.0,0.35294117647058826,0.5,0.7647058823529411,1.4444444444444444,1.1,0.875,0.9285714285714286,1.5319148936170213
6927,1.4666666666666666,1.5454545454545454,1.6,1.1666666666666667,0.7142857142857143,2.0,1.3478260869565217,1.3214285714285714,2.8,1.3793103448275863,1.4782608695652173
6928,1.5454545454545454,1.6,1.1666666666666667,0.7142857142857143,2.0,1.3478260869565217,1.3214285714285714,2.8,1.3793103448275863,1.4782608695652173,0.7272727272727273
6929,1.6,1.1666666666666667,0.7142857142857143,2.0,1.3478260869565217,1.3214285714285714,2.8,1.3793103448275863,1.4782608695652173,0.7272727272727273,1.25
6930,1.1666666666666667,0.7142857142857143,2.0,1.3478260869565217,1.3214285714285714,2.8,1.3793103448275863,1.4782608695652173,0.7272727272727273,1.25,1.2
6931,0.7142857142857143,2.0,1.3478260869565217,1.3214285714285714,2.8,1.3793103448275863,1.4782608695652173,0.7272727272727273,1.25,1.2,0.8
6932,2.0,1.3478260869565217,1.3214285714285714,2.8,1.3793103448275863,1.4782608695652173,0.7272727272727273,1.25,1.2,0.8,1.8
6933,1.3478260869565217,1.3214285714285714,2.8,1.3793103448275863,1.4782608695652173,0.7272727272727273,1.25,1.2,0.8,1.8,1.5384615384615385
6934,1.3214285714285714,2.8,1.3793103448275863,1.4782608695652173,0.7272727272727273,1.25,1.2,0.8,1.8,1.5384615384615385,1.588235294117647
6935,2.8,1.3793103448275863,1.4782608695652173,0.7272727272727273,1.25,1.2,0.8,1.8,1.5384615384615385,1.588235294117647,1.4375
6936,1.3793103448275863,1.4782608695652173,0.7272727272727273,1.25,1.2,0.8,1.8,1.5384615384615385,1.588235294117647,1.4375,2.25
6937,1.4782608695652173,0.7272727272727273,1.25,1.2,0.8,1.8,1.5384615384615385,1.588235294117647,1.4375,2.25,0.4
6938,0.7272727272727273,1.25,1.2,0.8,1.8,1.5384615384615385,1.588235294117647,1.4375,2.25,0.4,0.7777777777777778
6939,1.25,1.2,0.8,1.8,1.5384615384615385,1.588235294117647,1.4375,2.25,0.4,0.7777777777777778,1.1470588235294117
6940,1.2,0.8,1.8,1.5384615384615385,1.588235294117647,1.4375,2.25,0.4,0.7777777777777778,1.1470588235294117,1.8275862068965518
6941,0.8,1.8,1.5384615384615385,1.588235294117647,1.4375,2.25,0.4,0.7777777777777778,1.1470588235294117,1.8275862068965518,1.0
6942,1.8,1.5384615384615385,1.588235294117647,1.4375,2.25,0.4,0.7777777777777778,1.1470588235294117,1.8275862068965518,1.0,0.8888888888888888
6943,1.5384615384615385,1.588235294117647,1.4375,2.25,0.4,0.7777777777777778,1.1470588235294117,1.8275862068965518,1.0,0.8888888888888888,1.3846153846153846
6944,1.588235294117647,1.4375,2.25,0.4,0.7777777777777778,1.1470588235294117,1.8275862068965518,1.0,0.8888888888888888,1.3846153846153846,1.28125
6945,1.4375,2.25,0.4,0.7777777777777778,1.1470588235294117,1.8275862068965518,1.0,0.8888888888888888,1.3846153846153846,1.28125,1.1176470588235294
6946,2.25,0.4,0.7777777777777778,1.1470588235294117,1.8275862068965518,1.0,0.8888888888888888,1.3846153846153846,1.28125,1.1176470588235294,1.3636363636363635
6947,0.4,0.7777777777777778,1.1470588235294117,1.8275862068965518,1.0,0.8888888888888888,1.3846153846153846,1.28125,1.1176470588235294,1.3636363636363635,1.9189189189189189
6948,0.7777777777777778,1.1470588235294117,1.8275862068965518,1.0,0.8888888888888888,1.3846153846153846,1.28125,1.1176470588235294,1.3636363636363635,1.9189189189189189,0.75
6949,1.1470588235294117,1.8275862068965518,1.0,0.8888888888888888,1.3846153846153846,1.28125,1.1176470588235294,1.3636363636363635,1.9189189189189189,0.75,2.25
6950,1.8275862068965518,1.0,0.8888888888888888,1.3846153846153846,1.28125,1.1176470588235294,1.3636363636363635,1.9189189189189189,0.75,2.25,2.2222222222222223
6951,1.0,0.8888888888888888,1.3846153846153846,1.28125,1.1176470588235294,1.3636363636363635,1.9189189189189189,0.75,2.25,2.2222222222222223,1.7619047619047619
6952,0.8888888888888888,1.3846153846153846,1.28125,1.1176470588235294,1.3636363636363635,1.9189189189189189,0.75,2.25,2.2222222222222223,1.7619047619047619,1.9411764705882353
6953,1.3846153846153846,1.28125,1.1176470588235294,1.3636363636363635,1.9189189189189189,0.75,2.25,2.2222222222222223,1.7619047619047619,1.9411764705882353,0.8571428571428571
6954,1.28125,1.1176470588235294,1.3636363636363635,1.9189189189189189,0.75,2.25,2.2222222222222223,1.7619047619047619,1.9411764705882353,0.8571428571428571,0.2
6955,1.1176470588235294,1.3636363636363635,1.9189189189189189,0.75,2.25,2.2222222222222223,1.7619047619047619,1.9411764705882353,0.8571428571428571,0.2,1.6666666666666667
6956,1.3636363636363635,1.9189189189189189,0.75,2.25,2.2222222222222223,1.7619047619047619,1.9411764705882353,0.8571428571428571,0.2,1.6666666666666667,1.1111111111111112
6957,1.9189189189189189,0.75,2.25,2.2222222222222223,1.7619047619047619,1.9411764705882353,0.8571428571428571,0.2,1.6666666666666667,1.1111111111111112,1.3076923076923077
6958,0.75,2.25,2.2222222222222223,1.7619047619047619,1.9411764705882353,0.8571428571428571,0.2,1.6666666666666667,1.1111111111111112,1.3076923076923077,0.0
6959,2.25,2.2222222222222223,1.7619047619047619,1.9411764705882353,0.8571428571428571,0.2,1.6666666666666667,1.1111111111111112,1.3076923076923077,0.0,1.5454545454545454
6960,2.2222222222222223,1.7619047619047619,1.9411764705882353,0.8571428571428571,0.2,1.6666666666666667,1.1111111111111112,1.3076923076923077,0.0,1.5454545454545454,0.0
6961,1.7619047619047619,1.9411764705882353,0.8571428571428571,0.2,1.6666666666666667,1.1111111111111112,1.3076923076923077,0.0,1.5454545454545454,0.0,1.2222222222222223
6962,1.9411764705882353,0.8571428571428571,0.2,1.6666666666666667,1.1111111111111112,1.3076923076923077,0.0,1.5454545454545454,0.0,1.2222222222222223,1.5675675675675675
6963,0.8571428571428571,0.2,1.6666666666666667,1.1111111111111112,1.3076923076923077,0.0,1.5454545454545454,0.0,1.2222222222222223,1.5675675675675675,1.7272727272727273
6964,0.2,1.6666666666666667,1.1111111111111112,1.3076923076923077,0.0,1.5454545454545454,0.0,1.2222222222222223,1.5675675675675675,1.7272727272727273,1.1111111111111112
6965,1.6666666666666667,1.1111111111111112,1.3076923076923077,0.0,1.5454545454545454,0.0,1.2222222222222223,1.5675675675675675,1.7272727272727273,1.1111111111111112,0.8292682926829268
6966,1.1111111111111112,1.3076923076923077,0.0,1.5454545454545454,0.0,1.2222222222222223,1.5675675675675675,1.7272727272727273,1.1111111111111112,0.8292682926829268,1.5416666666666667
6967,1.3076923076923077,0.0,1.5454545454545454,0.0,1.2222222222222223,1.5675675675675675,1.7272727272727273,1.1111111111111112,0.8292682926829268,1.5416666666666667,1.4
6968,0.0,1.5454545454545454,0.0,1.2222222222222223,1.5675675675675675,1.7272727272727273,1.1111111111111112,0.8292682926829268,1.5416666666666667,1.4,1.0
6969,1.5454545454545454,0.0,1.2222222222222223,1.5675675675675675,1.7272727272727273,1.1111111111111112,0.8292682926829268,1.5416666666666667,1.4,1.0,1.6206896551724137
6970,0.0,1.2222222222222223,1.5675675675675675,1.7272727272727273,1.1111111111111112,0.8292682926829268,1.5416666666666667,1.4,1.0,1.6206896551724137,1.5384615384615385
6971,1.2222222222222223,1.5675675675675675,1.7272727272727273,1.1111111111111112,0.8292682926829268,1.5416666666666667,1.4,1.0,1.6206896551724137,1.5384615384615385,0.5
6972,1.5675675675675675,1.7272727272727273,1.1111111111111112,0.8292682926829268,1.5416666666666667,1.4,1.0,1.6206896551724137,1.5384615384615385,0.5,1.25
6973,1.7272727272727273,1.1111111111111112,0.8292682926829268,1.5416666666666667,1.4,1.0,1.6206896551724137,1.5384615384615385,0.5,1.25,1.4390243902439024
6974,1.1111111111111112,0.8292682926829268,1.5416666666666667,1.4,1.0,1.6206896551724137,1.5384615384615385,0.5,1.25,1.4390243902439024,1.4516129032258065
6975,0.8292682926829268,1.5416666666666667,1.4,1.0,1.6206896551724137,1.5384615384615385,0.5,1.25,1.4390243902439024,1.4516129032258065,1.6521739130434783
6976,1.5416666666666667,1.4,1.0,1.6206896551724137,1.5384615384615385,0.5,1.25,1.4390243902439024,1.4516129032258065,1.6521739130434783,1.7884615384615385
6977,1.4,1.0,1.6206896551724137,1.5384615384615385,0.5,1.25,1.4390243902439024,1.4516129032258065,1.6521739130434783,1.7884615384615385,0.25
6978,1.0,1.6206896551724137,1.5384615384615385,0.5,1.25,1.4390243902439024,1.4516129032258065,1.6521739130434783,1.7884615384615385,0.25,1.4
6979,1.6206896551724137,1.5384615384615385,0.5,1.25,1.4390243902439024,1.4516129032258065,1.6521739130434783,1.7884615384615385,0.25,1.4,0.0
6980,1.5384615384615385,0.5,1.25,1.4390243902439024,1.4516129032258065,1.6521739130434783,1.7884615384615385,0.25,1.4,0.0,0.375
6981,0.5,1.25,1.4390243902439024,1.4516129032258065,1.6521739130434783,1.7884615384615385,0.25,1.4,0.0,0.375,1.1333333333333333
6982,1.25,1.4390243902439024,1.4516129032258065,1.6521739130434783,1.7884615384615385,0.25,1.4,0.0,0.375,1.1333333333333333,1.3636363636363635
6983,1.4390243902439024,1.4516129032258065,1.6521739130434783,1.7884615384615385,0.25,1.4,0.0,0.375,1.1333333333333333,1.3636363636363635,1.3636363636363635
6984,1.4516129032258065,1.6521739130434783,1.7884615384615385,0.25,1.4,0.0,0.375,1.1333333333333333,1.3636363636363635,1.3636363636363635,1.0
6985,1.6521739130434783,1.7884615384615385,0.25,1.4,0.0,0.375,1.1333333333333333,1.3636363636363635,1.3636363636363635,1.0,1.125
6986,1.7884615384615385,0.25,1.4,0.0,0.375,1.1333333333333333,1.3636363636363635,1.3636363636363635,1.0,1.125,0.8461538461538461
6987,0.25,1.4,0.0,0.375,1.1333333333333333,1.3636363636363635,1.3636363636363635,1.0,1.125,0.8461538461538461,0.25
6988,1.4,0.0,0.375,1.1333333333333333,1.3636363636363635,1.3636363636363635,1.0,1.125,0.8461538461538461,0.25,1.625
6989,0.0,0.375,1.1333333333333333,1.3636363636363635,1.3636363636363635,1.0,1.125,0.8461538461538461,0.25,1.625,0.75
6990,0.375,1.1333333333333333,1.3636363636363635,1.3636363636363635,1.0,1.125,0.8461538461538461,0.25,1.625,0.75,0.8333333333333334
6991,1.1333333333333333,1.3636363636363635,1.3636363636363635,1.0,1.125,0.8461538461538461,0.25,1.625,0.75,0.8333333333333334,0.5
6992,1.3636363636363635,1.3636363636363635,1.0,1.125,0.8461538461538461,0.25,1.625,0.75,0.8333333333333334,0.5,1.0833333333333333
6993,1.3636363636363635,1.0,1.125,0.8461538461538461,0.25,1.625,0.75,0.8333333333333334,0.5,1.0833333333333333,1.8
6994,1.0,1.125,0.8461538461538461,0.25,1.625,0.75,0.8333333333333334,0.5,1.0833333333333333,1.8,1.0909090909090908
6995,1.125,0.8461538461538461,0.25,1.625,0.75,0.8333333333333334,0.5,1.0833333333333333,1.8,1.0909090909090908,1.5
6996,0.8461538461538461,0.25,1.625,0.75,0.8333333333333334,0.5,1.0833333333333333,1.8,1.0909090909090908,1.5,2.6
6997,0.25,1.625,0.75,0.8333333333333334,0.5,1.0833333333333333,1.8,1.0909090909090908,1.5,2.6,0.0
6998,1.625,0.75,0.8333333333333334,0.5,1.0833333333333333,1.8,1.0909090909090908,1.5,2.6,0.0,1.1666666666666667
6999,0.75,0.8333333333333334,0.5,1.0833333333333333,1.8,1.0909090909090908,1.5,2.6,0.0,1.1666666666666667,2.3333333333333335
7000,0.8333333333333334,0.5,1.0833333333333333,1.8,1.0909090909090908,1.5,2.6,0.0,1.1666666666666667,2.3333333333333335,1.5
7001,0.5,1.0833333333333333,1.8,1.0909090909090908,1.5,2.6,0.0,1.1666666666666667,2.3333333333333335,1.5,1.125
7002,1.0833333333333333,1.8,1.0909090909090908,1.5,2.6,0.0,1.1666666666666667,2.3333333333333335,1.5,1.125,1.75
7003,1.8,1.0909090909090908,1.5,2.6,0.0,1.1666666666666667,2.3333333333333335,1.5,1.125,1.75,0.6666666666666666
7004,0.9166666666666666,0.0,0.0,2.0,0.6206896551724138,0.5,0.0,2.4444444444444446,0.0,0.25,1.0
7005,0.0,0.0,2.0,0.6206896551724138,0.5,0.0,2.4444444444444446,0.0,0.25,1.0,1.2352941176470589
7006,0.0,2.0,0.6206896551724138,0.5,0.0,2.4444444444444446,0.0,0.25,1.0,1.2352941176470589,0.2222222222222222
7007,2.0,0.6206896551724138,0.5,0.0,2.4444444444444446,0.0,0.25,1.0,1.2352941176470589,0.2222222222222222,0.5714285714285714
7008,0.6206896551724138,0.5,0.0,2.4444444444444446,0.0,0.25,1.0,1.2352941176470589,0.2222222222222222,0.5714285714285714,0.5
7009,0.5,0.0,2.4444444444444446,0.0,0.25,1.0,1.2352941176470589,0.2222222222222222,0.5714285714285714,0.5,0.0
7010,0.0,2.4444444444444446,0.0,0.25,1.0,1.2352941176470589,0.2222222222222222,0.5714285714285714,0.5,0.0,0.875
7011,2.4444444444444446,0.0,0.25,1.0,1.2352941176470589,0.2222222222222222,0.5714285714285714,0.5,0.0,0.875,1.0
7012,0.0,0.25,1.0,1.2352941176470589,0.2222222222222222,0.5714285714285714,0.5,0.0,0.875,1.0,1.6666666666666667
7013,0.25,1.0,1.2352941176470589,0.2222222222222222,0.5714285714285714,0.5,0.0,0.875,1.0,1.6666666666666667,1.0
7014,1.0,1.2352941176470589,0.2222222222222222,0.5714285714285714,0.5,0.0,0.875,1.0,1.6666666666666667,1.0,0.3333333333333333
7015,1.2352941176470589,0.2222222222222222,0.5714285714285714,0.5,0.0,0.875,1.0,1.6666666666666667,1.0,0.3333333333333333,1.0303030303030303
7016,0.2222222222222222,0.5714285714285714,0.5,0.0,0.875,1.0,1.6666666666666667,1.0,0.3333333333333333,1.0303030303030303,0.3333333333333333
7017,0.5714285714285714,0.5,0.0,0.875,1.0,1.6666666666666667,1.0,0.3333333333333333,1.0303030303030303,0.3333333333333333,1.0
7018,0.5,0.0,0.875,1.0,1.6666666666666667,1.0,0.3333333333333333,1.0303030303030303,0.3333333333333333,1.0,1.9090909090909092
7019,0.0,0.875,1.0,1.6666666666666667,1.0,0.3333333333333333,1.0303030303030303,0.3333333333333333,1.0,1.9090909090909092,1.0
7020,0.875,1.0,1.6666666666666667,1.0,0.3333333333333333,1.0303030303030303,0.3333333333333333,1.0,1.9090909090909092,1.0,1.0769230769230769
7021,1.0,2.1666666666666665,1.2380952380952381,0.0,1.04,1.4615384615384615,1.0,1.0,1.6444444444444444,0.625,1.2195121951219512
7022,2.1666666666666665,1.2380952380952381,0.0,1.04,1.4615384615384615,1.0,1.0,1.6444444444444444,0.625,1.2195121951219512,0.5
7023,1.2380952380952381,0.0,1.04,1.4615384615384615,1.0,1.0,1.6444444444444444,0.625,1.2195121951219512,0.5,1.4318181818181819
7024,0.0,1.04,1.4615384615384615,1.0,1.0,1.6444444444444444,0.625,1.2195121951219512,0.5,1.4318181818181819,0.6666666666666666
7025,1.04,1.4615384615384615,1.0,1.0,1.6444444444444444,0.625,1.2195121951219512,0.5,1.4318181818181819,0.6666666666666666,0.9459459459459459
7026,1.4615384615384615,1.0,1.0,1.6444444444444444,0.625,1.2195121951219512,0.5,1.4318181818181819,0.6666666666666666,0.9459459459459459,0.9705882352941176
7027,1.0,1.0,1.6444444444444444,0.625,1.2195121951219512,0.5,1.4318181818181819,0.6666666666666666,0.9459459459459459,0.9705882352941176,1.5
7028,1.0,1.6444444444444444,0.625,1.2195121951219512,0.5,1.4318181818181819,0.6666666666666666,0.9459459459459459,0.9705882352941176,1.5,1.3333333333333333
7029,1.6444444444444444,0.625,1.2195121951219512,0.5,1.4318181818181819,0.6666666666666666,0.9459459459459459,0.9705882352941176,1.5,1.3333333333333333,1.391304347826087
7030,0.625,1.2195121951219512,0.5,1.4318181818181819,0.6666666666666666,0.9459459459459459,0.9705882352941176,1.5,1.3333333333333333,1.391304347826087,1.0476190476190477
7031,1.2195121951219512,0.5,1.4318181818181819,0.6666666666666666,0.9459459459459459,0.9705882352941176,1.5,1.3333333333333333,1.391304347826087,1.0476190476190477,1.35
7032,0.5,1.4318181818181819,0.6666666666666666,0.9459459459459459,0.9705882352941176,1.5,1.3333333333333333,1.391304347826087,1.0476190476190477,1.35,0.16666666666666666
7033,1.4318181818181819,0.6666666666666666,0.9459459459459459,0.9705882352941176,1.5,1.3333333333333333,1.391304347826087,1.0476190476190477,1.35,0.16666666666666666,0.8461538461538461
7034,0.6666666666666666,0.9459459459459459,0.9705882352941176,1.5,1.3333333333333333,1.391304347826087,1.0476190476190477,1.35,0.16666666666666666,0.8461538461538461,0.8928571428571429
7035,0.9459459459459459,0.9705882352941176,1.5,1.3333333333333333,1.391304347826087,1.0476190476190477,1.35,0.16666666666666666,0.8461538461538461,0.8928571428571429,2.2666666666666666
7036,0.9705882352941176,1.5,1.3333333333333333,1.391304347826087,1.0476190476190477,1.35,0.16666666666666666,0.8461538461538461,0.8928571428571429,2.2666666666666666,1.2142857142857142
7037,1.5,1.3333333333333333,1.391304347826087,1.0476190476190477,1.35,0.16666666666666666,0.8461538461538461,0.8928571428571429,2.2666666666666666,1.2142857142857142,1.1666666666666667
7038,1.3333333333333333,1.391304347826087,1.0476190476190477,1.35,0.16666666666666666,0.8461538461538461,0.8928571428571429,2.2666666666666666,1.2142857142857142,1.1666666666666667,1.1
7039,1.391304347826087,1.0476190476190477,1.35,0.16666666666666666,0.8461538461538461,0.8928571428571429,2.2666666666666666,1.2142857142857142,1.1666666666666667,1.1,1.0526315789473684
7040,1.0476190476190477,1.35,0.16666666666666666,0.8461538461538461,0.8928571428571429,2.2666666666666666,1.2142857142857142,1.1666666666666667,1.1,1.0526315789473684,0.7884615384615384
7041,1.35,0.16666666666666666,0.8461538461538461,0.8928571428571429,2.2666666666666666,1.2142857142857142,1.1666666666666667,1.1,1.0526315789473684,0.7884615384615384,0.0
7042,0.16666666666666666,0.8461538461538461,0.8928571428571429,2.2666666666666666,1.2142857142857142,1.1666666666666667,1.1,1.0526315789473684,0.7884615384615384,0.0,1.4666666666666666
7043,0.8461538461538461,0.8928571428571429,2.2666666666666666,1.2142857142857142,1.1666666666666667,1.1,1.0526315789473684,0.7884615384615384,0.0,1.4666666666666666,0.0
7044,0.8928571428571429,2.2666666666666666,1.2142857142857142,1.1666666666666667,1.1,1.0526315789473684,0.7884615384615384,0.0,1.4666666666666666,0.0,1.4
7045,2.2666666666666666,1.2142857142857142,1.1666666666666667,1.1,1.0526315789473684,0.7884615384615384,0.0,1.4666666666666666,0.0,1.4,1.1666666666666667
7046,1.2142857142857142,1.1666666666666667,1.1,1.0526315789473684,0.7884615384615384,0.0,1.4666666666666666,0.0,1.4,1.1666666666666667,1.3333333333333333
7047,1.1666666666666667,1.1,1.0526315789473684,0.7884615384615384,0.0,1.4666666666666666,0.0,1.4,1.1666666666666667,1.3333333333333333,1.4705882352941178
7048,1.1,1.0526315789473684,0.7884615384615384,0.0,1.4666666666666666,0.0,1.4,1.1666666666666667,1.3333333333333333,1.4705882352941178,0.4
7049,1.0526315789473684,0.7884615384615384,0.0,1.4666666666666666,0.0,1.4,1.1666666666666667,1.3333333333333333,1.4705882352941178,0.4,1.4137931034482758
7050,0.7884615384615384,0.0,1.4666666666666666,0.0,1.4,1.1666666666666667,1.3333333333333333,1.4705882352941178,0.4,1.4137931034482758,2.076923076923077
7051,0.0,1.4666666666666666,0.0,1.4,1.1666666666666667,1.3333333333333333,1.4705882352941178,0.4,1.4137931034482758,2.076923076923077,1.542857142857143
7052,1.4666666666666666,0.0,1.4,1.1666666666666667,1.3333333333333333,1.4705882352941178,0.4,1.4137931034482758,2.076923076923077,1.542857142857143,0.3333333333333333
7053,0.0,1.4,1.1666666666666667,1.3333333333333333,1.4705882352941178,0.4,1.4137931034482758,2.076923076923077,1.542857142857143,0.3333333333333333,0.4
7054,1.4,1.1666666666666667,1.3333333333333333,1.4705882352941178,0.4,1.4137931034482758,2.076923076923077,1.542857142857143,0.3333333333333333,0.4,1.5294117647058822
7055,1.1666666666666667,1.3333333333333333,1.4705882352941178,0.4,1.4137931034482758,2.076923076923077,1.542857142857143,0.3333333333333333,0.4,1.5294117647058822,1.0
7056,1.3333333333333333,1.4705882352941178,0.4,1.4137931034482758,2.076923076923077,1.542857142857143,0.3333333333333333,0.4,1.5294117647058822,1.0,1.2758620689655173
7057,1.4705882352941178,0.4,1.4137931034482758,2.076923076923077,1.542857142857143,0.3333333333333333,0.4,1.5294117647058822,1.0,1.2758620689655173,1.2758620689655173
7058,0.4,1.4137931034482758,2.076923076923077,1.542857142857143,0.3333333333333333,0.4,1.5294117647058822,1.0,1.2758620689655173,1.2758620689655173,1.7
7059,1.4137931034482758,2.076923076923077,1.542857142857143,0.3333333333333333,0.4,1.5294117647058822,1.0,1.2758620689655173,1.2758620689655173,1.7,0.5
7060,2.076923076923077,1.542857142857143,0.3333333333333333,0.4,1.5294117647058822,1.0,1.2758620689655173,1.2758620689655173,1.7,0.5,2.1041666666666665
7061,1.542857142857143,0.3333333333333333,0.4,1.5294117647058822,1.0,1.2758620689655173,1.2758620689655173,1.7,0.5,2.1041666666666665,1.0
7062,0.3333333333333333,0.4,1.5294117647058822,1.0,1.2758620689655173,1.2758620689655173,1.7,0.5,2.1041666666666665,1.0,1.0
7063,0.4,1.5294117647058822,1.0,1.2758620689655173,1.2758620689655173,1.7,0.5,2.1041666666666665,1.0,1.0,1.0
7064,1.5294117647058822,1.0,1.2758620689655173,1.2758620689655173,1.7,0.5,2.1041666666666665,1.0,1.0,1.0,1.6
7065,1.0,1.2758620689655173,1.2758620689655173,1.7,0.5,2.1041666666666665,1.0,1.0,1.0,1.6,1.4
7066,1.2758620689655173,1.2758620689655173,1.7,0.5,2.1041666666666665,1.0,1.0,1.0,1.6,1.4,0.75
7067,1.2758620689655173,1.7,0.5,2.1041666666666665,1.0,1.0,1.0,1.6,1.4,0.75,0.2
7068,1.7,0.5,2.1041666666666665,1.0,1.0,1.0,1.6,1.4,0.75,0.2,0.8076923076923077
7069,3.0,1.0,0.0,0.0,0.5,2.6,2.5,2.3333333333333335,1.0,0.5,0.0
7070,1.0,0.0,0.0,0.5,2.6,2.5,2.3333333333333335,1.0,0.5,0.0,1.4
7071,0.0,0.0,0.5,2.6,2.5,2.3333333333333335,1.0,0.5,0.0,1.4,0.0
7072,0.0,0.5,2.6,2.5,2.3333333333333335,1.0,0.5,0.0,1.4,0.0,0.3333333333333333
7073,0.5,2.6,2.5,2.3333333333333335,1.0,0.5,0.0,1.4,0.0,0.3333333333333333,0.25
7074,0.0,1.5238095238095237,0.4,1.75,0.6363636363636364,0.5,0.8571428571428571,0.0,0.8333333333333334,1.5,1.5454545454545454
7075,1.5238095238095237,0.4,1.75,0.6363636363636364,0.5,0.8571428571428571,0.0,0.8333333333333334,1.5,1.5454545454545454,1.8235294117647058
7076,0.4,1.75,0.6363636363636364,0.5,0.8571428571428571,0.0,0.8333333333333334,1.5,1.5454545454545454,1.8235294117647058,1.1428571428571428
7077,1.75,0.6363636363636364,0.5,0.8571428571428571,0.0,0.8333333333333334,1.5,1.5454545454545454,1.8235294117647058,1.1428571428571428,1.3636363636363635
7078,0.6363636363636364,0.5,0.8571428571428571,0.0,0.8333333333333334,1.5,1.5454545454545454,1.8235294117647058,1.1428571428571428,1.3636363636363635,1.1666666666666667
7079,0.5,0.8571428571428571,0.0,0.8333333333333334,1.5,1.5454545454545454,1.8235294117647058,1.1428571428571428,1.3636363636363635,1.1666666666666667,0.0
7080,0.8571428571428571,0.0,0.8333333333333334,1.5,1.5454545454545454,1.8235294117647058,1.1428571428571428,1.3636363636363635,1.1666666666666667,0.0,1.1
7081,0.0,0.8333333333333334,1.5,1.5454545454545454,1.8235294117647058,1.1428571428571428,1.3636363636363635,1.1666666666666667,0.0,1.1,0.9
7082,0.8333333333333334,1.5,1.5454545454545454,1.8235294117647058,1.1428571428571428,1.3636363636363635,1.1666666666666667,0.0,1.1,0.9,1.4827586206896552
7083,1.5,1.5454545454545454,1.8235294117647058,1.1428571428571428,1.3636363636363635,1.1666666666666667,0.0,1.1,0.9,1.4827586206896552,1.0
7084,1.5454545454545454,1.8235294117647058,1.1428571428571428,1.3636363636363635,1.1666666666666667,0.0,1.1,0.9,1.4827586206896552,1.0,2.2222222222222223
7085,1.8235294117647058,1.1428571428571428,1.3636363636363635,1.1666666666666667,0.0,1.1,0.9,1.4827586206896552,1.0,2.2222222222222223,1.5
7086,1.1428571428571428,1.3636363636363635,1.1666666666666667,0.0,1.1,0.9,1.4827586206896552,1.0,2.2222222222222223,1.5,0.6923076923076923
7087,1.3636363636363635,1.1666666666666667,0.0,1.1,0.9,1.4827586206896552,1.0,2.2222222222222223,1.5,0.6923076923076923,1.2857142857142858
7088,1.1666666666666667,0.0,1.1,0.9,1.4827586206896552,1.0,2.2222222222222223,1.5,0.6923076923076923,1.2857142857142858,1.7
7089,0.0,1.1,0.9,1.4827586206896552,1.0,2.2222222222222223,1.5,0.6923076923076923,1.2857142857142858,1.7,0.16666666666666666
7090,1.1,0.9,1.4827586206896552,1.0,2.2222222222222223,1.5,0.6923076923076923,1.2857142857142858,1.7,0.16666666666666666,1.3035714285714286
7091,0.9,1.4827586206896552,1.0,2.2222222222222223,1.5,0.6923076923076923,1.2857142857142858,1.7,0.16666666666666666,1.3035714285714286,0.0
7092,1.4827586206896552,1.0,2.2222222222222223,1.5,0.6923076923076923,1.2857142857142858,1.7,0.16666666666666666,1.3035714285714286,0.0,1.5833333333333333
7093,0.8,0.0,1.0,1.0,1.0,0.5,1.0,3.3333333333333335,1.0,1.3333333333333333,1.0
7094,0.0,1.0,1.0,1.0,0.5,1.0,3.3333333333333335,1.0,1.3333333333333333,1.0,2.0
7095,1.0,1.0,1.0,0.5,1.0,3.3333333333333335,1.0,1.3333333333333333,1.0,2.0,1.0
7096,1.0,1.0,0.5,1.0,3.3333333333333335,1.0,1.3333333333333333,1.0,2.0,1.0,0.0
7097,1.0,0.5,1.0,3.3333333333333335,1.0,1.3333333333333333,1.0,2.0,1.0,0.0,2.0
7098,0.5,1.0,3.3333333333333335,1.0,1.3333333333333333,1.0,2.0,1.0,0.0,2.0,0.4
7099,1.0,3.3333333333333335,1.0,1.3333333333333333,1.0,2.0,1.0,0.0,2.0,0.4,0.2
7100,3.3333333333333335,1.0,1.3333333333333333,1.0,2.0,1.0,0.0,2.0,0.4,0.2,0.4
7101,1.0,1.3333333333333333,1.0,2.0,1.0,0.0,2.0,0.4,0.2,0.4,2.5
7102,0.42857142857142855,2.0,0.0,1.263157894736842,0.0,1.0,1.5,2.6363636363636362,0.5714285714285714,2.6666666666666665,2.3448275862068964
7103,2.0,0.0,1.263157894736842,0.0,1.0,1.5,2.6363636363636362,0.5714285714285714,2.6666666666666665,2.3448275862068964,1.7142857142857142
7104,0.0,1.263157894736842,0.0,1.0,1.5,2.6363636363636362,0.5714285714285714,2.6666666666666665,2.3448275862068964,1.7142857142857142,1.1818181818181819
7105,1.263157894736842,0.0,1.0,1.5,2.6363636363636362,0.5714285714285714,2.6666666666666665,2.3448275862068964,1.7142857142857142,1.1818181818181819,0.0
7106,0.0,1.0,1.5,2.6363636363636362,0.5714285714285714,2.6666666666666665,2.3448275862068964,1.7142857142857142,1.1818181818181819,0.0,1.3333333333333333
7107,1.0,1.5,2.6363636363636362,0.5714285714285714,2.6666666666666665,2.3448275862068964,1.7142857142857142,1.1818181818181819,0.0,1.3333333333333333,0.5
7108,1.5,2.6363636363636362,0.5714285714285714,2.6666666666666665,2.3448275862068964,1.7142857142857142,1.1818181818181819,0.0,1.3333333333333333,0.5,1.0
7109,2.6363636363636362,0.5714285714285714,2.6666666666666665,2.3448275862068964,1.7142857142857142,1.1818181818181819,0.0,1.3333333333333333,0.5,1.0,0.0
7110,0.5714285714285714,2.6666666666666665,2.3448275862068964,1.7142857142857142,1.1818181818181819,0.0,1.3333333333333333,0.5,1.0,0.0,0.0
7111,2.6666666666666665,2.3448275862068964,1.7142857142857142,1.1818181818181819,0.0,1.3333333333333333,0.5,1.0,0.0,0.0,1.1666666666666667
7112,2.3448275862068964,1.7142857142857142,1.1818181818181819,0.0,1.3333333333333333,0.5,1.0,0.0,0.0,1.1666666666666667,0.0
7113,1.7142857142857142,1.1818181818181819,0.0,1.3333333333333333,0.5,1.0,0.0,0.0,1.1666666666666667,0.0,2.0
7114,1.1818181818181819,0.0,1.3333333333333333,0.5,1.0,0.0,0.0,1.1666666666666667,0.0,2.0,1.8888888888888888
7115,0.0,1.3333333333333333,0.5,1.0,0.0,0.0,1.1666666666666667,0.0,2.0,1.8888888888888888,1.4285714285714286
7116,1.3333333333333333,0.5,1.0,0.0,0.0,1.1666666666666667,0.0,2.0,1.8888888888888888,1.4285714285714286,0.5
7117,0.5,1.0,0.0,0.0,1.1666666666666667,0.0,2.0,1.8888888888888888,1.4285714285714286,0.5,0.75
7118,1.0,0.0,0.0,1.1666666666666667,0.0,2.0,1.8888888888888888,1.4285714285714286,0.5,0.75,0.8
7119,0.0,0.0,1.1666666666666667,0.0,2.0,1.8888888888888888,1.4285714285714286,0.5,0.75,0.8,3.0
7120,0.0,1.1666666666666667,0.0,2.0,1.8888888888888888,1.4285714285714286,0.5,0.75,0.8,3.0,2.4
7121,1.1666666666666667,0.0,2.0,1.8888888888888888,1.4285714285714286,0.5,0.75,0.8,3.0,2.4,1.0
7122,0.0,2.0,1.8888888888888888,1.4285714285714286,0.5,0.75,0.8,3.0,2.4,1.0,0.55
7123,2.0,1.8888888888888888,1.4285714285714286,0.5,0.75,0.8,3.0,2.4,1.0,0.55,1.0
7124,1.5,2.0,0.0,0.3333333333333333,1.0,1.1666666666666667,0.5,1.3333333333333333,1.0,1.3333333333333333,0.6
7125,2.0,0.0,0.3333333333333333,1.0,1.1666666666666667,0.5,1.3333333333333333,1.0,1.3333333333333333,0.6,0.6666666666666666
7126,0.0,0.3333333333333333,1.0,1.1666666666666667,0.5,1.3333333333333333,1.0,1.3333333333333333,0.6,0.6666666666666666,0.0
7127,0.3333333333333333,1.0,1.1666666666666667,0.5,1.3333333333333333,1.0,1.3333333333333333,0.6,0.6666666666666666,0.0,0.5
7128,1.0,1.1666666666666667,0.5,1.3333333333333333,1.0,1.3333333333333333,0.6,0.6666666666666666,0.0,0.5,0.0
7129,1.1666666666666667,0.5,1.3333333333333333,1.0,1.3333333333333333,0.6,0.6666666666666666,0.0,0.5,0.0,1.875
7130,0.5,1.3333333333333333,1.0,1.3333333333333333,0.6,0.6666666666666666,0.0,0.5,0.0,1.875,0.3333333333333333
7131,1.3333333333333333,1.0,1.3333333333333333,0.6,0.6666666666666666,0.0,0.5,0.0,1.875,0.3333333333333333,0.5
7132,1.0,1.3333333333333333,0.6,0.6666666666666666,0.0,0.5,0.0,1.875,0.3333333333333333,0.5,1.25
7133,1.3333333333333333,0.6,0.6666666666666666,0.0,0.5,0.0,1.875,0.3333333333333333,0.5,1.25,0.9285714285714286
7134,0.6,0.6666666666666666,0.0,0.5,0.0,1.875,0.3333333333333333,0.5,1.25,0.9285714285714286,2.0
7135,0.6666666666666666,0.0,0.5,0.0,1.875,0.3333333333333333,0.5,1.25,0.9285714285714286,2.0,0.5
7136,0.0,0.5,0.0,1.875,0.3333333333333333,0.5,1.25,0.9285714285714286,2.0,0.5,0.0
7137,0.5,0.0,1.875,0.3333333333333333,0.5,1.25,0.9285714285714286,2.0,0.5,0.0,3.0
7138,0.0,1.875,0.3333333333333333,0.5,1.25,0.9285714285714286,2.0,0.5,0.0,3.0,0.0
7139,1.875,0.3333333333333333,0.5,1.25,0.9285714285714286,2.0,0.5,0.0,3.0,0.0,0.3333333333333333
7140,0.875,3.5,1.2580645161290323,1.1,1.375,1.125,1.2,1.7333333333333334,1.0434782608695652,1.1333333333333333,0.25
7141,3.5,1.2580645161290323,1.1,1.375,1.125,1.2,1.7333333333333334,1.0434782608695652,1.1333333333333333,0.25,1.6111111111111112
7142,1.2580645161290323,1.1,1.375,1.125,1.2,1.7333333333333334,1.0434782608695652,1.1333333333333333,0.25,1.6111111111111112,0.8571428571428571
7143,1.1,1.375,1.125,1.2,1.7333333333333334,1.0434782608695652,1.1333333333333333,0.25,1.6111111111111112,0.8571428571428571,0.45454545454545453
7144,1.375,1.125,1.2,1.7333333333333334,1.0434782608695652,1.1333333333333333,0.25,1.6111111111111112,0.8571428571428571,0.45454545454545453,1.5
7145,1.125,1.2,1.7333333333333334,1.0434782608695652,1.1333333333333333,0.25,1.6111111111111112,0.8571428571428571,0.45454545454545453,1.5,1.2222222222222223
7146,1.2,1.7333333333333334,1.0434782608695652,1.1333333333333333,0.25,1.6111111111111112,0.8571428571428571,0.45454545454545453,1.5,1.2222222222222223,1.6470588235294117
7147,1.7333333333333334,1.0434782608695652,1.1333333333333333,0.25,1.6111111111111112,0.8571428571428571,0.45454545454545453,1.5,1.2222222222222223,1.6470588235294117,0.6666666666666666
7148,1.0434782608695652,1.1333333333333333,0.25,1.6111111111111112,0.8571428571428571,0.45454545454545453,1.5,1.2222222222222223,1.6470588235294117,0.6666666666666666,1.46
7149,1.1333333333333333,0.25,1.6111111111111112,0.8571428571428571,0.45454545454545453,1.5,1.2222222222222223,1.6470588235294117,0.6666666666666666,1.46,1.4761904761904763
7150,0.25,1.6111111111111112,0.8571428571428571,0.45454545454545453,1.5,1.2222222222222223,1.6470588235294117,0.6666666666666666,1.46,1.4761904761904763,1.6666666666666667
7151,1.6111111111111112,0.8571428571428571,0.45454545454545453,1.5,1.2222222222222223,1.6470588235294117,0.6666666666666666,1.46,1.4761904761904763,1.6666666666666667,1.3636363636363635
7152,0.8571428571428571,0.45454545454545453,1.5,1.2222222222222223,1.6470588235294117,0.6666666666666666,1.46,1.4761904761904763,1.6666666666666667,1.3636363636363635,1.48
7153,0.45454545454545453,1.5,1.2222222222222223,1.6470588235294117,0.6666666666666666,1.46,1.4761904761904763,1.6666666666666667,1.3636363636363635,1.48,1.3571428571428572
7154,1.5,1.2222222222222223,1.6470588235294117,0.6666666666666666,1.46,1.4761904761904763,1.6666666666666667,1.3636363636363635,1.48,1.3571428571428572,1.4444444444444444
7155,1.2222222222222223,1.6470588235294117,0.6666666666666666,1.46,1.4761904761904763,1.6666666666666667,1.3636363636363635,1.48,1.3571428571428572,1.4444444444444444,1.6153846153846154
7156,1.6470588235294117,0.6666666666666666,1.46,1.4761904761904763,1.6666666666666667,1.3636363636363635,1.48,1.3571428571428572,1.4444444444444444,1.6153846153846154,0.0
7157,0.6666666666666666,1.46,1.4761904761904763,1.6666666666666667,1.3636363636363635,1.48,1.3571428571428572,1.4444444444444444,1.6153846153846154,0.0,1.8333333333333333
7158,1.46,1.4761904761904763,1.6666666666666667,1.3636363636363635,1.48,1.3571428571428572,1.4444444444444444,1.6153846153846154,0.0,1.8333333333333333,1.2
7159,1.4761904761904763,1.6666666666666667,1.3636363636363635,1.48,1.3571428571428572,1.4444444444444444,1.6153846153846154,0.0,1.8333333333333333,1.2,0.6
7160,1.6666666666666667,1.3636363636363635,1.48,1.3571428571428572,1.4444444444444444,1.6153846153846154,0.0,1.8333333333333333,1.2,0.6,0.6428571428571429
7161,1.3636363636363635,1.48,1.3571428571428572,1.4444444444444444,1.6153846153846154,0.0,1.8333333333333333,1.2,0.6,0.6428571428571429,2.4615384615384617
7162,1.48,1.3571428571428572,1.4444444444444444,1.6153846153846154,0.0,1.8333333333333333,1.2,0.6,0.6428571428571429,2.4615384615384617,1.6153846153846154
7163,1.3571428571428572,1.4444444444444444,1.6153846153846154,0.0,1.8333333333333333,1.2,0.6,0.6428571428571429,2.4615384615384617,1.6153846153846154,1.0
7164,1.4444444444444444,1.6153846153846154,0.0,1.8333333333333333,1.2,0.6,0.6428571428571429,2.4615384615384617,1.6153846153846154,1.0,1.0833333333333333
7165,1.6153846153846154,0.0,1.8333333333333333,1.2,0.6,0.6428571428571429,2.4615384615384617,1.6153846153846154,1.0,1.0833333333333333,1.9
7166,0.0,1.8333333333333333,1.2,0.6,0.6428571428571429,2.4615384615384617,1.6153846153846154,1.0,1.0833333333333333,1.9,0.5
7167,1.8333333333333333,1.2,0.6,0.6428571428571429,2.4615384615384617,1.6153846153846154,1.0,1.0833333333333333,1.9,0.5,1.4
7168,1.2,0.6,0.6428571428571429,2.4615384615384617,1.6153846153846154,1.0,1.0833333333333333,1.9,0.5,1.4,1.6071428571428572
7169,0.6,0.6428571428571429,2.4615384615384617,1.6153846153846154,1.0,1.0833333333333333,1.9,0.5,1.4,1.6071428571428572,0.3333333333333333
7170,0.6428571428571429,2.4615384615384617,1.6153846153846154,1.0,1.0833333333333333,1.9,0.5,1.4,1.6071428571428572,0.3333333333333333,0.8461538461538461
7171,2.4615384615384617,1.6153846153846154,1.0,1.0833333333333333,1.9,0.5,1.4,1.6071428571428572,0.3333333333333333,0.8461538461538461,1.6590909090909092
7172,1.6153846153846154,1.0,1.0833333333333333,1.9,0.5,1.4,1.6071428571428572,0.3333333333333333,0.8461538461538461,1.6590909090909092,1.2
7173,1.0,1.0833333333333333,1.9,0.5,1.4,1.6071428571428572,0.3333333333333333,0.8461538461538461,1.6590909090909092,1.2,0.5333333333333333
7174,1.0833333333333333,1.9,0.5,1.4,1.6071428571428572,0.3333333333333333,0.8461538461538461,1.6590909090909092,1.2,0.5333333333333333,1.7894736842105263
7175,1.9,0.5,1.4,1.6071428571428572,0.3333333333333333,0.8461538461538461,1.6590909090909092,1.2,0.5333333333333333,1.7894736842105263,0.4
7176,0.5,1.4,1.6071428571428572,0.3333333333333333,0.8461538461538461,1.6590909090909092,1.2,0.5333333333333333,1.7894736842105263,0.4,0.0
7177,1.4,1.6071428571428572,0.3333333333333333,0.8461538461538461,1.6590909090909092,1.2,0.5333333333333333,1.7894736842105263,0.4,0.0,1.1111111111111112
7178,1.6071428571428572,0.3333333333333333,0.8461538461538461,1.6590909090909092,1.2,0.5333333333333333,1.7894736842105263,0.4,0.0,1.1111111111111112,1.8125
7179,0.3333333333333333,0.8461538461538461,1.6590909090909092,1.2,0.5333333333333333,1.7894736842105263,0.4,0.0,1.1111111111111112,1.8125,1.8125
7180,0.8461538461538461,1.6590909090909092,1.2,0.5333333333333333,1.7894736842105263,0.4,0.0,1.1111111111111112,1.8125,1.8125,0.5909090909090909
7181,1.6590909090909092,1.2,0.5333333333333333,1.7894736842105263,0.4,0.0,1.1111111111111112,1.8125,1.8125,0.5909090909090909,1.6363636363636365
7182,1.2,0.5333333333333333,1.7894736842105263,0.4,0.0,1.1111111111111112,1.8125,1.8125,0.5909090909090909,1.6363636363636365,0.6
7183,0.5333333333333333,1.7894736842105263,0.4,0.0,1.1111111111111112,1.8125,1.8125,0.5909090909090909,1.6363636363636365,0.6,1.53125
7184,1.7894736842105263,0.4,0.0,1.1111111111111112,1.8125,1.8125,0.5909090909090909,1.6363636363636365,0.6,1.53125,1.0
7185,0.4,0.0,1.1111111111111112,1.8125,1.8125,0.5909090909090909,1.6363636363636365,0.6,1.53125,1.0,0.9473684210526315
7186,0.0,1.1111111111111112,1.8125,1.8125,0.5909090909090909,1.6363636363636365,0.6,1.53125,1.0,0.9473684210526315,0.85
7187,1.1111111111111112,1.8125,1.8125,0.5909090909090909,1.6363636363636365,0.6,1.53125,1.0,0.9473684210526315,0.85,1.1875
7188,1.8125,1.8125,0.5909090909090909,1.6363636363636365,0.6,1.53125,1.0,0.9473684210526315,0.85,1.1875,0.9
7189,1.8125,0.5909090909090909,1.6363636363636365,0.6,1.53125,1.0,0.9473684210526315,0.85,1.1875,0.9,1.6857142857142857
7190,0.5909090909090909,1.6363636363636365,0.6,1.53125,1.0,0.9473684210526315,0.85,1.1875,0.9,1.6857142857142857,0.8666666666666667
7191,1.6363636363636365,0.6,1.53125,1.0,0.9473684210526315,0.85,1.1875,0.9,1.6857142857142857,0.8666666666666667,0.7142857142857143
7192,0.6,1.53125,1.0,0.9473684210526315,0.85,1.1875,0.9,1.6857142857142857,0.8666666666666667,0.7142857142857143,1.25
7193,1.53125,1.0,0.9473684210526315,0.85,1.1875,0.9,1.6857142857142857,0.8666666666666667,0.7142857142857143,1.25,0.4
7194,1.0,0.9473684210526315,0.85,1.1875,0.9,1.6857142857142857,0.8666666666666667,0.7142857142857143,1.25,0.4,2.8
7195,0.9473684210526315,0.85,1.1875,0.9,1.6857142857142857,0.8666666666666667,0.7142857142857143,1.25,0.4,2.8,1.1538461538461537
7196,0.85,1.1875,0.9,1.6857142857142857,0.8666666666666667,0.7142857142857143,1.25,0.4,2.8,1.1538461538461537,1.4090909090909092
7197,1.1875,0.9,1.6857142857142857,0.8666666666666667,0.7142857142857143,1.25,0.4,2.8,1.1538461538461537,1.4090909090909092,1.0416666666666667
7198,0.9,1.6857142857142857,0.8666666666666667,0.7142857142857143,1.25,0.4,2.8,1.1538461538461537,1.4090909090909092,1.0416666666666667,0.0
7199,1.6857142857142857,0.8666666666666667,0.7142857142857143,1.25,0.4,2.8,1.1538461538461537,1.4090909090909092,1.0416666666666667,0.0,1.5555555555555556
7200,0.8666666666666667,0.7142857142857143,1.25,0.4,2.8,1.1538461538461537,1.4090909090909092,1.0416666666666667,0.0,1.5555555555555556,1.8076923076923077
7201,0.7142857142857143,1.25,0.4,2.8,1.1538461538461537,1.4090909090909092,1.0416666666666667,0.0,1.5555555555555556,1.8076923076923077,1.4545454545454546
7202,1.25,0.4,2.8,1.1538461538461537,1.4090909090909092,1.0416666666666667,0.0,1.5555555555555556,1.8076923076923077,1.4545454545454546,1.4736842105263157
7203,0.4,2.8,1.1538461538461537,1.4090909090909092,1.0416666666666667,0.0,1.5555555555555556,1.8076923076923077,1.4545454545454546,1.4736842105263157,1.0
7204,2.8,1.1538461538461537,1.4090909090909092,1.0416666666666667,0.0,1.5555555555555556,1.8076923076923077,1.4545454545454546,1.4736842105263157,1.0,1.2666666666666666
7205,1.1538461538461537,1.4090909090909092,1.0416666666666667,0.0,1.5555555555555556,1.8076923076923077,1.4545454545454546,1.4736842105263157,1.0,1.2666666666666666,1.5357142857142858
7206,1.4090909090909092,1.0416666666666667,0.0,1.5555555555555556,1.8076923076923077,1.4545454545454546,1.4736842105263157,1.0,1.2666666666666666,1.5357142857142858,2.0
7207,1.0416666666666667,0.0,1.5555555555555556,1.8076923076923077,1.4545454545454546,1.4736842105263157,1.0,1.2666666666666666,1.5357142857142858,2.0,1.8095238095238095
7208,0.0,1.5555555555555556,1.8076923076923077,1.4545454545454546,1.4736842105263157,1.0,1.2666666666666666,1.5357142857142858,2.0,1.8095238095238095,1.0625
7209,1.5555555555555556,1.8076923076923077,1.4545454545454546,1.4736842105263157,1.0,1.2666666666666666,1.5357142857142858,2.0,1.8095238095238095,1.0625,1.3529411764705883
7210,1.8076923076923077,1.4545454545454546,1.4736842105263157,1.0,1.2666666666666666,1.5357142857142858,2.0,1.8095238095238095,1.0625,1.3529411764705883,0.625
7211,1.4545454545454546,1.4736842105263157,1.0,1.2666666666666666,1.5357142857142858,2.0,1.8095238095238095,1.0625,1.3529411764705883,0.625,1.9444444444444444
7212,1.4736842105263157,1.0,1.2666666666666666,1.5357142857142858,2.0,1.8095238095238095,1.0625,1.3529411764705883,0.625,1.9444444444444444,0.6
7213,1.0,1.2666666666666666,1.5357142857142858,2.0,1.8095238095238095,1.0625,1.3529411764705883,0.625,1.9444444444444444,0.6,1.8518518518518519
7214,1.2666666666666666,1.5357142857142858,2.0,1.8095238095238095,1.0625,1.3529411764705883,0.625,1.9444444444444444,0.6,1.8518518518518519,1.3571428571428572
7215,1.5357142857142858,2.0,1.8095238095238095,1.0625,1.3529411764705883,0.625,1.9444444444444444,0.6,1.8518518518518519,1.3571428571428572,0.6
7216,2.0,1.8095238095238095,1.0625,1.3529411764705883,0.625,1.9444444444444444,0.6,1.8518518518518519,1.3571428571428572,0.6,1.05
7217,1.8095238095238095,1.0625,1.3529411764705883,0.625,1.9444444444444444,0.6,1.8518518518518519,1.3571428571428572,0.6,1.05,1.0555555555555556
7218,1.0625,1.3529411764705883,0.625,1.9444444444444444,0.6,1.8518518518518519,1.3571428571428572,0.6,1.05,1.0555555555555556,1.0
7219,1.3529411764705883,0.625,1.9444444444444444,0.6,1.8518518518518519,1.3571428571428572,0.6,1.05,1.0555555555555556,1.0,1.9375
7220,0.625,1.9444444444444444,0.6,1.8518518518518519,1.3571428571428572,0.6,1.05,1.0555555555555556,1.0,1.9375,0.9024390243902439
7221,1.9444444444444444,0.6,1.8518518518518519,1.3571428571428572,0.6,1.05,1.0555555555555556,1.0,1.9375,0.9024390243902439,1.25
7222,0.6,1.8518518518518519,1.3571428571428572,0.6,1.05,1.0555555555555556,1.0,1.9375,0.9024390243902439,1.25,1.3142857142857143
7223,1.8518518518518519,1.3571428571428572,0.6,1.05,1.0555555555555556,1.0,1.9375,0.9024390243902439,1.25,1.3142857142857143,0.7777777777777778
7224,1.3571428571428572,0.6,1.05,1.0555555555555556,1.0,1.9375,0.9024390243902439,1.25,1.3142857142857143,0.7777777777777778,1.4285714285714286
7225,0.6,1.05,1.0555555555555556,1.0,1.9375,0.9024390243902439,1.25,1.3142857142857143,0.7777777777777778,1.4285714285714286,1.5555555555555556
7226,1.05,1.0555555555555556,1.0,1.9375,0.9024390243902439,1.25,1.3142857142857143,0.7777777777777778,1.4285714285714286,1.5555555555555556,1.3877551020408163
7227,1.0555555555555556,1.0,1.9375,0.9024390243902439,1.25,1.3142857142857143,0.7777777777777778,1.4285714285714286,1.5555555555555556,1.3877551020408163,1.0
7228,1.0,1.9375,0.9024390243902439,1.25,1.3142857142857143,0.7777777777777778,1.4285714285714286,1.5555555555555556,1.3877551020408163,1.0,1.1612903225806452
7229,1.9375,0.9024390243902439,1.25,1.3142857142857143,0.7777777777777778,1.4285714285714286,1.5555555555555556,1.3877551020408163,1.0,1.1612903225806452,1.3333333333333333
7230,0.9024390243902439,1.25,1.3142857142857143,0.7777777777777778,1.4285714285714286,1.5555555555555556,1.3877551020408163,1.0,1.1612903225806452,1.3333333333333333,1.1458333333333333
7231,1.25,1.3142857142857143,0.7777777777777778,1.4285714285714286,1.5555555555555556,1.3877551020408163,1.0,1.1612903225806452,1.3333333333333333,1.1458333333333333,1.509433962264151
7232,1.3142857142857143,0.7777777777777778,1.4285714285714286,1.5555555555555556,1.3877551020408163,1.0,1.1612903225806452,1.3333333333333333,1.1458333333333333,1.509433962264151,0.9722222222222222
7233,0.7777777777777778,1.4285714285714286,1.5555555555555556,1.3877551020408163,1.0,1.1612903225806452,1.3333333333333333,1.1458333333333333,1.509433962264151,0.9722222222222222,1.34375
7234,1.4285714285714286,1.5555555555555556,1.3877551020408163,1.0,1.1612903225806452,1.3333333333333333,1.1458333333333333,1.509433962264151,0.9722222222222222,1.34375,0.25
7235,1.5555555555555556,1.3877551020408163,1.0,1.1612903225806452,1.3333333333333333,1.1458333333333333,1.509433962264151,0.9722222222222222,1.34375,0.25,0.3333333333333333
7236,1.3877551020408163,1.0,1.1612903225806452,1.3333333333333333,1.1458333333333333,1.509433962264151,0.9722222222222222,1.34375,0.25,0.3333333333333333,1.6666666666666667
7237,1.0,1.1612903225806452,1.3333333333333333,1.1458333333333333,1.509433962264151,0.9722222222222222,1.34375,0.25,0.3333333333333333,1.6666666666666667,1.1
7238,1.1612903225806452,1.3333333333333333,1.1458333333333333,1.509433962264151,0.9722222222222222,1.34375,0.25,0.3333333333333333,1.6666666666666667,1.1,0.2
7239,1.3333333333333333,1.1458333333333333,1.509433962264151,0.9722222222222222,1.34375,0.25,0.3333333333333333,1.6666666666666667,1.1,0.2,2.3333333333333335
7240,1.1458333333333333,1.509433962264151,0.9722222222222222,1.34375,0.25,0.3333333333333333,1.6666666666666667,1.1,0.2,2.3333333333333335,1.5076923076923077
7241,1.509433962264151,0.9722222222222222,1.34375,0.25,0.3333333333333333,1.6666666666666667,1.1,0.2,2.3333333333333335,1.5076923076923077,0.0
7242,0.9722222222222222,1.34375,0.25,0.3333333333333333,1.6666666666666667,1.1,0.2,2.3333333333333335,1.5076923076923077,0.0,0.0
7243,1.34375,0.25,0.3333333333333333,1.6666666666666667,1.1,0.2,2.3333333333333335,1.5076923076923077,0.0,0.0,1.7647058823529411
7244,0.25,0.3333333333333333,1.6666666666666667,1.1,0.2,2.3333333333333335,1.5076923076923077,0.0,0.0,1.7647058823529411,0.38461538461538464
7245,0.3333333333333333,1.6666666666666667,1.1,0.2,2.3333333333333335,1.5076923076923077,0.0,0.0,1.7647058823529411,0.38461538461538464,0.6
7246,1.6666666666666667,1.1,0.2,2.3333333333333335,1.5076923076923077,0.0,0.0,1.7647058823529411,0.38461538461538464,0.6,0.7142857142857143
7247,1.1,0.2,2.3333333333333335,1.5076923076923077,0.0,0.0,1.7647058823529411,0.38461538461538464,0.6,0.7142857142857143,0.8
7248,0.2,2.3333333333333335,1.5076923076923077,0.0,0.0,1.7647058823529411,0.38461538461538464,0.6,0.7142857142857143,0.8,1.3333333333333333
7249,2.3333333333333335,1.5076923076923077,0.0,0.0,1.7647058823529411,0.38461538461538464,0.6,0.7142857142857143,0.8,1.3333333333333333,1.5555555555555556
7250,1.5076923076923077,0.0,0.0,1.7647058823529411,0.38461538461538464,0.6,0.7142857142857143,0.8,1.3333333333333333,1.5555555555555556,1.5135135135135136
7251,0.0,0.0,1.7647058823529411,0.38461538461538464,0.6,0.7142857142857143,0.8,1.3333333333333333,1.5555555555555556,1.5135135135135136,0.2857142857142857
7252,0.0,1.7647058823529411,0.38461538461538464,0.6,0.7142857142857143,0.8,1.3333333333333333,1.5555555555555556,1.5135135135135136,0.2857142857142857,1.5555555555555556
7253,1.7647058823529411,0.38461538461538464,0.6,0.7142857142857143,0.8,1.3333333333333333,1.5555555555555556,1.5135135135135136,0.2857142857142857,1.5555555555555556,0.25
7254,0.38461538461538464,0.6,0.7142857142857143,0.8,1.3333333333333333,1.5555555555555556,1.5135135135135136,0.2857142857142857,1.5555555555555556,0.25,1.2857142857142858
7255,0.6,0.7142857142857143,0.8,1.3333333333333333,1.5555555555555556,1.5135135135135136,0.2857142857142857,1.5555555555555556,0.25,1.2857142857142858,1.4
7256,0.7142857142857143,0.8,1.3333333333333333,1.5555555555555556,1.5135135135135136,0.2857142857142857,1.5555555555555556,0.25,1.2857142857142858,1.4,1.4166666666666667
7257,0.8,1.3333333333333333,1.5555555555555556,1.5135135135135136,0.2857142857142857,1.5555555555555556,0.25,1.2857142857142858,1.4,1.4166666666666667,0.42857142857142855
7258,1.3333333333333333,1.5555555555555556,1.5135135135135136,0.2857142857142857,1.5555555555555556,0.25,1.2857142857142858,1.4,1.4166666666666667,0.42857142857142855,1.4871794871794872
7259,1.5555555555555556,1.5135135135135136,0.2857142857142857,1.5555555555555556,0.25,1.2857142857142858,1.4,1.4166666666666667,0.42857142857142855,1.4871794871794872,0.5
7260,1.5135135135135136,0.2857142857142857,1.5555555555555556,0.25,1.2857142857142858,1.4,1.4166666666666667,0.42857142857142855,1.4871794871794872,0.5,1.0909090909090908
7261,0.2857142857142857,1.5555555555555556,0.25,1.2857142857142858,1.4,1.4166666666666667,0.42857142857142855,1.4871794871794872,0.5,1.0909090909090908,0.0
7262,1.5555555555555556,0.25,1.2857142857142858,1.4,1.4166666666666667,0.42857142857142855,1.4871794871794872,0.5,1.0909090909090908,0.0,0.0
7263,0.25,1.2857142857142858,1.4,1.4166666666666667,0.42857142857142855,1.4871794871794872,0.5,1.0909090909090908,0.0,0.0,1.46875
7264,1.2857142857142858,1.4,1.4166666666666667,0.42857142857142855,1.4871794871794872,0.5,1.0909090909090908,0.0,0.0,1.46875,0.4166666666666667
7265,1.4,1.4166666666666667,0.42857142857142855,1.4871794871794872,0.5,1.0909090909090908,0.0,0.0,1.46875,0.4166666666666667,0.0
7266,1.4166666666666667,0.42857142857142855,1.4871794871794872,0.5,1.0909090909090908,0.0,0.0,1.46875,0.4166666666666667,0.0,1.3333333333333333
7267,0.42857142857142855,1.4871794871794872,0.5,1.0909090909090908,0.0,0.0,1.46875,0.4166666666666667,0.0,1.3333333333333333,1.6153846153846154
7268,1.4871794871794872,0.5,1.0909090909090908,0.0,0.0,1.46875,0.4166666666666667,0.0,1.3333333333333333,1.6153846153846154,0.0
7269,0.5,1.0909090909090908,0.0,0.0,1.46875,0.4166666666666667,0.0,1.3333333333333333,1.6153846153846154,0.0,0.5333333333333333
7270,1.0909090909090908,0.0,0.0,1.46875,0.4166666666666667,0.0,1.3333333333333333,1.6153846153846154,0.0,0.5333333333333333,0.4
7271,0.0,0.0,1.46875,0.4166666666666667,0.0,1.3333333333333333,1.6153846153846154,0.0,0.5333333333333333,0.4,1.35
7272,0.0,1.46875,0.4166666666666667,0.0,1.3333333333333333,1.6153846153846154,0.0,0.5333333333333333,0.4,1.35,1.2195121951219512
7273,1.46875,0.4166666666666667,0.0,1.3333333333333333,1.6153846153846154,0.0,0.5333333333333333,0.4,1.35,1.2195121951219512,0.8
7274,0.4166666666666667,0.0,1.3333333333333333,1.6153846153846154,0.0,0.5333333333333333,0.4,1.35,1.2195121951219512,0.8,1.1470588235294117
7275,0.0,1.3333333333333333,1.6153846153846154,0.0,0.5333333333333333,0.4,1.35,1.2195121951219512,0.8,1.1470588235294117,1.0
7276,1.3333333333333333,1.6153846153846154,0.0,0.5333333333333333,0.4,1.35,1.2195121951219512,0.8,1.1470588235294117,1.0,1.1333333333333333
7277,1.6153846153846154,0.0,0.5333333333333333,0.4,1.35,1.2195121951219512,0.8,1.1470588235294117,1.0,1.1333333333333333,1.4285714285714286
7278,0.0,0.5333333333333333,0.4,1.35,1.2195121951219512,0.8,1.1470588235294117,1.0,1.1333333333333333,1.4285714285714286,1.4545454545454546
7279,0.5333333333333333,0.4,1.35,1.2195121951219512,0.8,1.1470588235294117,1.0,1.1333333333333333,1.4285714285714286,1.4545454545454546,1.25
7280,0.4,1.35,1.2195121951219512,0.8,1.1470588235294117,1.0,1.1333333333333333,1.4285714285714286,1.4545454545454546,1.25,0.5555555555555556
7281,1.35,1.2195121951219512,0.8,1.1470588235294117,1.0,1.1333333333333333,1.4285714285714286,1.4545454545454546,1.25,0.5555555555555556,0.9
7282,1.2195121951219512,0.8,1.1470588235294117,1.0,1.1333333333333333,1.4285714285714286,1.4545454545454546,1.25,0.5555555555555556,0.9,1.3
7283,0.8,1.1470588235294117,1.0,1.1333333333333333,1.4285714285714286,1.4545454545454546,1.25,0.5555555555555556,0.9,1.3,0.0
7284,1.1470588235294117,1.0,1.1333333333333333,1.4285714285714286,1.4545454545454546,1.25,0.5555555555555556,0.9,1.3,0.0,0.7142857142857143
7285,1.0,1.1333333333333333,1.4285714285714286,1.4545454545454546,1.25,0.5555555555555556,0.9,1.3,0.0,0.7142857142857143,1.6
7286,1.1333333333333333,1.4285714285714286,1.4545454545454546,1.25,0.5555555555555556,0.9,1.3,0.0,0.7142857142857143,1.6,1.0769230769230769
7287,1.4285714285714286,1.4545454545454546,1.25,0.5555555555555556,0.9,1.3,0.0,0.7142857142857143,1.6,1.0769230769230769,0.7
7288,1.4545454545454546,1.25,0.5555555555555556,0.9,1.3,0.0,0.7142857142857143,1.6,1.0769230769230769,0.7,1.28125
7289,1.25,0.5555555555555556,0.9,1.3,0.0,0.7142857142857143,1.6,1.0769230769230769,0.7,1.28125,0.15384615384615385
7290,0.5555555555555556,0.9,1.3,0.0,0.7142857142857143,1.6,1.0769230769230769,0.7,1.28125,0.15384615384615385,0.8
7291,0.9,1.3,0.0,0.7142857142857143,1.6,1.0769230769230769,0.7,1.28125,0.15384615384615385,0.8,1.0833333333333333
7292,1.3,0.0,0.7142857142857143,1.6,1.0769230769230769,0.7,1.28125,0.15384615384615385,0.8,1.0833333333333333,1.5217391304347827
7293,0.0,0.7142857142857143,1.6,1.0769230769230769,0.7,1.28125,0.15384615384615385,0.8,1.0833333333333333,1.5217391304347827,1.2608695652173914
7294,0.7142857142857143,1.6,1.0769230769230769,0.7,1.28125,0.15384615384615385,0.8,1.0833333333333333,1.5217391304347827,1.2608695652173914,1.1111111111111112
7295,1.6,1.0769230769230769,0.7,1.28125,0.15384615384615385,0.8,1.0833333333333333,1.5217391304347827,1.2608695652173914,1.1111111111111112,0.0
7296,1.0769230769230769,0.7,1.28125,0.15384615384615385,0.8,1.0833333333333333,1.5217391304347827,1.2608695652173914,1.1111111111111112,0.0,0.16666666666666666
7297,0.7,1.28125,0.15384615384615385,0.8,1.0833333333333333,1.5217391304347827,1.2608695652173914,1.1111111111111112,0.0,0.16666666666666666,1.0740740740740742
7298,1.28125,0.15384615384615385,0.8,1.0833333333333333,1.5217391304347827,1.2608695652173914,1.1111111111111112,0.0,0.16666666666666666,1.0740740740740742,0.4
7299,0.15384615384615385,0.8,1.0833333333333333,1.5217391304347827,1.2608695652173914,1.1111111111111112,0.0,0.16666666666666666,1.0740740740740742,0.4,1.6666666666666667
7300,0.8,1.0833333333333333,1.5217391304347827,1.2608695652173914,1.1111111111111112,0.0,0.16666666666666666,1.0740740740740742,0.4,1.6666666666666667,0.6
7301,1.0833333333333333,1.5217391304347827,1.2608695652173914,1.1111111111111112,0.0,0.16666666666666666,1.0740740740740742,0.4,1.6666666666666667,0.6,1.3043478260869565
7302,1.5217391304347827,1.2608695652173914,1.1111111111111112,0.0,0.16666666666666666,1.0740740740740742,0.4,1.6666666666666667,0.6,1.3043478260869565,0.0
7303,1.2608695652173914,1.1111111111111112,0.0,0.16666666666666666,1.0740740740740742,0.4,1.6666666666666667,0.6,1.3043478260869565,0.0,0.8571428571428571
7304,1.1111111111111112,0.0,0.16666666666666666,1.0740740740740742,0.4,1.6666666666666667,0.6,1.3043478260869565,0.0,0.8571428571428571,0.7368421052631579
7305,0.0,0.16666666666666666,1.0740740740740742,0.4,1.6666666666666667,0.6,1.3043478260869565,0.0,0.8571428571428571,0.7368421052631579,1.0
7306,0.16666666666666666,1.0740740740740742,0.4,1.6666666666666667,0.6,1.3043478260869565,0.0,0.8571428571428571,0.7368421052631579,1.0,1.697674418604651
7307,1.0740740740740742,0.4,1.6666666666666667,0.6,1.3043478260869565,0.0,0.8571428571428571,0.7368421052631579,1.0,1.697674418604651,1.2142857142857142
7308,0.4,1.6666666666666667,0.6,1.3043478260869565,0.0,0.8571428571428571,0.7368421052631579,1.0,1.697674418604651,1.2142857142857142,1.0
7309,1.6666666666666667,0.6,1.3043478260869565,0.0,0.8571428571428571,0.7368421052631579,1.0,1.697674418604651,1.2142857142857142,1.0,1.3
7310,0.6,1.3043478260869565,0.0,0.8571428571428571,0.7368421052631579,1.0,1.697674418604651,1.2142857142857142,1.0,1.3,1.3333333333333333
7311,1.3043478260869565,0.0,0.8571428571428571,0.7368421052631579,1.0,1.697674418604651,1.2142857142857142,1.0,1.3,1.3333333333333333,1.6129032258064515
7312,0.0,0.8571428571428571,0.7368421052631579,1.0,1.697674418604651,1.2142857142857142,1.0,1.3,1.3333333333333333,1.6129032258064515,1.6
7313,0.8571428571428571,0.7368421052631579,1.0,1.697674418604651,1.2142857142857142,1.0,1.3,1.3333333333333333,1.6129032258064515,1.6,0.8181818181818182
7314,0.7368421052631579,1.0,1.697674418604651,1.2142857142857142,1.0,1.3,1.3333333333333333,1.6129032258064515,1.6,0.8181818181818182,1.9230769230769231
7315,1.0,1.697674418604651,1.2142857142857142,1.0,1.3,1.3333333333333333,1.6129032258064515,1.6,0.8181818181818182,1.9230769230769231,0.625
7316,1.697674418604651,1.2142857142857142,1.0,1.3,1.3333333333333333,1.6129032258064515,1.6,0.8181818181818182,1.9230769230769231,0.625,1.3541666666666667
7317,1.2142857142857142,1.0,1.3,1.3333333333333333,1.6129032258064515,1.6,0.8181818181818182,1.9230769230769231,0.625,1.3541666666666667,1.6666666666666667
7318,1.0,1.3,1.3333333333333333,1.6129032258064515,1.6,0.8181818181818182,1.9230769230769231,0.625,1.3541666666666667,1.6666666666666667,0.625
7319,1.3,1.3333333333333333,1.6129032258064515,1.6,0.8181818181818182,1.9230769230769231,0.625,1.3541666666666667,1.6666666666666667,0.625,1.35
7320,1.3333333333333333,1.6129032258064515,1.6,0.8181818181818182,1.9230769230769231,0.625,1.3541666666666667,1.6666666666666667,0.625,1.35,0.8333333333333334
7321,1.6129032258064515,1.6,0.8181818181818182,1.9230769230769231,0.625,1.3541666666666667,1.6666666666666667,0.625,1.35,0.8333333333333334,1.696969696969697
7322,1.6,0.8181818181818182,1.9230769230769231,0.625,1.3541666666666667,1.6666666666666667,0.625,1.35,0.8333333333333334,1.696969696969697,0.7222222222222222
7323,0.8181818181818182,1.9230769230769231,0.625,1.3541666666666667,1.6666666666666667,0.625,1.35,0.8333333333333334,1.696969696969697,0.7222222222222222,1.3958333333333333
7324,1.9230769230769231,0.625,1.3541666666666667,1.6666666666666667,0.625,1.35,0.8333333333333334,1.696969696969697,0.7222222222222222,1.3958333333333333,2.0
7325,0.625,1.3541666666666667,1.6666666666666667,0.625,1.35,0.8333333333333334,1.696969696969697,0.7222222222222222,1.3958333333333333,2.0,2.0
7326,1.3541666666666667,1.6666666666666667,0.625,1.35,0.8333333333333334,1.696969696969697,0.7222222222222222,1.3958333333333333,2.0,2.0,1.0714285714285714
7327,1.6666666666666667,0.625,1.35,0.8333333333333334,1.696969696969697,0.7222222222222222,1.3958333333333333,2.0,2.0,1.0714285714285714,1.2
7328,0.625,1.35,0.8333333333333334,1.696969696969697,0.7222222222222222,1.3958333333333333,2.0,2.0,1.0714285714285714,1.2,1.4583333333333333
7329,1.35,0.8333333333333334,1.696969696969697,0.7222222222222222,1.3958333333333333,2.0,2.0,1.0714285714285714,1.2,1.4583333333333333,0.0
7330,0.8333333333333334,1.696969696969697,0.7222222222222222,1.3958333333333333,2.0,2.0,1.0714285714285714,1.2,1.4583333333333333,0.0,1.8
7331,1.696969696969697,0.7222222222222222,1.3958333333333333,2.0,2.0,1.0714285714285714,1.2,1.4583333333333333,0.0,1.8,1.2
7332,0.7222222222222222,1.3958333333333333,2.0,2.0,1.0714285714285714,1.2,1.4583333333333333,0.0,1.8,1.2,1.28
7333,1.3958333333333333,2.0,2.0,1.0714285714285714,1.2,1.4583333333333333,0.0,1.8,1.2,1.28,1.3846153846153846
7334,2.0,2.0,1.0714285714285714,1.2,1.4583333333333333,0.0,1.8,1.2,1.28,1.3846153846153846,1.1818181818181819
7335,2.0,1.0714285714285714,1.2,1.4583333333333333,0.0,1.8,1.2,1.28,1.3846153846153846,1.1818181818181819,1.3333333333333333
7336,1.0714285714285714,1.2,1.4583333333333333,0.0,1.8,1.2,1.28,1.3846153846153846,1.1818181818181819,1.3333333333333333,2.1052631578947367
7337,1.2,1.4583333333333333,0.0,1.8,1.2,1.28,1.3846153846153846,1.1818181818181819,1.3333333333333333,2.1052631578947367,2.0
7338,1.4583333333333333,0.0,1.8,1.2,1.28,1.3846153846153846,1.1818181818181819,1.3333333333333333,2.1052631578947367,2.0,1.7333333333333334
7339,0.0,1.8,1.2,1.28,1.3846153846153846,1.1818181818181819,1.3333333333333333,2.1052631578947367,2.0,1.7333333333333334,0.875
7340,1.8,1.2,1.28,1.3846153846153846,1.1818181818181819,1.3333333333333333,2.1052631578947367,2.0,1.7333333333333334,0.875,0.1
7341,1.2,1.28,1.3846153846153846,1.1818181818181819,1.3333333333333333,2.1052631578947367,2.0,1.7333333333333334,0.875,0.1,1.6296296296296295
7342,1.28,1.3846153846153846,1.1818181818181819,1.3333333333333333,2.1052631578947367,2.0,1.7333333333333334,0.875,0.1,1.6296296296296295,2.0256410256410255
7343,1.3846153846153846,1.1818181818181819,1.3333333333333333,2.1052631578947367,2.0,1.7333333333333334,0.875,0.1,1.6296296296296295,2.0256410256410255,1.0
7344,1.1818181818181819,1.3333333333333333,2.1052631578947367,2.0,1.7333333333333334,0.875,0.1,1.6296296296296295,2.0256410256410255,1.0,0.7857142857142857
7345,1.3333333333333333,2.1052631578947367,2.0,1.7333333333333334,0.875,0.1,1.6296296296296295,2.0256410256410255,1.0,0.7857142857142857,1.5357142857142858
7346,2.1052631578947367,2.0,1.7333333333333334,0.875,0.1,1.6296296296296295,2.0256410256410255,1.0,0.7857142857142857,1.5357142857142858,1.1428571428571428
7347,2.0,1.7333333333333334,0.875,0.1,1.6296296296296295,2.0256410256410255,1.0,0.7857142857142857,1.5357142857142858,1.1428571428571428,1.1
7348,1.7333333333333334,0.875,0.1,1.6296296296296295,2.0256410256410255,1.0,0.7857142857142857,1.5357142857142858,1.1428571428571428,1.1,1.3793103448275863
7349,0.875,0.1,1.6296296296296295,2.0256410256410255,1.0,0.7857142857142857,1.5357142857142858,1.1428571428571428,1.1,1.3793103448275863,0.0
7350,0.1,1.6296296296296295,2.0256410256410255,1.0,0.7857142857142857,1.5357142857142858,1.1428571428571428,1.1,1.3793103448275863,0.0,0.3333333333333333
7351,1.6296296296296295,2.0256410256410255,1.0,0.7857142857142857,1.5357142857142858,1.1428571428571428,1.1,1.3793103448275863,0.0,0.3333333333333333,0.6
7352,2.0256410256410255,1.0,0.7857142857142857,1.5357142857142858,1.1428571428571428,1.1,1.3793103448275863,0.0,0.3333333333333333,0.6,0.0
7353,1.0,0.7857142857142857,1.5357142857142858,1.1428571428571428,1.1,1.3793103448275863,0.0,0.3333333333333333,0.6,0.0,1.48
7354,0.7857142857142857,1.5357142857142858,1.1428571428571428,1.1,1.3793103448275863,0.0,0.3333333333333333,0.6,0.0,1.48,1.6923076923076923
7355,1.5357142857142858,1.1428571428571428,1.1,1.3793103448275863,0.0,0.3333333333333333,0.6,0.0,1.48,1.6923076923076923,0.3333333333333333
7356,1.1428571428571428,1.1,1.3793103448275863,0.0,0.3333333333333333,0.6,0.0,1.48,1.6923076923076923,0.3333333333333333,1.7777777777777777
7357,1.1,1.3793103448275863,0.0,0.3333333333333333,0.6,0.0,1.48,1.6923076923076923,0.3333333333333333,1.7777777777777777,1.0
7358,1.3793103448275863,0.0,0.3333333333333333,0.6,0.0,1.48,1.6923076923076923,0.3333333333333333,1.7777777777777777,1.0,1.2115384615384615
7359,0.0,0.3333333333333333,0.6,0.0,1.48,1.6923076923076923,0.3333333333333333,1.7777777777777777,1.0,1.2115384615384615,1.6470588235294117
7360,0.3333333333333333,0.6,0.0,1.48,1.6923076923076923,0.3333333333333333,1.7777777777777777,1.0,1.2115384615384615,1.6470588235294117,0.8571428571428571
7361,0.6,0.0,1.48,1.6923076923076923,0.3333333333333333,1.7777777777777777,1.0,1.2115384615384615,1.6470588235294117,0.8571428571428571,0.4
7362,0.0,1.48,1.6923076923076923,0.3333333333333333,1.7777777777777777,1.0,1.2115384615384615,1.6470588235294117,0.8571428571428571,0.4,0.8235294117647058
7363,1.48,1.6923076923076923,0.3333333333333333,1.7777777777777777,1.0,1.2115384615384615,1.6470588235294117,0.8571428571428571,0.4,0.8235294117647058,1.488888888888889
7364,1.6923076923076923,0.3333333333333333,1.7777777777777777,1.0,1.2115384615384615,1.6470588235294117,0.8571428571428571,0.4,0.8235294117647058,1.488888888888889,0.5714285714285714
7365,0.3333333333333333,1.7777777777777777,1.0,1.2115384615384615,1.6470588235294117,0.8571428571428571,0.4,0.8235294117647058,1.488888888888889,0.5714285714285714,1.8166666666666667
7366,1.7777777777777777,1.0,1.2115384615384615,1.6470588235294117,0.8571428571428571,0.4,0.8235294117647058,1.488888888888889,0.5714285714285714,1.8166666666666667,1.4545454545454546
7367,1.0,1.2115384615384615,1.6470588235294117,0.8571428571428571,0.4,0.8235294117647058,1.488888888888889,0.5714285714285714,1.8166666666666667,1.4545454545454546,1.5555555555555556
7368,1.2115384615384615,1.6470588235294117,0.8571428571428571,0.4,0.8235294117647058,1.488888888888889,0.5714285714285714,1.8166666666666667,1.4545454545454546,1.5555555555555556,1.4666666666666666
7369,0.0,0.0,1.75,0.5,0.0,2.0,0.7142857142857143,0.0,1.4444444444444444,0.0,0.0
7370,0.0,1.75,0.5,0.0,2.0,0.7142857142857143,0.0,1.4444444444444444,0.0,0.0,0.0
7371,1.75,0.5,0.0,2.0,0.7142857142857143,0.0,1.4444444444444444,0.0,0.0,0.0,0.0
7372,0.5,0.0,2.0,0.7142857142857143,0.0,1.4444444444444444,0.0,0.0,0.0,0.0,0.0
7373,0.0,2.0,0.7142857142857143,0.0,1.4444444444444444,0.0,0.0,0.0,0.0,0.0,1.0
7374,2.0,0.7142857142857143,0.0,1.4444444444444444,0.0,0.0,0.0,0.0,0.0,1.0,1.0
7375,0.7142857142857143,0.0,1.4444444444444444,0.0,0.0,0.0,0.0,0.0,1.0,1.0,0.8333333333333334
7376,0.0,1.4444444444444444,0.0,0.0,0.0,0.0,0.0,1.0,1.0,0.8333333333333334,0.0
7377,1.4444444444444444,0.0,0.0,0.0,0.0,0.0,1.0,1.0,0.8333333333333334,0.0,1.1111111111111112
7378,1.5,0.0,0.0,0.5,1.0,0.0,2.0,0.25,0.2,0.6,0.0
7379,0.0,0.0,0.5,1.0,0.0,2.0,0.25,0.2,0.6,0.0,0.5
7380,0.0,0.5,1.0,0.0,2.0,0.25,0.2,0.6,0.0,0.5,1.0
7381,0.5,1.0,0.0,2.0,0.25,0.2,0.6,0.0,0.5,1.0,1.0
7382,1.0,0.0,2.0,0.25,0.2,0.6,0.0,0.5,1.0,1.0,0.3333333333333333
7383,0.0,2.0,0.25,0.2,0.6,0.0,0.5,1.0,1.0,0.3333333333333333,0.6666666666666666
7384,2.0,0.25,0.2,0.6,0.0,0.5,1.0,1.0,0.3333333333333333,0.6666666666666666,0.5
7385,0.25,0.2,0.6,0.0,0.5,1.0,1.0,0.3333333333333333,0.6666666666666666,0.5,1.0
7386,0.2,0.6,0.0,0.5,1.0,1.0,0.3333333333333333,0.6666666666666666,0.5,1.0,2.5
7387,0.6,0.0,0.5,1.0,1.0,0.3333333333333333,0.6666666666666666,0.5,1.0,2.5,1.0
7388,0.0,0.5,1.0,1.0,0.3333333333333333,0.6666666666666666,0.5,1.0,2.5,1.0,0.3333333333333333
7389,0.5,1.0,1.0,0.3333333333333333,0.6666666666666666,0.5,1.0,2.5,1.0,0.3333333333333333,0.0
7390,1.0,1.0,0.3333333333333333,0.6666666666666666,0.5,1.0,2.5,1.0,0.3333333333333333,0.0,1.0
7391,1.0,0.3333333333333333,0.6666666666666666,0.5,1.0,2.5,1.0,0.3333333333333333,0.0,1.0,0.6
7392,0.3333333333333333,0.6666666666666666,0.5,1.0,2.5,1.0,0.3333333333333333,0.0,1.0,0.6,1.0
7393,0.6666666666666666,0.5,1.0,2.5,1.0,0.3333333333333333,0.0,1.0,0.6,1.0,1.0
7394,0.5,1.0,2.5,1.0,0.3333333333333333,0.0,1.0,0.6,1.0,1.0,0.0
7395,1.0,2.5,1.0,0.3333333333333333,0.0,1.0,0.6,1.0,1.0,0.0,1.0
7396,0.8,0.8181818181818182,0.6818181818181818,2.6363636363636362,0.0,0.2,0.0,2.6666666666666665,0.0,0.75,0.0
7397,0.8181818181818182,0.6818181818181818,2.6363636363636362,0.0,0.2,0.0,2.6666666666666665,0.0,0.75,0.0,1.05
7398,0.6818181818181818,2.6363636363636362,0.0,0.2,0.0,2.6666666666666665,0.0,0.75,0.0,1.05,1.04
7399,2.6363636363636362,0.0,0.2,0.0,2.6666666666666665,0.0,0.75,0.0,1.05,1.04,1.04
7400,0.0,0.2,0.0,2.6666666666666665,0.0,0.75,0.0,1.05,1.04,1.04,1.4042553191489362
7401,0.2,0.0,2.6666666666666665,0.0,0.75,0.0,1.05,1.04,1.04,1.4042553191489362,1.5
7402,0.0,2.6666666666666665,0.0,0.75,0.0,1.05,1.04,1.04,1.4042553191489362,1.5,1.5333333333333334
7403,0.6,1.0,1.8,4.0,2.25,1.7272727272727273,0.0,0.3333333333333333,0.8888888888888888,0.0,0.0
7404,1.0,1.8,4.0,2.25,1.7272727272727273,0.0,0.3333333333333333,0.8888888888888888,0.0,0.0,1.0
7405,1.8,4.0,2.25,1.7272727272727273,0.0,0.3333333333333333,0.8888888888888888,0.0,0.0,1.0,1.1666666666666667
7406,4.0,2.25,1.7272727272727273,0.0,0.3333333333333333,0.8888888888888888,0.0,0.0,1.0,1.1666666666666667,1.0833333333333333
7407,2.25,1.7272727272727273,0.0,0.3333333333333333,0.8888888888888888,0.0,0.0,1.0,1.1666666666666667,1.0833333333333333,0.5
7408,1.7272727272727273,0.0,0.3333333333333333,0.8888888888888888,0.0,0.0,1.0,1.1666666666666667,1.0833333333333333,0.5,0.4444444444444444
7409,0.0,0.3333333333333333,0.8888888888888888,0.0,0.0,1.0,1.1666666666666667,1.0833333333333333,0.5,0.4444444444444444,1.8333333333333333
7410,0.3333333333333333,0.8888888888888888,0.0,0.0,1.0,1.1666666666666667,1.0833333333333333,0.5,0.4444444444444444,1.8333333333333333,1.0
7411,0.8888888888888888,0.0,0.0,1.0,1.1666666666666667,1.0833333333333333,0.5,0.4444444444444444,1.8333333333333333,1.0,0.6666666666666666
7412,0.0,0.0,1.0,1.1666666666666667,1.0833333333333333,0.5,0.4444444444444444,1.8333333333333333,1.0,0.6666666666666666,2.3333333333333335
7413,0.0,1.0,1.1666666666666667,1.0833333333333333,0.5,0.4444444444444444,1.8333333333333333,1.0,0.6666666666666666,2.3333333333333335,1.0769230769230769
7414,1.0,1.1666666666666667,1.0833333333333333,0.5,0.4444444444444444,1.8333333333333333,1.0,0.6666666666666666,2.3333333333333335,1.0769230769230769,0.75
7415,1.1666666666666667,1.0833333333333333,0.5,0.4444444444444444,1.8333333333333333,1.0,0.6666666666666666,2.3333333333333335,1.0769230769230769,0.75,1.125
7416,1.0833333333333333,0.5,0.4444444444444444,1.8333333333333333,1.0,0.6666666666666666,2.3333333333333335,1.0769230769230769,0.75,1.125,0.5
7417,0.5,0.4444444444444444,1.8333333333333333,1.0,0.6666666666666666,2.3333333333333335,1.0769230769230769,0.75,1.125,0.5,0.3333333333333333
7418,0.4444444444444444,1.8333333333333333,1.0,0.6666666666666666,2.3333333333333335,1.0769230769230769,0.75,1.125,0.5,0.3333333333333333,0.5
7419,1.8333333333333333,1.0,0.6666666666666666,2.3333333333333335,1.0769230769230769,0.75,1.125,0.5,0.3333333333333333,0.5,1.0
7420,1.0,0.6666666666666666,2.3333333333333335,1.0769230769230769,0.75,1.125,0.5,0.3333333333333333,0.5,1.0,0.5
7421,0.6666666666666666,2.3333333333333335,1.0769230769230769,0.75,1.125,0.5,0.3333333333333333,0.5,1.0,0.5,0.0
7422,2.3333333333333335,1.0769230769230769,0.75,1.125,0.5,0.3333333333333333,0.5,1.0,0.5,0.0,2.0
7423,1.0769230769230769,0.75,1.125,0.5,0.3333333333333333,0.5,1.0,0.5,0.0,2.0,0.0
7424,0.75,1.125,0.5,0.3333333333333333,0.5,1.0,0.5,0.0,2.0,0.0,0.625
7425,1.125,0.5,0.3333333333333333,0.5,1.0,0.5,0.0,2.0,0.0,0.625,0.5
7426,1.8333333333333333,0.5,1.0,0.0,3.0,1.0,2.6153846153846154,3.176470588235294,2.6315789473684212,1.25,1.7333333333333334
7427,0.5,1.0,0.0,3.0,1.0,2.6153846153846154,3.176470588235294,2.6315789473684212,1.25,1.7333333333333334,0.5
7428,1.0,0.0,3.0,1.0,2.6153846153846154,3.176470588235294,2.6315789473684212,1.25,1.7333333333333334,0.5,1.0
7429,0.0,3.0,1.0,2.6153846153846154,3.176470588235294,2.6315789473684212,1.25,1.7333333333333334,0.5,1.0,1.125
7430,3.0,1.0,2.6153846153846154,3.176470588235294,2.6315789473684212,1.25,1.7333333333333334,0.5,1.0,1.125,1.0
7431,1.0,2.6153846153846154,3.176470588235294,2.6315789473684212,1.25,1.7333333333333334,0.5,1.0,1.125,1.0,0.0
7432,2.6153846153846154,3.176470588235294,2.6315789473684212,1.25,1.7333333333333334,0.5,1.0,1.125,1.0,0.0,1.3333333333333333
7433,3.176470588235294,2.6315789473684212,1.25,1.7333333333333334,0.5,1.0,1.125,1.0,0.0,1.3333333333333333,3.0
7434,2.6315789473684212,1.25,1.7333333333333334,0.5,1.0,1.125,1.0,0.0,1.3333333333333333,3.0,1.125
7435,1.25,1.7333333333333334,0.5,1.0,1.125,1.0,0.0,1.3333333333333333,3.0,1.125,0.25
7436,1.7333333333333334,0.5,1.0,1.125,1.0,0.0,1.3333333333333333,3.0,1.125,0.25,0.25
7437,0.5,1.0,1.125,1.0,0.0,1.3333333333333333,3.0,1.125,0.25,0.25,2.888888888888889
7438,1.0,1.125,1.0,0.0,1.3333333333333333,3.0,1.125,0.25,0.25,2.888888888888889,1.4210526315789473
7439,1.125,1.0,0.0,1.3333333333333333,3.0,1.125,0.25,0.25,2.888888888888889,1.4210526315789473,1.25
7440,1.0,0.0,1.3333333333333333,3.0,1.125,0.25,0.25,2.888888888888889,1.4210526315789473,1.25,2.0
7441,0.0,1.3333333333333333,3.0,1.125,0.25,0.25,2.888888888888889,1.4210526315789473,1.25,2.0,2.0833333333333335
7442,1.3333333333333333,3.0,1.125,0.25,0.25,2.888888888888889,1.4210526315789473,1.25,2.0,2.0833333333333335,3.0
7443,3.0,1.125,0.25,0.25,2.888888888888889,1.4210526315789473,1.25,2.0,2.0833333333333335,3.0,2.9
7444,1.125,0.25,0.25,2.888888888888889,1.4210526315789473,1.25,2.0,2.0833333333333335,3.0,2.9,2.0
7445,0.25,0.25,2.888888888888889,1.4210526315789473,1.25,2.0,2.0833333333333335,3.0,2.9,2.0,2.0
7446,0.25,2.888888888888889,1.4210526315789473,1.25,2.0,2.0833333333333335,3.0,2.9,2.0,2.0,2.6666666666666665
7447,2.888888888888889,1.4210526315789473,1.25,2.0,2.0833333333333335,3.0,2.9,2.0,2.0,2.6666666666666665,1.2
7448,1.4210526315789473,1.25,2.0,2.0833333333333335,3.0,2.9,2.0,2.0,2.6666666666666665,1.2,0.4
7449,1.25,2.0,2.0833333333333335,3.0,2.9,2.0,2.0,2.6666666666666665,1.2,0.4,3.125
7450,2.0,2.0833333333333335,3.0,2.9,2.0,2.0,2.6666666666666665,1.2,0.4,3.125,1.375
7451,2.0833333333333335,3.0,2.9,2.0,2.0,2.6666666666666665,1.2,0.4,3.125,1.375,1.8888888888888888
7452,3.0,2.9,2.0,2.0,2.6666666666666665,1.2,0.4,3.125,1.375,1.8888888888888888,1.0714285714285714
7453,2.9,2.0,2.0,2.6666666666666665,1.2,0.4,3.125,1.375,1.8888888888888888,1.0714285714285714,0.9
7454,2.0,2.0,2.6666666666666665,1.2,0.4,3.125,1.375,1.8888888888888888,1.0714285714285714,0.9,0.6
7455,2.0,2.6666666666666665,1.2,0.4,3.125,1.375,1.8888888888888888,1.0714285714285714,0.9,0.6,0.0
7456,2.6666666666666665,1.2,0.4,3.125,1.375,1.8888888888888888,1.0714285714285714,0.9,0.6,0.0,1.3333333333333333
7457,1.2,0.4,3.125,1.375,1.8888888888888888,1.0714285714285714,0.9,0.6,0.0,1.3333333333333333,0.8571428571428571
7458,0.4,3.125,1.375,1.8888888888888888,1.0714285714285714,0.9,0.6,0.0,1.3333333333333333,0.8571428571428571,0.0
7459,3.125,1.375,1.8888888888888888,1.0714285714285714,0.9,0.6,0.0,1.3333333333333333,0.8571428571428571,0.0,0.0
7460,1.375,1.8888888888888888,1.0714285714285714,0.9,0.6,0.0,1.3333333333333333,0.8571428571428571,0.0,0.0,0.0
7461,1.8888888888888888,1.0714285714285714,0.9,0.6,0.0,1.3333333333333333,0.8571428571428571,0.0,0.0,0.0,1.5
7462,1.0714285714285714,0.9,0.6,0.0,1.3333333333333333,0.8571428571428571,0.0,0.0,0.0,1.5,2.0
7463,0.9,0.6,0.0,1.3333333333333333,0.8571428571428571,0.0,0.0,0.0,1.5,2.0,3.0
7464,0.6,0.0,1.3333333333333333,0.8571428571428571,0.0,0.0,0.0,1.5,2.0,3.0,0.0
7465,0.0,1.3333333333333333,0.8571428571428571,0.0,0.0,0.0,1.5,2.0,3.0,0.0,0.0
7466,1.3333333333333333,0.8571428571428571,0.0,0.0,0.0,1.5,2.0,3.0,0.0,0.0,0.5
7467,0.8571428571428571,0.0,0.0,0.0,1.5,2.0,3.0,0.0,0.0,0.5,3.5
7468,0.0,0.0,0.0,1.5,2.0,3.0,0.0,0.0,0.5,3.5,0.0
7469,0.0,0.0,1.5,2.0,3.0,0.0,0.0,0.5,3.5,0.0,0.0
7470,0.0,1.5,2.0,3.0,0.0,0.0,0.5,3.5,0.0,0.0,1.0
7471,1.5,2.0,3.0,0.0,0.0,0.5,3.5,0.0,0.0,1.0,0.6666666666666666
7472,2.0,3.0,0.0,0.0,0.5,3.5,0.0,0.0,1.0,0.6666666666666666,0.0
7473,3.0,0.0,0.0,0.5,3.5,0.0,0.0,1.0,0.6666666666666666,0.0,0.5
7474,0.0,0.0,0.5,3.5,0.0,0.0,1.0,0.6666666666666666,0.0,0.5,1.2
7475,0.0,0.5,3.5,0.0,0.0,1.0,0.6666666666666666,0.0,0.5,1.2,0.2857142857142857
7476,0.5,3.5,0.0,0.0,1.0,0.6666666666666666,0.0,0.5,1.2,0.2857142857142857,2.4705882352941178
7477,3.5,0.0,0.0,1.0,0.6666666666666666,0.0,0.5,1.2,0.2857142857142857,2.4705882352941178,1.0
7478,0.0,0.0,1.0,0.6666666666666666,0.0,0.5,1.2,0.2857142857142857,2.4705882352941178,1.0,0.0
7479,0.0,1.0,0.6666666666666666,0.0,0.5,1.2,0.2857142857142857,2.4705882352941178,1.0,0.0,1.0
7480,1.0,0.6666666666666666,0.0,0.5,1.2,0.2857142857142857,2.4705882352941178,1.0,0.0,1.0,1.0
7481,0.6666666666666666,0.0,0.5,1.2,0.2857142857142857,2.4705882352941178,1.0,0.0,1.0,1.0,1.4545454545454546
7482,0.0,0.5,1.2,0.2857142857142857,2.4705882352941178,1.0,0.0,1.0,1.0,1.4545454545454546,0.0
7483,0.5,1.2,0.2857142857142857,2.4705882352941178,1.0,0.0,1.0,1.0,1.4545454545454546,0.0,1.4
7484,1.2,0.2857142857142857,2.4705882352941178,1.0,0.0,1.0,1.0,1.4545454545454546,0.0,1.4,1.88
7485,0.2857142857142857,2.4705882352941178,1.0,0.0,1.0,1.0,1.4545454545454546,0.0,1.4,1.88,2.0
7486,2.4705882352941178,1.0,0.0,1.0,1.0,1.4545454545454546,0.0,1.4,1.88,2.0,1.0
7487,1.0,0.0,1.0,1.0,1.4545454545454546,0.0,1.4,1.88,2.0,1.0,0.75
7488,0.0,1.0,1.0,1.4545454545454546,0.0,1.4,1.88,2.0,1.0,0.75,2.0555555555555554
7489,1.0,1.0,1.4545454545454546,0.0,1.4,1.88,2.0,1.0,0.75,2.0555555555555554,1.8
7490,1.0,1.4545454545454546,0.0,1.4,1.88,2.0,1.0,0.75,2.0555555555555554,1.8,2.1
7491,1.4545454545454546,0.0,1.4,1.88,2.0,1.0,0.75,2.0555555555555554,1.8,2.1,0.0
7492,0.0,1.4,1.88,2.0,1.0,0.75,2.0555555555555554,1.8,2.1,0.0,1.0
7493,1.4,1.88,2.0,1.0,0.75,2.0555555555555554,1.8,2.1,0.0,1.0,1.5
7494,1.88,2.0,1.0,0.75,2.0555555555555554,1.8,2.1,0.0,1.0,1.5,0.0
7495,2.0,1.0,0.75,2.0555555555555554,1.8,2.1,0.0,1.0,1.5,0.0,1.6
7496,1.0,0.75,2.0555555555555554,1.8,2.1,0.0,1.0,1.5,0.0,1.6,1.0
7497,0.75,2.0555555555555554,1.8,2.1,0.0,1.0,1.5,0.0,1.6,1.0,0.0
7498,2.0555555555555554,1.8,2.1,0.0,1.0,1.5,0.0,1.6,1.0,0.0,0.3333333333333333
7499,1.8,2.1,0.0,1.0,1.5,0.0,1.6,1.0,0.0,0.3333333333333333,0.5
7500,2.1,0.0,1.0,1.5,0.0,1.6,1.0,0.0,0.3333333333333333,0.5,0.6666666666666666
7501,0.0,1.0,1.5,0.0,1.6,1.0,0.0,0.3333333333333333,0.5,0.6666666666666666,0.25
7502,1.0,1.5,0.0,1.6,1.0,0.0,0.3333333333333333,0.5,0.6666666666666666,0.25,0.5
7503,1.5,0.0,1.6,1.0,0.0,0.3333333333333333,0.5,0.6666666666666666,0.25,0.5,1.5
7504,0.0,1.6,1.0,0.0,0.3333333333333333,0.5,0.6666666666666666,0.25,0.5,1.5,0.5
7505,1.6,1.0,0.0,0.3333333333333333,0.5,0.6666666666666666,0.25,0.5,1.5,0.5,2.1666666666666665
7506,1.0,0.0,0.3333333333333333,0.5,0.6666666666666666,0.25,0.5,1.5,0.5,2.1666666666666665,0.5
7507,0.0,0.3333333333333333,0.5,0.6666666666666666,0.25,0.5,1.5,0.5,2.1666666666666665,0.5,1.0
7508,0.35294117647058826,0.2,1.5957446808510638,1.3125,1.1764705882352942,0.0,0.868421052631579,1.0,1.0454545454545454,0.7142857142857143,0.5
7509,0.2,1.5957446808510638,1.3125,1.1764705882352942,0.0,0.868421052631579,1.0,1.0454545454545454,0.7142857142857143,0.5,1.0
7510,1.5957446808510638,1.3125,1.1764705882352942,0.0,0.868421052631579,1.0,1.0454545454545454,0.7142857142857143,0.5,1.0,1.9047619047619047
7511,1.3125,1.1764705882352942,0.0,0.868421052631579,1.0,1.0454545454545454,0.7142857142857143,0.5,1.0,1.9047619047619047,1.5333333333333334
7512,1.1764705882352942,0.0,0.868421052631579,1.0,1.0454545454545454,0.7142857142857143,0.5,1.0,1.9047619047619047,1.5333333333333334,1.4
7513,0.0,0.868421052631579,1.0,1.0454545454545454,0.7142857142857143,0.5,1.0,1.9047619047619047,1.5333333333333334,1.4,0.875
7514,0.868421052631579,1.0,1.0454545454545454,0.7142857142857143,0.5,1.0,1.9047619047619047,1.5333333333333334,1.4,0.875,1.7
7515,1.0,1.0454545454545454,0.7142857142857143,0.5,1.0,1.9047619047619047,1.5333333333333334,1.4,0.875,1.7,1.24
7516,1.0454545454545454,0.7142857142857143,0.5,1.0,1.9047619047619047,1.5333333333333334,1.4,0.875,1.7,1.24,0.8333333333333334
7517,0.7142857142857143,0.5,1.0,1.9047619047619047,1.5333333333333334,1.4,0.875,1.7,1.24,0.8333333333333334,0.8666666666666667
7518,0.5,1.0,1.9047619047619047,1.5333333333333334,1.4,0.875,1.7,1.24,0.8333333333333334,0.8666666666666667,0.2
7519,1.0,1.9047619047619047,1.5333333333333334,1.4,0.875,1.7,1.24,0.8333333333333334,0.8666666666666667,0.2,1.0
7520,1.9047619047619047,1.5333333333333334,1.4,0.875,1.7,1.24,0.8333333333333334,0.8666666666666667,0.2,1.0,0.2
7521,0.5,0.7142857142857143,0.0,0.0,1.3333333333333333,1.32,2.0,1.0,0.5,1.3333333333333333,0.6666666666666666
7522,0.7142857142857143,0.0,0.0,1.3333333333333333,1.32,2.0,1.0,0.5,1.3333333333333333,0.6666666666666666,0.5454545454545454
7523,0.0,0.0,1.3333333333333333,1.32,2.0,1.0,0.5,1.3333333333333333,0.6666666666666666,0.5454545454545454,1.0
7524,0.0,1.1071428571428572,1.5714285714285714,1.0,1.1379310344827587,1.5,2.3529411764705883,0.6666666666666666,0.6666666666666666,0.2857142857142857,1.15625
7525,1.1071428571428572,1.5714285714285714,1.0,1.1379310344827587,1.5,2.3529411764705883,0.6666666666666666,0.6666666666666666,0.2857142857142857,1.15625,0.75
7526,1.5714285714285714,1.0,1.1379310344827587,1.5,2.3529411764705883,0.6666666666666666,0.6666666666666666,0.2857142857142857,1.15625,0.75,0.5
7527,1.0,1.1379310344827587,1.5,2.3529411764705883,0.6666666666666666,0.6666666666666666,0.2857142857142857,1.15625,0.75,0.5,2.2
7528,1.1379310344827587,1.5,2.3529411764705883,0.6666666666666666,0.6666666666666666,0.2857142857142857,1.15625,0.75,0.5,2.2,1.894736842105263
7529,1.5,2.3529411764705883,0.6666666666666666,0.6666666666666666,0.2857142857142857,1.15625,0.75,0.5,2.2,1.894736842105263,1.5714285714285714
7530,2.3529411764705883,0.6666666666666666,0.6666666666666666,0.2857142857142857,1.15625,0.75,0.5,2.2,1.894736842105263,1.5714285714285714,0.0
7531,0.6666666666666666,0.6666666666666666,0.2857142857142857,1.15625,0.75,0.5,2.2,1.894736842105263,1.5714285714285714,0.0,1.8125
7532,0.6666666666666666,0.2857142857142857,1.15625,0.75,0.5,2.2,1.894736842105263,1.5714285714285714,0.0,1.8125,2.3
7533,0.2857142857142857,1.15625,0.75,0.5,2.2,1.894736842105263,1.5714285714285714,0.0,1.8125,2.3,0.0
7534,1.15625,0.75,0.5,2.2,1.894736842105263,1.5714285714285714,0.0,1.8125,2.3,0.0,1.2
7535,1.829268292682927,0.8888888888888888,1.1904761904761905,0.9565217391304348,1.7843137254901962,0.0,1.5777777777777777,0.3333333333333333,0.5,1.1818181818181819,1.0588235294117647
7536,0.8888888888888888,1.1904761904761905,0.9565217391304348,1.7843137254901962,0.0,1.5777777777777777,0.3333333333333333,0.5,1.1818181818181819,1.0588235294117647,0.0
7537,1.1904761904761905,0.9565217391304348,1.7843137254901962,0.0,1.5777777777777777,0.3333333333333333,0.5,1.1818181818181819,1.0588235294117647,0.0,0.2857142857142857
7538,0.9565217391304348,1.7843137254901962,0.0,1.5777777777777777,0.3333333333333333,0.5,1.1818181818181819,1.0588235294117647,0.0,0.2857142857142857,1.0
7539,1.7843137254901962,0.0,1.5777777777777777,0.3333333333333333,0.5,1.1818181818181819,1.0588235294117647,0.0,0.2857142857142857,1.0,0.7142857142857143
7540,0.0,1.5777777777777777,0.3333333333333333,0.5,1.1818181818181819,1.0588235294117647,0.0,0.2857142857142857,1.0,0.7142857142857143,0.9302325581395349
7541,1.5777777777777777,0.3333333333333333,0.5,1.1818181818181819,1.0588235294117647,0.0,0.2857142857142857,1.0,0.7142857142857143,0.9302325581395349,0.0
7542,0.3333333333333333,0.5,1.1818181818181819,1.0588235294117647,0.0,0.2857142857142857,1.0,0.7142857142857143,0.9302325581395349,0.0,0.18181818181818182
7543,0.5,1.1818181818181819,1.0588235294117647,0.0,0.2857142857142857,1.0,0.7142857142857143,0.9302325581395349,0.0,0.18181818181818182,0.3333333333333333
7544,1.1818181818181819,1.0588235294117647,0.0,0.2857142857142857,1.0,0.7142857142857143,0.9302325581395349,0.0,0.18181818181818182,0.3333333333333333,0.4
7545,1.0588235294117647,0.0,0.2857142857142857,1.0,0.7142857142857143,0.9302325581395349,0.0,0.18181818181818182,0.3333333333333333,0.4,0.8571428571428571
7546,0.0,0.2857142857142857,1.0,0.7142857142857143,0.9302325581395349,0.0,0.18181818181818182,0.3333333333333333,0.4,0.8571428571428571,0.5555555555555556
7547,0.2857142857142857,1.0,0.7142857142857143,0.9302325581395349,0.0,0.18181818181818182,0.3333333333333333,0.4,0.8571428571428571,0.5555555555555556,1.0
7548,1.0,0.7142857142857143,0.9302325581395349,0.0,0.18181818181818182,0.3333333333333333,0.4,0.8571428571428571,0.5555555555555556,1.0,1.75
7549,0.7142857142857143,0.9302325581395349,0.0,0.18181818181818182,0.3333333333333333,0.4,0.8571428571428571,0.5555555555555556,1.0,1.75,0.9090909090909091
7550,0.9302325581395349,0.0,0.18181818181818182,0.3333333333333333,0.4,0.8571428571428571,0.5555555555555556,1.0,1.75,0.9090909090909091,1.0
7551,0.0,0.18181818181818182,0.3333333333333333,0.4,0.8571428571428571,0.5555555555555556,1.0,1.75,0.9090909090909091,1.0,0.9090909090909091
7552,0.18181818181818182,0.3333333333333333,0.4,0.8571428571428571,0.5555555555555556,1.0,1.75,0.9090909090909091,1.0,0.9090909090909091,1.1666666666666667
7553,0.3333333333333333,0.4,0.8571428571428571,0.5555555555555556,1.0,1.75,0.9090909090909091,1.0,0.9090909090909091,1.1666666666666667,0.9722222222222222
7554,1.3333333333333333,0.5,1.5,1.6666666666666667,1.3333333333333333,1.3846153846153846,1.9444444444444444,1.0909090909090908,0.5,2.4545454545454546,1.0
7555,0.5,1.5,1.6666666666666667,1.3333333333333333,1.3846153846153846,1.9444444444444444,1.0909090909090908,0.5,2.4545454545454546,1.0,1.1428571428571428
7556,1.5,1.6666666666666667,1.3333333333333333,1.3846153846153846,1.9444444444444444,1.0909090909090908,0.5,2.4545454545454546,1.0,1.1428571428571428,1.4
7557,1.6666666666666667,1.3333333333333333,1.3846153846153846,1.9444444444444444,1.0909090909090908,0.5,2.4545454545454546,1.0,1.1428571428571428,1.4,2.3333333333333335
7558,1.3333333333333333,1.3846153846153846,1.9444444444444444,1.0909090909090908,0.5,2.4545454545454546,1.0,1.1428571428571428,1.4,2.3333333333333335,1.5
7559,1.3846153846153846,1.9444444444444444,1.0909090909090908,0.5,2.4545454545454546,1.0,1.1428571428571428,1.4,2.3333333333333335,1.5,1.0
7560,1.9444444444444444,1.0909090909090908,0.5,2.4545454545454546,1.0,1.1428571428571428,1.4,2.3333333333333335,1.5,1.0,0.6666666666666666
7561,1.0,1.5789473684210527,0.0,1.8,1.09375,1.04,1.5,1.625,0.5,1.0,1.3333333333333333
7562,1.5789473684210527,0.0,1.8,1.09375,1.04,1.5,1.625,0.5,1.0,1.3333333333333333,0.0
7563,0.0,1.8,1.09375,1.04,1.5,1.625,0.5,1.0,1.3333333333333333,0.0,1.5
7564,1.8,1.09375,1.04,1.5,1.625,0.5,1.0,1.3333333333333333,0.0,1.5,1.5333333333333334
7565,1.09375,1.04,1.5,1.625,0.5,1.0,1.3333333333333333,0.0,1.5,1.5333333333333334,1.1818181818181819
7566,1.04,1.5,1.625,0.5,1.0,1.3333333333333333,0.0,1.5,1.5333333333333334,1.1818181818181819,0.3333333333333333
7567,1.5,1.625,0.5,1.0,1.3333333333333333,0.0,1.5,1.5333333333333334,1.1818181818181819,0.3333333333333333,1.5
7568,1.625,0.5,1.0,1.3333333333333333,0.0,1.5,1.5333333333333334,1.1818181818181819,0.3333333333333333,1.5,1.2857142857142858
7569,0.5,1.0,1.3333333333333333,0.0,1.5,1.5333333333333334,1.1818181818181819,0.3333333333333333,1.5,1.2857142857142858,1.4285714285714286
7570,1.0,1.3333333333333333,0.0,1.5,1.5333333333333334,1.1818181818181819,0.3333333333333333,1.5,1.2857142857142858,1.4285714285714286,1.1666666666666667
7571,1.3333333333333333,0.0,1.5,1.5333333333333334,1.1818181818181819,0.3333333333333333,1.5,1.2857142857142858,1.4285714285714286,1.1666666666666667,0.6
7572,0.0,1.5,1.5333333333333334,1.1818181818181819,0.3333333333333333,1.5,1.2857142857142858,1.4285714285714286,1.1666666666666667,0.6,1.0
7573,1.5,1.5333333333333334,1.1818181818181819,0.3333333333333333,1.5,1.2857142857142858,1.4285714285714286,1.1666666666666667,0.6,1.0,1.4
7574,1.5333333333333334,1.1818181818181819,0.3333333333333333,1.5,1.2857142857142858,1.4285714285714286,1.1666666666666667,0.6,1.0,1.4,1.346938775510204
7575,1.1818181818181819,0.3333333333333333,1.5,1.2857142857142858,1.4285714285714286,1.1666666666666667,0.6,1.0,1.4,1.346938775510204,0.375
7576,0.3333333333333333,1.5,1.2857142857142858,1.4285714285714286,1.1666666666666667,0.6,1.0,1.4,1.346938775510204,0.375,1.0
7577,1.5,1.2857142857142858,1.4285714285714286,1.1666666666666667,0.6,1.0,1.4,1.346938775510204,0.375,1.0,2.0
7578,1.2857142857142858,1.4285714285714286,1.1666666666666667,0.6,1.0,1.4,1.346938775510204,0.375,1.0,2.0,1.037037037037037
7579,1.4285714285714286,1.1666666666666667,0.6,1.0,1.4,1.346938775510204,0.375,1.0,2.0,1.037037037037037,0.9
7580,1.1666666666666667,0.6,1.0,1.4,1.346938775510204,0.375,1.0,2.0,1.037037037037037,0.9,1.6
7581,0.6,1.0,1.4,1.346938775510204,0.375,1.0,2.0,1.037037037037037,0.9,1.6,1.55
7582,1.0,1.4,1.346938775510204,0.375,1.0,2.0,1.037037037037037,0.9,1.6,1.55,0.5
7583,1.4,1.346938775510204,0.375,1.0,2.0,1.037037037037037,0.9,1.6,1.55,0.5,1.125
7584,1.346938775510204,0.375,1.0,2.0,1.037037037037037,0.9,1.6,1.55,0.5,1.125,1.125
7585,0.375,1.0,2.0,1.037037037037037,0.9,1.6,1.55,0.5,1.125,1.125,0.7333333333333333
7586,1.0,2.0,1.037037037037037,0.9,1.6,1.55,0.5,1.125,1.125,0.7333333333333333,0.0
7587,2.0,1.037037037037037,0.9,1.6,1.55,0.5,1.125,1.125,0.7333333333333333,0.0,1.0
7588,1.037037037037037,0.9,1.6,1.55,0.5,1.125,1.125,0.7333333333333333,0.0,1.0,1.0833333333333333
7589,0.9,1.6,1.55,0.5,1.125,1.125,0.7333333333333333,0.0,1.0,1.0833333333333333,1.263157894736842
7590,1.6,1.55,0.5,1.125,1.125,0.7333333333333333,0.0,1.0,1.0833333333333333,1.263157894736842,1.2
7591,1.55,0.5,1.125,1.125,0.7333333333333333,0.0,1.0,1.0833333333333333,1.263157894736842,1.2,1.5333333333333334
7592,0.5,1.125,1.125,0.7333333333333333,0.0,1.0,1.0833333333333333,1.263157894736842,1.2,1.5333333333333334,0.7
7593,1.125,1.125,0.7333333333333333,0.0,1.0,1.0833333333333333,1.263157894736842,1.2,1.5333333333333334,0.7,0.4
7594,1.125,0.7333333333333333,0.0,1.0,1.0833333333333333,1.263157894736842,1.2,1.5333333333333334,0.7,0.4,1.0
7595,0.7333333333333333,0.0,1.0,1.0833333333333333,1.263157894736842,1.2,1.5333333333333334,0.7,0.4,1.0,0.3333333333333333
7596,0.0,1.0,1.0833333333333333,1.263157894736842,1.2,1.5333333333333334,0.7,0.4,1.0,0.3333333333333333,2.1904761904761907
7597,1.0,1.0833333333333333,1.263157894736842,1.2,1.5333333333333334,0.7,0.4,1.0,0.3333333333333333,2.1904761904761907,0.5
7598,1.0833333333333333,1.263157894736842,1.2,1.5333333333333334,0.7,0.4,1.0,0.3333333333333333,2.1904761904761907,0.5,1.7142857142857142
7599,1.263157894736842,1.2,1.5333333333333334,0.7,0.4,1.0,0.3333333333333333,2.1904761904761907,0.5,1.7142857142857142,0.2
7600,1.2,1.5333333333333334,0.7,0.4,1.0,0.3333333333333333,2.1904761904761907,0.5,1.7142857142857142,0.2,0.0
7601,1.5333333333333334,0.7,0.4,1.0,0.3333333333333333,2.1904761904761907,0.5,1.7142857142857142,0.2,0.0,1.5714285714285714
7602,0.7,0.4,1.0,0.3333333333333333,2.1904761904761907,0.5,1.7142857142857142,0.2,0.0,1.5714285714285714,1.3636363636363635
7603,0.8461538461538461,0.7333333333333333,1.3571428571428572,0.5,0.0,1.565217391304348,0.5,1.1764705882352942,1.6,1.75,1.1904761904761905
7604,0.7333333333333333,1.3571428571428572,0.5,0.0,1.565217391304348,0.5,1.1764705882352942,1.6,1.75,1.1904761904761905,0.5
7605,1.3571428571428572,0.5,0.0,1.565217391304348,0.5,1.1764705882352942,1.6,1.75,1.1904761904761905,0.5,0.25
7606,0.5,0.0,1.565217391304348,0.5,1.1764705882352942,1.6,1.75,1.1904761904761905,0.5,0.25,1.25
7607,0.0,1.565217391304348,0.5,1.1764705882352942,1.6,1.75,1.1904761904761905,0.5,0.25,1.25,1.0
7608,1.565217391304348,0.5,1.1764705882352942,1.6,1.75,1.1904761904761905,0.5,0.25,1.25,1.0,1.4
7609,1.0714285714285714,2.3333333333333335,0.7647058823529411,1.6,1.1666666666666667,1.2222222222222223,0.3333333333333333,1.5384615384615385,0.5,2.5,1.0
7610,2.3333333333333335,0.7647058823529411,1.6,1.1666666666666667,1.2222222222222223,0.3333333333333333,1.5384615384615385,0.5,2.5,1.0,0.8571428571428571
7611,0.7647058823529411,1.6,1.1666666666666667,1.2222222222222223,0.3333333333333333,1.5384615384615385,0.5,2.5,1.0,0.8571428571428571,1.3448275862068966
7612,1.6,1.1666666666666667,1.2222222222222223,0.3333333333333333,1.5384615384615385,0.5,2.5,1.0,0.8571428571428571,1.3448275862068966,1.3076923076923077
7613,1.1666666666666667,1.2222222222222223,0.3333333333333333,1.5384615384615385,0.5,2.5,1.0,0.8571428571428571,1.3448275862068966,1.3076923076923077,1.0
7614,1.2222222222222223,0.3333333333333333,1.5384615384615385,0.5,2.5,1.0,0.8571428571428571,1.3448275862068966,1.3076923076923077,1.0,1.8
7615,0.3333333333333333,1.5384615384615385,0.5,2.5,1.0,0.8571428571428571,1.3448275862068966,1.3076923076923077,1.0,1.8,0.42857142857142855
7616,1.5384615384615385,0.5,2.5,1.0,0.8571428571428571,1.3448275862068966,1.3076923076923077,1.0,1.8,0.42857142857142855,1.0
7617,1.0,1.9090909090909092,0.3333333333333333,0.0,2.2916666666666665,1.5454545454545454,1.0,1.5294117647058822,0.4444444444444444,1.4666666666666666,0.0
7618,1.9090909090909092,0.3333333333333333,0.0,2.2916666666666665,1.5454545454545454,1.0,1.5294117647058822,0.4444444444444444,1.4666666666666666,0.0,0.0
7619,0.3333333333333333,0.0,2.2916666666666665,1.5454545454545454,1.0,1.5294117647058822,0.4444444444444444,1.4666666666666666,0.0,0.0,0.8333333333333334
7620,0.0,2.2916666666666665,1.5454545454545454,1.0,1.5294117647058822,0.4444444444444444,1.4666666666666666,0.0,0.0,0.8333333333333334,2.6666666666666665
7621,2.2916666666666665,1.5454545454545454,1.0,1.5294117647058822,0.4444444444444444,1.4666666666666666,0.0,0.0,0.8333333333333334,2.6666666666666665,0.0
7622,1.5454545454545454,1.0,1.5294117647058822,0.4444444444444444,1.4666666666666666,0.0,0.0,0.8333333333333334,2.6666666666666665,0.0,0.8571428571428571
7623,1.0,1.5294117647058822,0.4444444444444444,1.4666666666666666,0.0,0.0,0.8333333333333334,2.6666666666666665,0.0,0.8571428571428571,3.0
7624,1.5294117647058822,0.4444444444444444,1.4666666666666666,0.0,0.0,0.8333333333333334,2.6666666666666665,0.0,0.8571428571428571,3.0,3.0
7625,0.4444444444444444,1.4666666666666666,0.0,0.0,0.8333333333333334,2.6666666666666665,0.0,0.8571428571428571,3.0,3.0,1.1555555555555554
7626,1.4666666666666666,0.0,0.0,0.8333333333333334,2.6666666666666665,0.0,0.8571428571428571,3.0,3.0,1.1555555555555554,1.4761904761904763
7627,0.0,0.0,0.8333333333333334,2.6666666666666665,0.0,0.8571428571428571,3.0,3.0,1.1555555555555554,1.4761904761904763,0.88
7628,0.0,0.8333333333333334,2.6666666666666665,0.0,0.8571428571428571,3.0,3.0,1.1555555555555554,1.4761904761904763,0.88,0.9285714285714286
7629,0.8333333333333334,2.6666666666666665,0.0,0.8571428571428571,3.0,3.0,1.1555555555555554,1.4761904761904763,0.88,0.9285714285714286,2.2666666666666666
7630,2.6666666666666665,0.0,0.8571428571428571,3.0,3.0,1.1555555555555554,1.4761904761904763,0.88,0.9285714285714286,2.2666666666666666,1.25
7631,0.0,0.8571428571428571,3.0,3.0,1.1555555555555554,1.4761904761904763,0.88,0.9285714285714286,2.2666666666666666,1.25,2.1666666666666665
7632,0.8571428571428571,3.0,3.0,1.1555555555555554,1.4761904761904763,0.88,0.9285714285714286,2.2666666666666666,1.25,2.1666666666666665,0.8333333333333334
7633,3.0,3.0,1.1555555555555554,1.4761904761904763,0.88,0.9285714285714286,2.2666666666666666,1.25,2.1666666666666665,0.8333333333333334,1.896551724137931
7634,3.0,1.1555555555555554,1.4761904761904763,0.88,0.9285714285714286,2.2666666666666666,1.25,2.1666666666666665,0.8333333333333334,1.896551724137931,1.5263157894736843
7635,1.1555555555555554,1.4761904761904763,0.88,0.9285714285714286,2.2666666666666666,1.25,2.1666666666666665,0.8333333333333334,1.896551724137931,1.5263157894736843,2.2
7636,1.4761904761904763,0.88,0.9285714285714286,2.2666666666666666,1.25,2.1666666666666665,0.8333333333333334,1.896551724137931,1.5263157894736843,2.2,1.5806451612903225
7637,0.88,0.9285714285714286,2.2666666666666666,1.25,2.1666666666666665,0.8333333333333334,1.896551724137931,1.5263157894736843,2.2,1.5806451612903225,2.0
7638,0.9285714285714286,2.2666666666666666,1.25,2.1666666666666665,0.8333333333333334,1.896551724137931,1.5263157894736843,2.2,1.5806451612903225,2.0,1.0
7639,2.2666666666666666,1.25,2.1666666666666665,0.8333333333333334,1.896551724137931,1.5263157894736843,2.2,1.5806451612903225,2.0,1.0,1.6666666666666667
7640,1.25,2.1666666666666665,0.8333333333333334,1.896551724137931,1.5263157894736843,2.2,1.5806451612903225,2.0,1.0,1.6666666666666667,0.5
7641,2.1666666666666665,0.8333333333333334,1.896551724137931,1.5263157894736843,2.2,1.5806451612903225,2.0,1.0,1.6666666666666667,0.5,2.8333333333333335
7642,0.8333333333333334,1.896551724137931,1.5263157894736843,2.2,1.5806451612903225,2.0,1.0,1.6666666666666667,0.5,2.8333333333333335,0.5
7643,1.1666666666666667,0.125,0.5,0.25,0.5,0.3333333333333333,0.6666666666666666,2.5,0.7777777777777778,2.0,1.5
7644,0.125,0.5,0.25,0.5,0.3333333333333333,0.6666666666666666,2.5,0.7777777777777778,2.0,1.5,0.5
7645,0.5,0.25,0.5,0.3333333333333333,0.6666666666666666,2.5,0.7777777777777778,2.0,1.5,0.5,0.25
7646,0.25,0.5,0.3333333333333333,0.6666666666666666,2.5,0.7777777777777778,2.0,1.5,0.5,0.25,1.4736842105263157
7647,0.5,0.3333333333333333,0.6666666666666666,2.5,0.7777777777777778,2.0,1.5,0.5,0.25,1.4736842105263157,0.75
7648,0.3333333333333333,0.6666666666666666,2.5,0.7777777777777778,2.0,1.5,0.5,0.25,1.4736842105263157,0.75,1.0
7649,0.6666666666666666,2.5,0.7777777777777778,2.0,1.5,0.5,0.25,1.4736842105263157,0.75,1.0,1.6666666666666667
7650,2.5,0.7777777777777778,2.0,1.5,0.5,0.25,1.4736842105263157,0.75,1.0,1.6666666666666667,1.5
7651,0.7777777777777778,2.0,1.5,0.5,0.25,1.4736842105263157,0.75,1.0,1.6666666666666667,1.5,2.0
7652,2.0,1.5,0.5,0.25,1.4736842105263157,0.75,1.0,1.6666666666666667,1.5,2.0,1.5
7653,1.0909090909090908,1.5714285714285714,1.1176470588235294,1.8518518518518519,1.125,1.0526315789473684,0.631578947368421,0.0,1.1176470588235294,0.8,1.1333333333333333
7654,1.5714285714285714,1.1176470588235294,1.8518518518518519,1.125,1.0526315789473684,0.631578947368421,0.0,1.1176470588235294,0.8,1.1333333333333333,1.5
7655,1.1176470588235294,1.8518518518518519,1.125,1.0526315789473684,0.631578947368421,0.0,1.1176470588235294,0.8,1.1333333333333333,1.5,1.3333333333333333
7656,1.8518518518518519,1.125,1.0526315789473684,0.631578947368421,0.0,1.1176470588235294,0.8,1.1333333333333333,1.5,1.3333333333333333,1.7
7657,1.125,1.0526315789473684,0.631578947368421,0.0,1.1176470588235294,0.8,1.1333333333333333,1.5,1.3333333333333333,1.7,0.6666666666666666
7658,1.0526315789473684,0.631578947368421,0.0,1.1176470588235294,0.8,1.1333333333333333,1.5,1.3333333333333333,1.7,0.6666666666666666,2.0
7659,0.631578947368421,0.0,1.1176470588235294,0.8,1.1333333333333333,1.5,1.3333333333333333,1.7,0.6666666666666666,2.0,0.3
7660,0.0,1.1176470588235294,0.8,1.1333333333333333,1.5,1.3333333333333333,1.7,0.6666666666666666,2.0,0.3,0.3333333333333333
7661,1.1176470588235294,0.8,1.1333333333333333,1.5,1.3333333333333333,1.7,0.6666666666666666,2.0,0.3,0.3333333333333333,1.0
7662,0.8,1.1333333333333333,1.5,1.3333333333333333,1.7,0.6666666666666666,2.0,0.3,0.3333333333333333,1.0,1.206896551724138
7663,1.1333333333333333,1.5,1.3333333333333333,1.7,0.6666666666666666,2.0,0.3,0.3333333333333333,1.0,1.206896551724138,1.1944444444444444
7664,1.5,1.3333333333333333,1.7,0.6666666666666666,2.0,0.3,0.3333333333333333,1.0,1.206896551724138,1.1944444444444444,1.1666666666666667
7665,1.3333333333333333,1.7,0.6666666666666666,2.0,0.3,0.3333333333333333,1.0,1.206896551724138,1.1944444444444444,1.1666666666666667,0.6923076923076923
7666,1.7,0.6666666666666666,2.0,0.3,0.3333333333333333,1.0,1.206896551724138,1.1944444444444444,1.1666666666666667,0.6923076923076923,1.0625
7667,0.6666666666666666,2.0,0.3,0.3333333333333333,1.0,1.206896551724138,1.1944444444444444,1.1666666666666667,0.6923076923076923,1.0625,1.0
7668,2.0,0.3,0.3333333333333333,1.0,1.206896551724138,1.1944444444444444,1.1666666666666667,0.6923076923076923,1.0625,1.0,1.3793103448275863
7669,0.3,0.3333333333333333,1.0,1.206896551724138,1.1944444444444444,1.1666666666666667,0.6923076923076923,1.0625,1.0,1.3793103448275863,0.0
7670,0.3333333333333333,1.0,1.206896551724138,1.1944444444444444,1.1666666666666667,0.6923076923076923,1.0625,1.0,1.3793103448275863,0.0,0.4
7671,1.0,1.206896551724138,1.1944444444444444,1.1666666666666667,0.6923076923076923,1.0625,1.0,1.3793103448275863,0.0,0.4,1.2162162162162162
7672,1.206896551724138,1.1944444444444444,1.1666666666666667,0.6923076923076923,1.0625,1.0,1.3793103448275863,0.0,0.4,1.2162162162162162,1.3076923076923077
7673,1.1944444444444444,1.1666666666666667,0.6923076923076923,1.0625,1.0,1.3793103448275863,0.0,0.4,1.2162162162162162,1.3076923076923077,1.2380952380952381
7674,1.1666666666666667,0.6923076923076923,1.0625,1.0,1.3793103448275863,0.0,0.4,1.2162162162162162,1.3076923076923077,1.2380952380952381,1.2222222222222223
7675,0.6923076923076923,1.0625,1.0,1.3793103448275863,0.0,0.4,1.2162162162162162,1.3076923076923077,1.2380952380952381,1.2222222222222223,1.121212121212121
7676,1.0625,1.0,1.3793103448275863,0.0,0.4,1.2162162162162162,1.3076923076923077,1.2380952380952381,1.2222222222222223,1.121212121212121,2.272727272727273
7677,1.0,1.3793103448275863,0.0,0.4,1.2162162162162162,1.3076923076923077,1.2380952380952381,1.2222222222222223,1.121212121212121,2.272727272727273,0.0
7678,1.3793103448275863,0.0,0.4,1.2162162162162162,1.3076923076923077,1.2380952380952381,1.2222222222222223,1.121212121212121,2.272727272727273,0.0,0.9090909090909091
7679,0.0,0.4,1.2162162162162162,1.3076923076923077,1.2380952380952381,1.2222222222222223,1.121212121212121,2.272727272727273,0.0,0.9090909090909091,1.6666666666666667
7680,0.4,1.2162162162162162,1.3076923076923077,1.2380952380952381,1.2222222222222223,1.121212121212121,2.272727272727273,0.0,0.9090909090909091,1.6666666666666667,0.2
7681,1.2162162162162162,1.3076923076923077,1.2380952380952381,1.2222222222222223,1.121212121212121,2.272727272727273,0.0,0.9090909090909091,1.6666666666666667,0.2,1.0476190476190477
7682,1.3076923076923077,1.2380952380952381,1.2222222222222223,1.121212121212121,2.272727272727273,0.0,0.9090909090909091,1.6666666666666667,0.2,1.0476190476190477,0.75
7683,1.2380952380952381,1.2222222222222223,1.121212121212121,2.272727272727273,0.0,0.9090909090909091,1.6666666666666667,0.2,1.0476190476190477,0.75,1.3529411764705883
7684,1.2222222222222223,1.121212121212121,2.272727272727273,0.0,0.9090909090909091,1.6666666666666667,0.2,1.0476190476190477,0.75,1.3529411764705883,1.5333333333333334
7685,1.121212121212121,2.272727272727273,0.0,0.9090909090909091,1.6666666666666667,0.2,1.0476190476190477,0.75,1.3529411764705883,1.5333333333333334,1.6521739130434783
7686,2.272727272727273,0.0,0.9090909090909091,1.6666666666666667,0.2,1.0476190476190477,0.75,1.3529411764705883,1.5333333333333334,1.6521739130434783,1.2222222222222223
7687,0.0,0.9090909090909091,1.6666666666666667,0.2,1.0476190476190477,0.75,1.3529411764705883,1.5333333333333334,1.6521739130434783,1.2222222222222223,1.6274509803921569
7688,0.9090909090909091,1.6666666666666667,0.2,1.0476190476190477,0.75,1.3529411764705883,1.5333333333333334,1.6521739130434783,1.2222222222222223,1.6274509803921569,1.25
7689,1.6666666666666667,0.2,1.0476190476190477,0.75,1.3529411764705883,1.5333333333333334,1.6521739130434783,1.2222222222222223,1.6274509803921569,1.25,1.0952380952380953
7690,0.2,1.0476190476190477,0.75,1.3529411764705883,1.5333333333333334,1.6521739130434783,1.2222222222222223,1.6274509803921569,1.25,1.0952380952380953,0.25
7691,1.0476190476190477,0.75,1.3529411764705883,1.5333333333333334,1.6521739130434783,1.2222222222222223,1.6274509803921569,1.25,1.0952380952380953,0.25,0.5
7692,0.75,1.3529411764705883,1.5333333333333334,1.6521739130434783,1.2222222222222223,1.6274509803921569,1.25,1.0952380952380953,0.25,0.5,1.2222222222222223
7693,1.3529411764705883,1.5333333333333334,1.6521739130434783,1.2222222222222223,1.6274509803921569,1.25,1.0952380952380953,0.25,0.5,1.2222222222222223,1.0833333333333333
7694,1.5333333333333334,1.6521739130434783,1.2222222222222223,1.6274509803921569,1.25,1.0952380952380953,0.25,0.5,1.2222222222222223,1.0833333333333333,1.32
7695,1.6521739130434783,1.2222222222222223,1.6274509803921569,1.25,1.0952380952380953,0.25,0.5,1.2222222222222223,1.0833333333333333,1.32,0.7727272727272727
7696,1.2222222222222223,1.6274509803921569,1.25,1.0952380952380953,0.25,0.5,1.2222222222222223,1.0833333333333333,1.32,0.7727272727272727,1.8636363636363635
7697,1.6274509803921569,1.25,1.0952380952380953,0.25,0.5,1.2222222222222223,1.0833333333333333,1.32,0.7727272727272727,1.8636363636363635,1.2
7698,1.25,1.0952380952380953,0.25,0.5,1.2222222222222223,1.0833333333333333,1.32,0.7727272727272727,1.8636363636363635,1.2,0.4666666666666667
7699,1.0952380952380953,0.25,0.5,1.2222222222222223,1.0833333333333333,1.32,0.7727272727272727,1.8636363636363635,1.2,0.4666666666666667,1.5714285714285714
7700,0.25,0.5,1.2222222222222223,1.0833333333333333,1.32,0.7727272727272727,1.8636363636363635,1.2,0.4666666666666667,1.5714285714285714,1.2121212121212122
7701,0.5,1.2222222222222223,1.0833333333333333,1.32,0.7727272727272727,1.8636363636363635,1.2,0.4666666666666667,1.5714285714285714,1.2121212121212122,0.8260869565217391
7702,1.2222222222222223,1.0833333333333333,1.32,0.7727272727272727,1.8636363636363635,1.2,0.4666666666666667,1.5714285714285714,1.2121212121212122,0.8260869565217391,1.121212121212121
7703,1.0833333333333333,1.32,0.7727272727272727,1.8636363636363635,1.2,0.4666666666666667,1.5714285714285714,1.2121212121212122,0.8260869565217391,1.121212121212121,0.0
7704,1.32,0.7727272727272727,1.8636363636363635,1.2,0.4666666666666667,1.5714285714285714,1.2121212121212122,0.8260869565217391,1.121212121212121,0.0,1.0740740740740742
7705,0.7727272727272727,1.8636363636363635,1.2,0.4666666666666667,1.5714285714285714,1.2121212121212122,0.8260869565217391,1.121212121212121,0.0,1.0740740740740742,0.3
7706,1.8636363636363635,1.2,0.4666666666666667,1.5714285714285714,1.2121212121212122,0.8260869565217391,1.121212121212121,0.0,1.0740740740740742,0.3,0.7777777777777778
7707,1.2,0.4666666666666667,1.5714285714285714,1.2121212121212122,0.8260869565217391,1.121212121212121,0.0,1.0740740740740742,0.3,0.7777777777777778,1.6
7708,0.4666666666666667,1.5714285714285714,1.2121212121212122,0.8260869565217391,1.121212121212121,0.0,1.0740740740740742,0.3,0.7777777777777778,1.6,0.7692307692307693
7709,1.5714285714285714,1.2121212121212122,0.8260869565217391,1.121212121212121,0.0,1.0740740740740742,0.3,0.7777777777777778,1.6,0.7692307692307693,1.2142857142857142
7710,1.2121212121212122,0.8260869565217391,1.121212121212121,0.0,1.0740740740740742,0.3,0.7777777777777778,1.6,0.7692307692307693,1.2142857142857142,0.6842105263157895
7711,0.8260869565217391,1.121212121212121,0.0,1.0740740740740742,0.3,0.7777777777777778,1.6,0.7692307692307693,1.2142857142857142,0.6842105263157895,2.0
7712,1.121212121212121,0.0,1.0740740740740742,0.3,0.7777777777777778,1.6,0.7692307692307693,1.2142857142857142,0.6842105263157895,2.0,0.7777777777777778
7713,0.0,1.0740740740740742,0.3,0.7777777777777778,1.6,0.7692307692307693,1.2142857142857142,0.6842105263157895,2.0,0.7777777777777778,1.3170731707317074
7714,1.0740740740740742,0.3,0.7777777777777778,1.6,0.7692307692307693,1.2142857142857142,0.6842105263157895,2.0,0.7777777777777778,1.3170731707317074,0.8857142857142857
7715,0.3,0.7777777777777778,1.6,0.7692307692307693,1.2142857142857142,0.6842105263157895,2.0,0.7777777777777778,1.3170731707317074,0.8857142857142857,0.8461538461538461
7716,0.7777777777777778,1.6,0.7692307692307693,1.2142857142857142,0.6842105263157895,2.0,0.7777777777777778,1.3170731707317074,0.8857142857142857,0.8461538461538461,1.2
7717,1.6,0.7692307692307693,1.2142857142857142,0.6842105263157895,2.0,0.7777777777777778,1.3170731707317074,0.8857142857142857,0.8461538461538461,1.2,1.032258064516129
7718,0.7692307692307693,1.2142857142857142,0.6842105263157895,2.0,0.7777777777777778,1.3170731707317074,0.8857142857142857,0.8461538461538461,1.2,1.032258064516129,2.0
7719,1.2142857142857142,0.6842105263157895,2.0,0.7777777777777778,1.3170731707317074,0.8857142857142857,0.8461538461538461,1.2,1.032258064516129,2.0,0.5625
7720,0.6842105263157895,2.0,0.7777777777777778,1.3170731707317074,0.8857142857142857,0.8461538461538461,1.2,1.032258064516129,2.0,0.5625,1.236842105263158
7721,2.0,0.7777777777777778,1.3170731707317074,0.8857142857142857,0.8461538461538461,1.2,1.032258064516129,2.0,0.5625,1.236842105263158,1.25
7722,0.7777777777777778,1.3170731707317074,0.8857142857142857,0.8461538461538461,1.2,1.032258064516129,2.0,0.5625,1.236842105263158,1.25,1.3
7723,1.3170731707317074,0.8857142857142857,0.8461538461538461,1.2,1.032258064516129,2.0,0.5625,1.236842105263158,1.25,1.3,1.619047619047619
7724,0.8857142857142857,0.8461538461538461,1.2,1.032258064516129,2.0,0.5625,1.236842105263158,1.25,1.3,1.619047619047619,2.2941176470588234
7725,0.8461538461538461,1.2,1.032258064516129,2.0,0.5625,1.236842105263158,1.25,1.3,1.619047619047619,2.2941176470588234,1.1111111111111112
7726,1.2,1.032258064516129,2.0,0.5625,1.236842105263158,1.25,1.3,1.619047619047619,2.2941176470588234,1.1111111111111112,1.5454545454545454
7727,1.032258064516129,2.0,0.5625,1.236842105263158,1.25,1.3,1.619047619047619,2.2941176470588234,1.1111111111111112,1.5454545454545454,1.25
7728,2.0,0.5625,1.236842105263158,1.25,1.3,1.619047619047619,2.2941176470588234,1.1111111111111112,1.5454545454545454,1.25,2.0
7729,0.5625,1.236842105263158,1.25,1.3,1.619047619047619,2.2941176470588234,1.1111111111111112,1.5454545454545454,1.25,2.0,0.8
7730,1.236842105263158,1.25,1.3,1.619047619047619,2.2941176470588234,1.1111111111111112,1.5454545454545454,1.25,2.0,0.8,0.0
7731,1.25,1.3,1.619047619047619,2.2941176470588234,1.1111111111111112,1.5454545454545454,1.25,2.0,0.8,0.0,1.8
7732,1.3,1.619047619047619,2.2941176470588234,1.1111111111111112,1.5454545454545454,1.25,2.0,0.8,0.0,1.8,1.3846153846153846
7733,1.619047619047619,2.2941176470588234,1.1111111111111112,1.5454545454545454,1.25,2.0,0.8,0.0,1.8,1.3846153846153846,1.4285714285714286
7734,2.2941176470588234,1.1111111111111112,1.5454545454545454,1.25,2.0,0.8,0.0,1.8,1.3846153846153846,1.4285714285714286,1.8125
7735,1.1111111111111112,1.5454545454545454,1.25,2.0,0.8,0.0,1.8,1.3846153846153846,1.4285714285714286,1.8125,0.375
7736,1.5454545454545454,1.25,2.0,0.8,0.0,1.8,1.3846153846153846,1.4285714285714286,1.8125,0.375,1.8421052631578947
7737,1.25,2.0,0.8,0.0,1.8,1.3846153846153846,1.4285714285714286,1.8125,0.375,1.8421052631578947,1.4782608695652173
7738,2.0,0.8,0.0,1.8,1.3846153846153846,1.4285714285714286,1.8125,0.375,1.8421052631578947,1.4782608695652173,0.5
7739,0.8,0.0,1.8,1.3846153846153846,1.4285714285714286,1.8125,0.375,1.8421052631578947,1.4782608695652173,0.5,1.7142857142857142
7740,0.0,1.8,1.3846153846153846,1.4285714285714286,1.8125,0.375,1.8421052631578947,1.4782608695652173,0.5,1.7142857142857142,1.542857142857143
7741,1.8,1.3846153846153846,1.4285714285714286,1.8125,0.375,1.8421052631578947,1.4782608695652173,0.5,1.7142857142857142,1.542857142857143,1.0769230769230769
7742,1.3846153846153846,1.4285714285714286,1.8125,0.375,1.8421052631578947,1.4782608695652173,0.5,1.7142857142857142,1.542857142857143,1.0769230769230769,1.411764705882353
7743,1.4285714285714286,1.8125,0.375,1.8421052631578947,1.4782608695652173,0.5,1.7142857142857142,1.542857142857143,1.0769230769230769,1.411764705882353,0.6666666666666666
7744,1.8125,0.375,1.8421052631578947,1.4782608695652173,0.5,1.7142857142857142,1.542857142857143,1.0769230769230769,1.411764705882353,0.6666666666666666,1.3235294117647058
7745,0.375,1.8421052631578947,1.4782608695652173,0.5,1.7142857142857142,1.542857142857143,1.0769230769230769,1.411764705882353,0.6666666666666666,1.3235294117647058,0.42857142857142855
7746,1.8421052631578947,1.4782608695652173,0.5,1.7142857142857142,1.542857142857143,1.0769230769230769,1.411764705882353,0.6666666666666666,1.3235294117647058,0.42857142857142855,0.25
7747,1.4782608695652173,0.5,1.7142857142857142,1.542857142857143,1.0769230769230769,1.411764705882353,0.6666666666666666,1.3235294117647058,0.42857142857142855,0.25,1.2962962962962963
7748,0.5,1.7142857142857142,1.542857142857143,1.0769230769230769,1.411764705882353,0.6666666666666666,1.3235294117647058,0.42857142857142855,0.25,1.2962962962962963,1.34
7749,1.7142857142857142,1.542857142857143,1.0769230769230769,1.411764705882353,0.6666666666666666,1.3235294117647058,0.42857142857142855,0.25,1.2962962962962963,1.34,1.625
7750,1.542857142857143,1.0769230769230769,1.411764705882353,0.6666666666666666,1.3235294117647058,0.42857142857142855,0.25,1.2962962962962963,1.34,1.625,1.2222222222222223
7751,1.0769230769230769,1.411764705882353,0.6666666666666666,1.3235294117647058,0.42857142857142855,0.25,1.2962962962962963,1.34,1.625,1.2222222222222223,0.9333333333333333
7752,1.411764705882353,0.6666666666666666,1.3235294117647058,0.42857142857142855,0.25,1.2962962962962963,1.34,1.625,1.2222222222222223,0.9333333333333333,0.0
7753,0.6666666666666666,1.3235294117647058,0.42857142857142855,0.25,1.2962962962962963,1.34,1.625,1.2222222222222223,0.9333333333333333,0.0,1.5714285714285714
7754,1.3235294117647058,0.42857142857142855,0.25,1.2962962962962963,1.34,1.625,1.2222222222222223,0.9333333333333333,0.0,1.5714285714285714,0.851063829787234
7755,0.42857142857142855,0.25,1.2962962962962963,1.34,1.625,1.2222222222222223,0.9333333333333333,0.0,1.5714285714285714,0.851063829787234,0.2857142857142857
7756,0.25,1.2962962962962963,1.34,1.625,1.2222222222222223,0.9333333333333333,0.0,1.5714285714285714,0.851063829787234,0.2857142857142857,6.0
7757,1.2962962962962963,1.34,1.625,1.2222222222222223,0.9333333333333333,0.0,1.5714285714285714,0.851063829787234,0.2857142857142857,6.0,1.0
7758,1.34,1.625,1.2222222222222223,0.9333333333333333,0.0,1.5714285714285714,0.851063829787234,0.2857142857142857,6.0,1.0,0.4
7759,1.625,1.2222222222222223,0.9333333333333333,0.0,1.5714285714285714,0.851063829787234,0.2857142857142857,6.0,1.0,0.4,0.7878787878787878
7760,1.2222222222222223,0.9333333333333333,0.0,1.5714285714285714,0.851063829787234,0.2857142857142857,6.0,1.0,0.4,0.7878787878787878,1.121212121212121
7761,0.9333333333333333,0.0,1.5714285714285714,0.851063829787234,0.2857142857142857,6.0,1.0,0.4,0.7878787878787878,1.121212121212121,1.1904761904761905
7762,0.0,1.5714285714285714,0.851063829787234,0.2857142857142857,6.0,1.0,0.4,0.7878787878787878,1.121212121212121,1.1904761904761905,1.2121212121212122
7763,1.5714285714285714,0.851063829787234,0.2857142857142857,6.0,1.0,0.4,0.7878787878787878,1.121212121212121,1.1904761904761905,1.2121212121212122,0.75
7764,0.851063829787234,0.2857142857142857,6.0,1.0,0.4,0.7878787878787878,1.121212121212121,1.1904761904761905,1.2121212121212122,0.75,1.4
7765,0.2857142857142857,6.0,1.0,0.4,0.7878787878787878,1.121212121212121,1.1904761904761905,1.2121212121212122,0.75,1.4,1.3157894736842106
7766,6.0,1.0,0.4,0.7878787878787878,1.121212121212121,1.1904761904761905,1.2121212121212122,0.75,1.4,1.3157894736842106,1.5
7767,1.0,0.4,0.7878787878787878,1.121212121212121,1.1904761904761905,1.2121212121212122,0.75,1.4,1.3157894736842106,1.5,0.3333333333333333
7768,0.4,0.7878787878787878,1.121212121212121,1.1904761904761905,1.2121212121212122,0.75,1.4,1.3157894736842106,1.5,0.3333333333333333,1.6666666666666667
7769,0.7878787878787878,1.121212121212121,1.1904761904761905,1.2121212121212122,0.75,1.4,1.3157894736842106,1.5,0.3333333333333333,1.6666666666666667,1.263157894736842
7770,1.121212121212121,1.1904761904761905,1.2121212121212122,0.75,1.4,1.3157894736842106,1.5,0.3333333333333333,1.6666666666666667,1.263157894736842,1.619047619047619
7771,1.1904761904761905,1.2121212121212122,0.75,1.4,1.3157894736842106,1.5,0.3333333333333333,1.6666666666666667,1.263157894736842,1.619047619047619,2.0
7772,1.2121212121212122,0.75,1.4,1.3157894736842106,1.5,0.3333333333333333,1.6666666666666667,1.263157894736842,1.619047619047619,2.0,0.375
7773,0.75,1.4,1.3157894736842106,1.5,0.3333333333333333,1.6666666666666667,1.263157894736842,1.619047619047619,2.0,0.375,1.5714285714285714
7774,1.4,1.3157894736842106,1.5,0.3333333333333333,1.6666666666666667,1.263157894736842,1.619047619047619,2.0,0.375,1.5714285714285714,0.0
7775,1.3157894736842106,1.5,0.3333333333333333,1.6666666666666667,1.263157894736842,1.619047619047619,2.0,0.375,1.5714285714285714,0.0,4.0
7776,1.5,0.3333333333333333,1.6666666666666667,1.263157894736842,1.619047619047619,2.0,0.375,1.5714285714285714,0.0,4.0,2.0232558139534884
7777,0.3333333333333333,1.6666666666666667,1.263157894736842,1.619047619047619,2.0,0.375,1.5714285714285714,0.0,4.0,2.0232558139534884,1.3333333333333333
7778,1.6666666666666667,1.263157894736842,1.619047619047619,2.0,0.375,1.5714285714285714,0.0,4.0,2.0232558139534884,1.3333333333333333,1.625
7779,1.263157894736842,1.619047619047619,2.0,0.375,1.5714285714285714,0.0,4.0,2.0232558139534884,1.3333333333333333,1.625,1.1851851851851851
7780,1.619047619047619,2.0,0.375,1.5714285714285714,0.0,4.0,2.0232558139534884,1.3333333333333333,1.625,1.1851851851851851,1.3333333333333333
7781,2.0,0.375,1.5714285714285714,0.0,4.0,2.0232558139534884,1.3333333333333333,1.625,1.1851851851851851,1.3333333333333333,1.5333333333333334
7782,0.375,1.5714285714285714,0.0,4.0,2.0232558139534884,1.3333333333333333,1.625,1.1851851851851851,1.3333333333333333,1.5333333333333334,0.5
7783,1.5714285714285714,0.0,4.0,2.0232558139534884,1.3333333333333333,1.625,1.1851851851851851,1.3333333333333333,1.5333333333333334,0.5,1.5384615384615385
7784,0.0,4.0,2.0232558139534884,1.3333333333333333,1.625,1.1851851851851851,1.3333333333333333,1.5333333333333334,0.5,1.5384615384615385,1.7878787878787878
7785,4.0,2.0232558139534884,1.3333333333333333,1.625,1.1851851851851851,1.3333333333333333,1.5333333333333334,0.5,1.5384615384615385,1.7878787878787878,0.7037037037037037
7786,2.0232558139534884,1.3333333333333333,1.625,1.1851851851851851,1.3333333333333333,1.5333333333333334,0.5,1.5384615384615385,1.7878787878787878,0.7037037037037037,1.6428571428571428
7787,1.3333333333333333,1.625,1.1851851851851851,1.3333333333333333,1.5333333333333334,0.5,1.5384615384615385,1.7878787878787878,0.7037037037037037,1.6428571428571428,1.4
7788,1.625,1.1851851851851851,1.3333333333333333,1.5333333333333334,0.5,1.5384615384615385,1.7878787878787878,0.7037037037037037,1.6428571428571428,1.4,1.8928571428571428
7789,1.1851851851851851,1.3333333333333333,1.5333333333333334,0.5,1.5384615384615385,1.7878787878787878,0.7037037037037037,1.6428571428571428,1.4,1.8928571428571428,1.625
7790,1.3333333333333333,1.5333333333333334,0.5,1.5384615384615385,1.7878787878787878,0.7037037037037037,1.6428571428571428,1.4,1.8928571428571428,1.625,0.0
7791,1.5333333333333334,0.5,1.5384615384615385,1.7878787878787878,0.7037037037037037,1.6428571428571428,1.4,1.8928571428571428,1.625,0.0,1.0
7792,0.5,1.5384615384615385,1.7878787878787878,0.7037037037037037,1.6428571428571428,1.4,1.8928571428571428,1.625,0.0,1.0,1.4318181818181819
7793,1.5384615384615385,1.7878787878787878,0.7037037037037037,1.6428571428571428,1.4,1.8928571428571428,1.625,0.0,1.0,1.4318181818181819,0.3333333333333333
7794,1.7878787878787878,0.7037037037037037,1.6428571428571428,1.4,1.8928571428571428,1.625,0.0,1.0,1.4318181818181819,0.3333333333333333,1.0909090909090908
7795,0.7037037037037037,1.6428571428571428,1.4,1.8928571428571428,1.625,0.0,1.0,1.4318181818181819,0.3333333333333333,1.0909090909090908,1.0
7796,1.6428571428571428,1.4,1.8928571428571428,1.625,0.0,1.0,1.4318181818181819,0.3333333333333333,1.0909090909090908,1.0,0.5
7797,1.4,1.8928571428571428,1.625,0.0,1.0,1.4318181818181819,0.3333333333333333,1.0909090909090908,1.0,0.5,0.75
7798,1.8928571428571428,1.625,0.0,1.0,1.4318181818181819,0.3333333333333333,1.0909090909090908,1.0,0.5,0.75,0.4444444444444444
7799,1.625,0.0,1.0,1.4318181818181819,0.3333333333333333,1.0909090909090908,1.0,0.5,0.75,0.4444444444444444,1.3
7800,0.0,1.0,1.4318181818181819,0.3333333333333333,1.0909090909090908,1.0,0.5,0.75,0.4444444444444444,1.3,1.3636363636363635
7801,1.0,1.4318181818181819,0.3333333333333333,1.0909090909090908,1.0,0.5,0.75,0.4444444444444444,1.3,1.3636363636363635,1.2
7802,1.4318181818181819,0.3333333333333333,1.0909090909090908,1.0,0.5,0.75,0.4444444444444444,1.3,1.3636363636363635,1.2,0.14285714285714285
7803,0.3333333333333333,1.0909090909090908,1.0,0.5,0.75,0.4444444444444444,1.3,1.3636363636363635,1.2,0.14285714285714285,0.3333333333333333
7804,1.0909090909090908,1.0,0.5,0.75,0.4444444444444444,1.3,1.3636363636363635,1.2,0.14285714285714285,0.3333333333333333,0.16666666666666666
7805,1.0,0.5,0.75,0.4444444444444444,1.3,1.3636363636363635,1.2,0.14285714285714285,0.3333333333333333,0.16666666666666666,1.76
7806,0.5,0.75,0.4444444444444444,1.3,1.3636363636363635,1.2,0.14285714285714285,0.3333333333333333,0.16666666666666666,1.76,1.1875
7807,0.75,0.4444444444444444,1.3,1.3636363636363635,1.2,0.14285714285714285,0.3333333333333333,0.16666666666666666,1.76,1.1875,1.5
7808,0.4444444444444444,1.3,1.3636363636363635,1.2,0.14285714285714285,0.3333333333333333,0.16666666666666666,1.76,1.1875,1.5,0.8
7809,1.3,1.3636363636363635,1.2,0.14285714285714285,0.3333333333333333,0.16666666666666666,1.76,1.1875,1.5,0.8,1.4705882352941178
7810,1.3636363636363635,1.2,0.14285714285714285,0.3333333333333333,0.16666666666666666,1.76,1.1875,1.5,0.8,1.4705882352941178,1.5714285714285714
7811,1.2,0.14285714285714285,0.3333333333333333,0.16666666666666666,1.76,1.1875,1.5,0.8,1.4705882352941178,1.5714285714285714,5.5
7812,0.14285714285714285,0.3333333333333333,0.16666666666666666,1.76,1.1875,1.5,0.8,1.4705882352941178,1.5714285714285714,5.5,1.2
7813,0.3333333333333333,0.16666666666666666,1.76,1.1875,1.5,0.8,1.4705882352941178,1.5714285714285714,5.5,1.2,1.4615384615384615
7814,0.16666666666666666,1.76,1.1875,1.5,0.8,1.4705882352941178,1.5714285714285714,5.5,1.2,1.4615384615384615,1.3043478260869565
7815,1.76,1.1875,1.5,0.8,1.4705882352941178,1.5714285714285714,5.5,1.2,1.4615384615384615,1.3043478260869565,1.1818181818181819
7816,1.1875,1.5,0.8,1.4705882352941178,1.5714285714285714,5.5,1.2,1.4615384615384615,1.3043478260869565,1.1818181818181819,2.3846153846153846
7817,1.5,0.8,1.4705882352941178,1.5714285714285714,5.5,1.2,1.4615384615384615,1.3043478260869565,1.1818181818181819,2.3846153846153846,1.7179487179487178
7818,0.8,1.4705882352941178,1.5714285714285714,5.5,1.2,1.4615384615384615,1.3043478260869565,1.1818181818181819,2.3846153846153846,1.7179487179487178,1.4444444444444444
7819,1.4705882352941178,1.5714285714285714,5.5,1.2,1.4615384615384615,1.3043478260869565,1.1818181818181819,2.3846153846153846,1.7179487179487178,1.4444444444444444,1.9428571428571428
7820,1.5714285714285714,5.5,1.2,1.4615384615384615,1.3043478260869565,1.1818181818181819,2.3846153846153846,1.7179487179487178,1.4444444444444444,1.9428571428571428,1.1764705882352942
7821,5.5,1.2,1.4615384615384615,1.3043478260869565,1.1818181818181819,2.3846153846153846,1.7179487179487178,1.4444444444444444,1.9428571428571428,1.1764705882352942,0.5
7822,1.2,1.4615384615384615,1.3043478260869565,1.1818181818181819,2.3846153846153846,1.7179487179487178,1.4444444444444444,1.9428571428571428,1.1764705882352942,0.5,1.8928571428571428
7823,1.4615384615384615,1.3043478260869565,1.1818181818181819,2.3846153846153846,1.7179487179487178,1.4444444444444444,1.9428571428571428,1.1764705882352942,0.5,1.8928571428571428,1.3333333333333333
7824,1.3043478260869565,1.1818181818181819,2.3846153846153846,1.7179487179487178,1.4444444444444444,1.9428571428571428,1.1764705882352942,0.5,1.8928571428571428,1.3333333333333333,0.8
7825,1.1818181818181819,2.3846153846153846,1.7179487179487178,1.4444444444444444,1.9428571428571428,1.1764705882352942,0.5,1.8928571428571428,1.3333333333333333,0.8,0.8888888888888888
7826,2.3846153846153846,1.7179487179487178,1.4444444444444444,1.9428571428571428,1.1764705882352942,0.5,1.8928571428571428,1.3333333333333333,0.8,0.8888888888888888,1.6153846153846154
7827,1.7179487179487178,1.4444444444444444,1.9428571428571428,1.1764705882352942,0.5,1.8928571428571428,1.3333333333333333,0.8,0.8888888888888888,1.6153846153846154,0.85
7828,1.4444444444444444,1.9428571428571428,1.1764705882352942,0.5,1.8928571428571428,1.3333333333333333,0.8,0.8888888888888888,1.6153846153846154,0.85,1.6666666666666667
7829,1.9428571428571428,1.1764705882352942,0.5,1.8928571428571428,1.3333333333333333,0.8,0.8888888888888888,1.6153846153846154,0.85,1.6666666666666667,1.3666666666666667
7830,1.1764705882352942,0.5,1.8928571428571428,1.3333333333333333,0.8,0.8888888888888888,1.6153846153846154,0.85,1.6666666666666667,1.3666666666666667,1.4285714285714286
7831,0.5,1.8928571428571428,1.3333333333333333,0.8,0.8888888888888888,1.6153846153846154,0.85,1.6666666666666667,1.3666666666666667,1.4285714285714286,2.4285714285714284
7832,1.8928571428571428,1.3333333333333333,0.8,0.8888888888888888,1.6153846153846154,0.85,1.6666666666666667,1.3666666666666667,1.4285714285714286,2.4285714285714284,1.0344827586206897
7833,1.3333333333333333,0.8,0.8888888888888888,1.6153846153846154,0.85,1.6666666666666667,1.3666666666666667,1.4285714285714286,2.4285714285714284,1.0344827586206897,1.7894736842105263
7834,0.8,0.8888888888888888,1.6153846153846154,0.85,1.6666666666666667,1.3666666666666667,1.4285714285714286,2.4285714285714284,1.0344827586206897,1.7894736842105263,2.066666666666667
7835,0.8888888888888888,1.6153846153846154,0.85,1.6666666666666667,1.3666666666666667,1.4285714285714286,2.4285714285714284,1.0344827586206897,1.7894736842105263,2.066666666666667,0.5555555555555556
7836,1.6153846153846154,0.85,1.6666666666666667,1.3666666666666667,1.4285714285714286,2.4285714285714284,1.0344827586206897,1.7894736842105263,2.066666666666667,0.5555555555555556,1.3414634146341464
7837,0.85,1.6666666666666667,1.3666666666666667,1.4285714285714286,2.4285714285714284,1.0344827586206897,1.7894736842105263,2.066666666666667,0.5555555555555556,1.3414634146341464,1.3823529411764706
7838,1.6666666666666667,1.3666666666666667,1.4285714285714286,2.4285714285714284,1.0344827586206897,1.7894736842105263,2.066666666666667,0.5555555555555556,1.3414634146341464,1.3823529411764706,2.25
7839,1.3666666666666667,1.4285714285714286,2.4285714285714284,1.0344827586206897,1.7894736842105263,2.066666666666667,0.5555555555555556,1.3414634146341464,1.3823529411764706,2.25,1.4090909090909092
7840,0.25,1.4,0.0,0.5,0.8461538461538461,1.0,0.6,0.0,0.0,1.0,0.6363636363636364
7841,1.4,0.0,0.5,0.8461538461538461,1.0,0.6,0.0,0.0,1.0,0.6363636363636364,1.0
7842,0.0,0.5,0.8461538461538461,1.0,0.6,0.0,0.0,1.0,0.6363636363636364,1.0,3.5
7843,0.5,0.8461538461538461,1.0,0.6,0.0,0.0,1.0,0.6363636363636364,1.0,3.5,0.0
7844,0.8461538461538461,1.0,0.6,0.0,0.0,1.0,0.6363636363636364,1.0,3.5,0.0,0.0
7845,1.0,0.6,0.0,0.0,1.0,0.6363636363636364,1.0,3.5,0.0,0.0,1.6666666666666667
7846,0.6,0.0,0.0,1.0,0.6363636363636364,1.0,3.5,0.0,0.0,1.6666666666666667,1.0
7847,0.0,0.0,1.0,0.6363636363636364,1.0,3.5,0.0,0.0,1.6666666666666667,1.0,0.0
7848,0.0,1.0,0.6363636363636364,1.0,3.5,0.0,0.0,1.6666666666666667,1.0,0.0,1.3333333333333333
7849,1.0,0.6363636363636364,1.0,3.5,0.0,0.0,1.6666666666666667,1.0,0.0,1.3333333333333333,1.0625
7850,1.1777777777777778,1.5,1.4285714285714286,0.9375,0.0,1.0,1.3478260869565217,0.7857142857142857,1.3333333333333333,0.9285714285714286,0.76
7851,1.5,1.4285714285714286,0.9375,0.0,1.0,1.3478260869565217,0.7857142857142857,1.3333333333333333,0.9285714285714286,0.76,1.236842105263158
7852,1.4285714285714286,0.9375,0.0,1.0,1.3478260869565217,0.7857142857142857,1.3333333333333333,0.9285714285714286,0.76,1.236842105263158,0.0
7853,0.9375,0.0,1.0,1.3478260869565217,0.7857142857142857,1.3333333333333333,0.9285714285714286,0.76,1.236842105263158,0.0,1.6206896551724137
7854,0.0,1.0,1.3478260869565217,0.7857142857142857,1.3333333333333333,0.9285714285714286,0.76,1.236842105263158,0.0,1.6206896551724137,3.25
7855,1.0,1.3478260869565217,0.7857142857142857,1.3333333333333333,0.9285714285714286,0.76,1.236842105263158,0.0,1.6206896551724137,3.25,1.8888888888888888
7856,1.3478260869565217,0.7857142857142857,1.3333333333333333,0.9285714285714286,0.76,1.236842105263158,0.0,1.6206896551724137,3.25,1.8888888888888888,0.4444444444444444
7857,0.7857142857142857,1.3333333333333333,0.9285714285714286,0.76,1.236842105263158,0.0,1.6206896551724137,3.25,1.8888888888888888,0.4444444444444444,1.6111111111111112
7858,1.3333333333333333,0.9285714285714286,0.76,1.236842105263158,0.0,1.6206896551724137,3.25,1.8888888888888888,0.4444444444444444,1.6111111111111112,1.5909090909090908
7859,0.9285714285714286,0.76,1.236842105263158,0.0,1.6206896551724137,3.25,1.8888888888888888,0.4444444444444444,1.6111111111111112,1.5909090909090908,1.0714285714285714
7860,0.76,1.236842105263158,0.0,1.6206896551724137,3.25,1.8888888888888888,0.4444444444444444,1.6111111111111112,1.5909090909090908,1.0714285714285714,1.2244897959183674
7861,1.236842105263158,0.0,1.6206896551724137,3.25,1.8888888888888888,0.4444444444444444,1.6111111111111112,1.5909090909090908,1.0714285714285714,1.2244897959183674,0.926829268292683
7862,0.0,1.6206896551724137,3.25,1.8888888888888888,0.4444444444444444,1.6111111111111112,1.5909090909090908,1.0714285714285714,1.2244897959183674,0.926829268292683,0.3076923076923077
7863,1.6206896551724137,3.25,1.8888888888888888,0.4444444444444444,1.6111111111111112,1.5909090909090908,1.0714285714285714,1.2244897959183674,0.926829268292683,0.3076923076923077,0.9333333333333333
7864,3.25,1.8888888888888888,0.4444444444444444,1.6111111111111112,1.5909090909090908,1.0714285714285714,1.2244897959183674,0.926829268292683,0.3076923076923077,0.9333333333333333,0.7272727272727273
7865,1.8888888888888888,0.4444444444444444,1.6111111111111112,1.5909090909090908,1.0714285714285714,1.2244897959183674,0.926829268292683,0.3076923076923077,0.9333333333333333,0.7272727272727273,1.4137931034482758
7866,0.4444444444444444,1.6111111111111112,1.5909090909090908,1.0714285714285714,1.2244897959183674,0.926829268292683,0.3076923076923077,0.9333333333333333,0.7272727272727273,1.4137931034482758,1.1875
7867,1.6111111111111112,1.5909090909090908,1.0714285714285714,1.2244897959183674,0.926829268292683,0.3076923076923077,0.9333333333333333,0.7272727272727273,1.4137931034482758,1.1875,1.0
7868,1.5909090909090908,1.0714285714285714,1.2244897959183674,0.926829268292683,0.3076923076923077,0.9333333333333333,0.7272727272727273,1.4137931034482758,1.1875,1.0,1.0294117647058822
7869,1.0714285714285714,1.2244897959183674,0.926829268292683,0.3076923076923077,0.9333333333333333,0.7272727272727273,1.4137931034482758,1.1875,1.0,1.0294117647058822,1.3333333333333333
7870,1.2244897959183674,0.926829268292683,0.3076923076923077,0.9333333333333333,0.7272727272727273,1.4137931034482758,1.1875,1.0,1.0294117647058822,1.3333333333333333,1.125
7871,0.926829268292683,0.3076923076923077,0.9333333333333333,0.7272727272727273,1.4137931034482758,1.1875,1.0,1.0294117647058822,1.3333333333333333,1.125,1.1333333333333333
7872,0.3076923076923077,0.9333333333333333,0.7272727272727273,1.4137931034482758,1.1875,1.0,1.0294117647058822,1.3333333333333333,1.125,1.1333333333333333,1.1944444444444444
7873,0.9333333333333333,0.7272727272727273,1.4137931034482758,1.1875,1.0,1.0294117647058822,1.3333333333333333,1.125,1.1333333333333333,1.1944444444444444,0.75
7874,0.7272727272727273,1.4137931034482758,1.1875,1.0,1.0294117647058822,1.3333333333333333,1.125,1.1333333333333333,1.1944444444444444,0.75,0.5
7875,1.4137931034482758,1.1875,1.0,1.0294117647058822,1.3333333333333333,1.125,1.1333333333333333,1.1944444444444444,0.75,0.5,1.4210526315789473
7876,1.1875,1.0,1.0294117647058822,1.3333333333333333,1.125,1.1333333333333333,1.1944444444444444,0.75,0.5,1.4210526315789473,1.3513513513513513
7877,1.0,1.0294117647058822,1.3333333333333333,1.125,1.1333333333333333,1.1944444444444444,0.75,0.5,1.4210526315789473,1.3513513513513513,0.1111111111111111
7878,1.0294117647058822,1.3333333333333333,1.125,1.1333333333333333,1.1944444444444444,0.75,0.5,1.4210526315789473,1.3513513513513513,0.1111111111111111,1.6326530612244898
7879,1.3333333333333333,1.125,1.1333333333333333,1.1944444444444444,0.75,0.5,1.4210526315789473,1.3513513513513513,0.1111111111111111,1.6326530612244898,1.4444444444444444
7880,1.125,1.1333333333333333,1.1944444444444444,0.75,0.5,1.4210526315789473,1.3513513513513513,0.1111111111111111,1.6326530612244898,1.4444444444444444,0.8421052631578947
7881,1.1333333333333333,1.1944444444444444,0.75,0.5,1.4210526315789473,1.3513513513513513,0.1111111111111111,1.6326530612244898,1.4444444444444444,0.8421052631578947,0.8260869565217391
7882,1.1944444444444444,0.75,0.5,1.4210526315789473,1.3513513513513513,0.1111111111111111,1.6326530612244898,1.4444444444444444,0.8421052631578947,0.8260869565217391,1.3333333333333333
7883,0.75,0.5,1.4210526315789473,1.3513513513513513,0.1111111111111111,1.6326530612244898,1.4444444444444444,0.8421052631578947,0.8260869565217391,1.3333333333333333,0.7777777777777778
7884,0.5,1.4210526315789473,1.3513513513513513,0.1111111111111111,1.6326530612244898,1.4444444444444444,0.8421052631578947,0.8260869565217391,1.3333333333333333,0.7777777777777778,1.641025641025641
7885,1.4210526315789473,1.3513513513513513,0.1111111111111111,1.6326530612244898,1.4444444444444444,0.8421052631578947,0.8260869565217391,1.3333333333333333,0.7777777777777778,1.641025641025641,1.8235294117647058
7886,1.3513513513513513,0.1111111111111111,1.6326530612244898,1.4444444444444444,0.8421052631578947,0.8260869565217391,1.3333333333333333,0.7777777777777778,1.641025641025641,1.8235294117647058,1.2826086956521738
7887,0.1111111111111111,1.6326530612244898,1.4444444444444444,0.8421052631578947,0.8260869565217391,1.3333333333333333,0.7777777777777778,1.641025641025641,1.8235294117647058,1.2826086956521738,0.0
7888,1.6326530612244898,1.4444444444444444,0.8421052631578947,0.8260869565217391,1.3333333333333333,0.7777777777777778,1.641025641025641,1.8235294117647058,1.2826086956521738,0.0,1.0
7889,1.4444444444444444,0.8421052631578947,0.8260869565217391,1.3333333333333333,0.7777777777777778,1.641025641025641,1.8235294117647058,1.2826086956521738,0.0,1.0,1.2608695652173914
7890,0.8421052631578947,0.8260869565217391,1.3333333333333333,0.7777777777777778,1.641025641025641,1.8235294117647058,1.2826086956521738,0.0,1.0,1.2608695652173914,1.5
7891,0.8260869565217391,1.3333333333333333,0.7777777777777778,1.641025641025641,1.8235294117647058,1.2826086956521738,0.0,1.0,1.2608695652173914,1.5,1.2758620689655173
7892,1.3333333333333333,0.7777777777777778,1.641025641025641,1.8235294117647058,1.2826086956521738,0.0,1.0,1.2608695652173914,1.5,1.2758620689655173,1.5
7893,0.7777777777777778,1.641025641025641,1.8235294117647058,1.2826086956521738,0.0,1.0,1.2608695652173914,1.5,1.2758620689655173,1.5,1.2727272727272727
7894,1.641025641025641,1.8235294117647058,1.2826086956521738,0.0,1.0,1.2608695652173914,1.5,1.2758620689655173,1.5,1.2727272727272727,0.875
7895,1.8235294117647058,1.2826086956521738,0.0,1.0,1.2608695652173914,1.5,1.2758620689655173,1.5,1.2727272727272727,0.875,0.3
7896,1.2826086956521738,0.0,1.0,1.2608695652173914,1.5,1.2758620689655173,1.5,1.2727272727272727,0.875,0.3,0.5
7897,0.0,1.0,1.2608695652173914,1.5,1.2758620689655173,1.5,1.2727272727272727,0.875,0.3,0.5,1.6458333333333333
7898,1.0,1.2608695652173914,1.5,1.2758620689655173,1.5,1.2727272727272727,0.875,0.3,0.5,1.6458333333333333,1.1842105263157894
7899,1.2608695652173914,1.5,1.2758620689655173,1.5,1.2727272727272727,0.875,0.3,0.5,1.6458333333333333,1.1842105263157894,1.6923076923076923
7900,1.5,1.2758620689655173,1.5,1.2727272727272727,0.875,0.3,0.5,1.6458333333333333,1.1842105263157894,1.6923076923076923,1.5
7901,1.2758620689655173,1.5,1.2727272727272727,0.875,0.3,0.5,1.6458333333333333,1.1842105263157894,1.6923076923076923,1.5,1.5384615384615385
7902,1.5,1.2727272727272727,0.875,0.3,0.5,1.6458333333333333,1.1842105263157894,1.6923076923076923,1.5,1.5384615384615385,1.3333333333333333
7903,1.2727272727272727,0.875,0.3,0.5,1.6458333333333333,1.1842105263157894,1.6923076923076923,1.5,1.5384615384615385,1.3333333333333333,1.75
7904,0.875,0.3,0.5,1.6458333333333333,1.1842105263157894,1.6923076923076923,1.5,1.5384615384615385,1.3333333333333333,1.75,1.1363636363636365
7905,0.3,0.5,1.6458333333333333,1.1842105263157894,1.6923076923076923,1.5,1.5384615384615385,1.3333333333333333,1.75,1.1363636363636365,1.2
7906,0.5,1.6458333333333333,1.1842105263157894,1.6923076923076923,1.5,1.5384615384615385,1.3333333333333333,1.75,1.1363636363636365,1.2,1.1666666666666667
7907,1.6458333333333333,1.1842105263157894,1.6923076923076923,1.5,1.5384615384615385,1.3333333333333333,1.75,1.1363636363636365,1.2,1.1666666666666667,1.0
7908,1.1842105263157894,1.6923076923076923,1.5,1.5384615384615385,1.3333333333333333,1.75,1.1363636363636365,1.2,1.1666666666666667,1.0,1.588235294117647
7909,1.6923076923076923,1.5,1.5384615384615385,1.3333333333333333,1.75,1.1363636363636365,1.2,1.1666666666666667,1.0,1.588235294117647,0.5789473684210527
7910,1.5,1.5384615384615385,1.3333333333333333,1.75,1.1363636363636365,1.2,1.1666666666666667,1.0,1.588235294117647,0.5789473684210527,0.5714285714285714
7911,1.5384615384615385,1.3333333333333333,1.75,1.1363636363636365,1.2,1.1666666666666667,1.0,1.588235294117647,0.5789473684210527,0.5714285714285714,0.0
7912,1.3333333333333333,1.75,1.1363636363636365,1.2,1.1666666666666667,1.0,1.588235294117647,0.5789473684210527,0.5714285714285714,0.0,1.3478260869565217
7913,1.75,1.1363636363636365,1.2,1.1666666666666667,1.0,1.588235294117647,0.5789473684210527,0.5714285714285714,0.0,1.3478260869565217,1.0434782608695652
7914,1.1363636363636365,1.2,1.1666666666666667,1.0,1.588235294117647,0.5789473684210527,0.5714285714285714,0.0,1.3478260869565217,1.0434782608695652,1.3103448275862069
7915,1.2,1.1666666666666667,1.0,1.588235294117647,0.5789473684210527,0.5714285714285714,0.0,1.3478260869565217,1.0434782608695652,1.3103448275862069,0.3333333333333333
7916,1.1666666666666667,1.0,1.588235294117647,0.5789473684210527,0.5714285714285714,0.0,1.3478260869565217,1.0434782608695652,1.3103448275862069,0.3333333333333333,1.2307692307692308
7917,1.0,1.588235294117647,0.5789473684210527,0.5714285714285714,0.0,1.3478260869565217,1.0434782608695652,1.3103448275862069,0.3333333333333333,1.2307692307692308,2.2
7918,1.588235294117647,0.5789473684210527,0.5714285714285714,0.0,1.3478260869565217,1.0434782608695652,1.3103448275862069,0.3333333333333333,1.2307692307692308,2.2,1.3111111111111111
7919,0.5789473684210527,0.5714285714285714,0.0,1.3478260869565217,1.0434782608695652,1.3103448275862069,0.3333333333333333,1.2307692307692308,2.2,1.3111111111111111,0.75
7920,0.5714285714285714,0.0,1.3478260869565217,1.0434782608695652,1.3103448275862069,0.3333333333333333,1.2307692307692308,2.2,1.3111111111111111,0.75,1.2
7921,0.0,1.3478260869565217,1.0434782608695652,1.3103448275862069,0.3333333333333333,1.2307692307692308,2.2,1.3111111111111111,0.75,1.2,1.1428571428571428
7922,1.3478260869565217,1.0434782608695652,1.3103448275862069,0.3333333333333333,1.2307692307692308,2.2,1.3111111111111111,0.75,1.2,1.1428571428571428,0.8333333333333334
7923,1.0434782608695652,1.3103448275862069,0.3333333333333333,1.2307692307692308,2.2,1.3111111111111111,0.75,1.2,1.1428571428571428,0.8333333333333334,1.7045454545454546
7924,1.3103448275862069,0.3333333333333333,1.2307692307692308,2.2,1.3111111111111111,0.75,1.2,1.1428571428571428,0.8333333333333334,1.7045454545454546,1.0666666666666667
7925,0.3333333333333333,1.2307692307692308,2.2,1.3111111111111111,0.75,1.2,1.1428571428571428,0.8333333333333334,1.7045454545454546,1.0666666666666667,0.9230769230769231
7926,1.2307692307692308,2.2,1.3111111111111111,0.75,1.2,1.1428571428571428,0.8333333333333334,1.7045454545454546,1.0666666666666667,0.9230769230769231,0.6
7927,2.2,1.3111111111111111,0.75,1.2,1.1428571428571428,0.8333333333333334,1.7045454545454546,1.0666666666666667,0.9230769230769231,0.6,1.3255813953488371
7928,1.3111111111111111,0.75,1.2,1.1428571428571428,0.8333333333333334,1.7045454545454546,1.0666666666666667,0.9230769230769231,0.6,1.3255813953488371,0.8333333333333334
7929,0.75,1.2,1.1428571428571428,0.8333333333333334,1.7045454545454546,1.0666666666666667,0.9230769230769231,0.6,1.3255813953488371,0.8333333333333334,1.0
7930,1.2,1.1428571428571428,0.8333333333333334,1.7045454545454546,1.0666666666666667,0.9230769230769231,0.6,1.3255813953488371,0.8333333333333334,1.0,1.5833333333333333
7931,1.1428571428571428,0.8333333333333334,1.7045454545454546,1.0666666666666667,0.9230769230769231,0.6,1.3255813953488371,0.8333333333333334,1.0,1.5833333333333333,1.1785714285714286
7932,0.8333333333333334,1.7045454545454546,1.0666666666666667,0.9230769230769231,0.6,1.3255813953488371,0.8333333333333334,1.0,1.5833333333333333,1.1785714285714286,0.0
7933,1.7045454545454546,1.0666666666666667,0.9230769230769231,0.6,1.3255813953488371,0.8333333333333334,1.0,1.5833333333333333,1.1785714285714286,0.0,1.0
7934,1.0666666666666667,0.9230769230769231,0.6,1.3255813953488371,0.8333333333333334,1.0,1.5833333333333333,1.1785714285714286,0.0,1.0,2.111111111111111
7935,0.9230769230769231,0.6,1.3255813953488371,0.8333333333333334,1.0,1.5833333333333333,1.1785714285714286,0.0,1.0,2.111111111111111,1.0
7936,0.6,1.3255813953488371,0.8333333333333334,1.0,1.5833333333333333,1.1785714285714286,0.0,1.0,2.111111111111111,1.0,0.8571428571428571
7937,1.3255813953488371,0.8333333333333334,1.0,1.5833333333333333,1.1785714285714286,0.0,1.0,2.111111111111111,1.0,0.8571428571428571,1.0465116279069768
7938,0.8333333333333334,1.0,1.5833333333333333,1.1785714285714286,0.0,1.0,2.111111111111111,1.0,0.8571428571428571,1.0465116279069768,0.0
7939,1.0,1.5833333333333333,1.1785714285714286,0.0,1.0,2.111111111111111,1.0,0.8571428571428571,1.0465116279069768,0.0,1.3478260869565217
7940,1.5833333333333333,1.1785714285714286,0.0,1.0,2.111111111111111,1.0,0.8571428571428571,1.0465116279069768,0.0,1.3478260869565217,1.263157894736842
7941,1.1785714285714286,0.0,1.0,2.111111111111111,1.0,0.8571428571428571,1.0465116279069768,0.0,1.3478260869565217,1.263157894736842,0.0
7942,0.0,1.0,2.111111111111111,1.0,0.8571428571428571,1.0465116279069768,0.0,1.3478260869565217,1.263157894736842,0.0,0.7777777777777778
7943,1.0,2.111111111111111,1.0,0.8571428571428571,1.0465116279069768,0.0,1.3478260869565217,1.263157894736842,0.0,0.7777777777777778,1.3653846153846154
7944,2.111111111111111,1.0,0.8571428571428571,1.0465116279069768,0.0,1.3478260869565217,1.263157894736842,0.0,0.7777777777777778,1.3653846153846154,0.2
7945,1.0,0.8571428571428571,1.0465116279069768,0.0,1.3478260869565217,1.263157894736842,0.0,0.7777777777777778,1.3653846153846154,0.2,1.4
7946,0.8571428571428571,1.0465116279069768,0.0,1.3478260869565217,1.263157894736842,0.0,0.7777777777777778,1.3653846153846154,0.2,1.4,0.3333333333333333
7947,1.0465116279069768,0.0,1.3478260869565217,1.263157894736842,0.0,0.7777777777777778,1.3653846153846154,0.2,1.4,0.3333333333333333,1.0
7948,0.0,1.3478260869565217,1.263157894736842,0.0,0.7777777777777778,1.3653846153846154,0.2,1.4,0.3333333333333333,1.0,1.469387755102041
7949,1.3478260869565217,1.263157894736842,0.0,0.7777777777777778,1.3653846153846154,0.2,1.4,0.3333333333333333,1.0,1.469387755102041,0.4444444444444444
7950,1.263157894736842,0.0,0.7777777777777778,1.3653846153846154,0.2,1.4,0.3333333333333333,1.0,1.469387755102041,0.4444444444444444,0.8
7951,0.0,0.7777777777777778,1.3653846153846154,0.2,1.4,0.3333333333333333,1.0,1.469387755102041,0.4444444444444444,0.8,1.1428571428571428
7952,0.7777777777777778,1.3653846153846154,0.2,1.4,0.3333333333333333,1.0,1.469387755102041,0.4444444444444444,0.8,1.1428571428571428,1.173913043478261
7953,1.3653846153846154,0.2,1.4,0.3333333333333333,1.0,1.469387755102041,0.4444444444444444,0.8,1.1428571428571428,1.173913043478261,1.3
7954,0.2,1.4,0.3333333333333333,1.0,1.469387755102041,0.4444444444444444,0.8,1.1428571428571428,1.173913043478261,1.3,1.3125
7955,1.4,0.3333333333333333,1.0,1.469387755102041,0.4444444444444444,0.8,1.1428571428571428,1.173913043478261,1.3,1.3125,1.0666666666666667
7956,0.3333333333333333,1.0,1.469387755102041,0.4444444444444444,0.8,1.1428571428571428,1.173913043478261,1.3,1.3125,1.0666666666666667,1.0
7957,1.0,1.469387755102041,0.4444444444444444,0.8,1.1428571428571428,1.173913043478261,1.3,1.3125,1.0666666666666667,1.0,1.2857142857142858
7958,1.469387755102041,0.4444444444444444,0.8,1.1428571428571428,1.173913043478261,1.3,1.3125,1.0666666666666667,1.0,1.2857142857142858,0.6
7959,0.4444444444444444,0.8,1.1428571428571428,1.173913043478261,1.3,1.3125,1.0666666666666667,1.0,1.2857142857142858,0.6,0.9473684210526315
7960,0.8,1.1428571428571428,1.173913043478261,1.3,1.3125,1.0666666666666667,1.0,1.2857142857142858,0.6,0.9473684210526315,0.0
7961,1.1428571428571428,1.173913043478261,1.3,1.3125,1.0666666666666667,1.0,1.2857142857142858,0.6,0.9473684210526315,0.0,1.2678571428571428
7962,1.173913043478261,1.3,1.3125,1.0666666666666667,1.0,1.2857142857142858,0.6,0.9473684210526315,0.0,1.2678571428571428,1.2115384615384615
7963,1.3,1.3125,1.0666666666666667,1.0,1.2857142857142858,0.6,0.9473684210526315,0.0,1.2678571428571428,1.2115384615384615,1.7142857142857142
7964,1.3125,1.0666666666666667,1.0,1.2857142857142858,0.6,0.9473684210526315,0.0,1.2678571428571428,1.2115384615384615,1.7142857142857142,1.441860465116279
7965,1.0666666666666667,1.0,1.2857142857142858,0.6,0.9473684210526315,0.0,1.2678571428571428,1.2115384615384615,1.7142857142857142,1.441860465116279,2.0
7966,1.0,1.2857142857142858,0.6,0.9473684210526315,0.0,1.2678571428571428,1.2115384615384615,1.7142857142857142,1.441860465116279,2.0,1.75
7967,1.2857142857142858,0.6,0.9473684210526315,0.0,1.2678571428571428,1.2115384615384615,1.7142857142857142,1.441860465116279,2.0,1.75,1.05
7968,0.6,0.9473684210526315,0.0,1.2678571428571428,1.2115384615384615,1.7142857142857142,1.441860465116279,2.0,1.75,1.05,0.5882352941176471
7969,0.9473684210526315,0.0,1.2678571428571428,1.2115384615384615,1.7142857142857142,1.441860465116279,2.0,1.75,1.05,0.5882352941176471,0.9375
7970,0.0,1.2678571428571428,1.2115384615384615,1.7142857142857142,1.441860465116279,2.0,1.75,1.05,0.5882352941176471,0.9375,1.263157894736842
7971,1.2678571428571428,1.2115384615384615,1.7142857142857142,1.441860465116279,2.0,1.75,1.05,0.5882352941176471,0.9375,1.263157894736842,1.6842105263157894
7972,1.2115384615384615,1.7142857142857142,1.441860465116279,2.0,1.75,1.05,0.5882352941176471,0.9375,1.263157894736842,1.6842105263157894,1.3095238095238095
7973,1.7142857142857142,1.441860465116279,2.0,1.75,1.05,0.5882352941176471,0.9375,1.263157894736842,1.6842105263157894,1.3095238095238095,1.0
7974,1.441860465116279,2.0,1.75,1.05,0.5882352941176471,0.9375,1.263157894736842,1.6842105263157894,1.3095238095238095,1.0,1.4615384615384615
7975,2.0,1.75,1.05,0.5882352941176471,0.9375,1.263157894736842,1.6842105263157894,1.3095238095238095,1.0,1.4615384615384615,1.2
7976,1.75,1.05,0.5882352941176471,0.9375,1.263157894736842,1.6842105263157894,1.3095238095238095,1.0,1.4615384615384615,1.2,1.2608695652173914
7977,1.05,0.5882352941176471,0.9375,1.263157894736842,1.6842105263157894,1.3095238095238095,1.0,1.4615384615384615,1.2,1.2608695652173914,1.3529411764705883
7978,0.5882352941176471,0.9375,1.263157894736842,1.6842105263157894,1.3095238095238095,1.0,1.4615384615384615,1.2,1.2608695652173914,1.3529411764705883,1.0961538461538463
7979,0.9375,1.263157894736842,1.6842105263157894,1.3095238095238095,1.0,1.4615384615384615,1.2,1.2608695652173914,1.3529411764705883,1.0961538461538463,1.5555555555555556
7980,1.263157894736842,1.6842105263157894,1.3095238095238095,1.0,1.4615384615384615,1.2,1.2608695652173914,1.3529411764705883,1.0961538461538463,1.5555555555555556,0.0
7981,1.6842105263157894,1.3095238095238095,1.0,1.4615384615384615,1.2,1.2608695652173914,1.3529411764705883,1.0961538461538463,1.5555555555555556,0.0,1.3157894736842106
7982,1.3095238095238095,1.0,1.4615384615384615,1.2,1.2608695652173914,1.3529411764705883,1.0961538461538463,1.5555555555555556,0.0,1.3157894736842106,0.0
7983,1.0,1.4615384615384615,1.2,1.2608695652173914,1.3529411764705883,1.0961538461538463,1.5555555555555556,0.0,1.3157894736842106,0.0,1.4814814814814814
7984,1.4615384615384615,1.2,1.2608695652173914,1.3529411764705883,1.0961538461538463,1.5555555555555556,0.0,1.3157894736842106,0.0,1.4814814814814814,1.1538461538461537
7985,1.2,1.2608695652173914,1.3529411764705883,1.0961538461538463,1.5555555555555556,0.0,1.3157894736842106,0.0,1.4814814814814814,1.1538461538461537,0.5
7986,1.2608695652173914,1.3529411764705883,1.0961538461538463,1.5555555555555556,0.0,1.3157894736842106,0.0,1.4814814814814814,1.1538461538461537,0.5,0.8421052631578947
7987,1.3529411764705883,1.0961538461538463,1.5555555555555556,0.0,1.3157894736842106,0.0,1.4814814814814814,1.1538461538461537,0.5,0.8421052631578947,1.5925925925925926
7988,1.0961538461538463,1.5555555555555556,0.0,1.3157894736842106,0.0,1.4814814814814814,1.1538461538461537,0.5,0.8421052631578947,1.5925925925925926,0.5
7989,1.5555555555555556,0.0,1.3157894736842106,0.0,1.4814814814814814,1.1538461538461537,0.5,0.8421052631578947,1.5925925925925926,0.5,0.0
7990,0.0,1.3157894736842106,0.0,1.4814814814814814,1.1538461538461537,0.5,0.8421052631578947,1.5925925925925926,0.5,0.0,1.2321428571428572
7991,0.0,0.7333333333333333,0.875,1.5454545454545454,2.0,0.0,0.0,0.0,0.5,0.42857142857142855,0.8
7992,0.7333333333333333,0.875,1.5454545454545454,2.0,0.0,0.0,0.0,0.5,0.42857142857142855,0.8,1.0
7993,1.4444444444444444,1.6666666666666667,0.9285714285714286,0.2,1.5,0.0,3.1666666666666665,1.3272727272727274,0.5,1.775,1.6666666666666667
7994,1.6666666666666667,0.9285714285714286,0.2,1.5,0.0,3.1666666666666665,1.3272727272727274,0.5,1.775,1.6666666666666667,1.6153846153846154
7995,0.9285714285714286,0.2,1.5,0.0,3.1666666666666665,1.3272727272727274,0.5,1.775,1.6666666666666667,1.6153846153846154,1.0
7996,0.2,1.5,0.0,3.1666666666666665,1.3272727272727274,0.5,1.775,1.6666666666666667,1.6153846153846154,1.0,0.75
7997,1.5,0.0,3.1666666666666665,1.3272727272727274,0.5,1.775,1.6666666666666667,1.6153846153846154,1.0,0.75,0.75
7998,0.0,3.1666666666666665,1.3272727272727274,0.5,1.775,1.6666666666666667,1.6153846153846154,1.0,0.75,0.75,1.8571428571428572
7999,3.1666666666666665,1.3272727272727274,0.5,1.775,1.6666666666666667,1.6153846153846154,1.0,0.75,0.75,1.8571428571428572,2.3333333333333335
8000,1.3272727272727274,0.5,1.775,1.6666666666666667,1.6153846153846154,1.0,0.75,0.75,1.8571428571428572,2.3333333333333335,1.8235294117647058
8001,0.5,1.775,1.6666666666666667,1.6153846153846154,1.0,0.75,0.75,1.8571428571428572,2.3333333333333335,1.8235294117647058,0.5384615384615384
8002,1.775,1.6666666666666667,1.6153846153846154,1.0,0.75,0.75,1.8571428571428572,2.3333333333333335,1.8235294117647058,0.5384615384615384,1.0714285714285714
8003,1.6666666666666667,1.6153846153846154,1.0,0.75,0.75,1.8571428571428572,2.3333333333333335,1.8235294117647058,0.5384615384615384,1.0714285714285714,1.75
8004,1.6153846153846154,1.0,0.75,0.75,1.8571428571428572,2.3333333333333335,1.8235294117647058,0.5384615384615384,1.0714285714285714,1.75,2.0
8005,1.0,0.75,0.75,1.8571428571428572,2.3333333333333335,1.8235294117647058,0.5384615384615384,1.0714285714285714,1.75,2.0,1.125
8006,0.75,0.75,1.8571428571428572,2.3333333333333335,1.8235294117647058,0.5384615384615384,1.0714285714285714,1.75,2.0,1.125,0.5555555555555556
8007,0.75,1.8571428571428572,2.3333333333333335,1.8235294117647058,0.5384615384615384,1.0714285714285714,1.75,2.0,1.125,0.5555555555555556,2.8
8008,1.8571428571428572,2.3333333333333335,1.8235294117647058,0.5384615384615384,1.0714285714285714,1.75,2.0,1.125,0.5555555555555556,2.8,4.0
8009,2.3333333333333335,1.8235294117647058,0.5384615384615384,1.0714285714285714,1.75,2.0,1.125,0.5555555555555556,2.8,4.0,1.2
8010,1.8235294117647058,0.5384615384615384,1.0714285714285714,1.75,2.0,1.125,0.5555555555555556,2.8,4.0,1.2,2.0
8011,0.5384615384615384,1.0714285714285714,1.75,2.0,1.125,0.5555555555555556,2.8,4.0,1.2,2.0,1.0
8012,1.0714285714285714,1.75,2.0,1.125,0.5555555555555556,2.8,4.0,1.2,2.0,1.0,1.5263157894736843
8013,1.75,2.0,1.125,0.5555555555555556,2.8,4.0,1.2,2.0,1.0,1.5263157894736843,1.0
8014,2.0,1.125,0.5555555555555556,2.8,4.0,1.2,2.0,1.0,1.5263157894736843,1.0,0.8
8015,1.125,0.5555555555555556,2.8,4.0,1.2,2.0,1.0,1.5263157894736843,1.0,0.8,1.75
8016,0.5555555555555556,2.8,4.0,1.2,2.0,1.0,1.5263157894736843,1.0,0.8,1.75,0.0
8017,2.8,4.0,1.2,2.0,1.0,1.5263157894736843,1.0,0.8,1.75,0.0,4.0
8018,4.0,1.2,2.0,1.0,1.5263157894736843,1.0,0.8,1.75,0.0,4.0,2.5
8019,1.2,2.0,1.0,1.5263157894736843,1.0,0.8,1.75,0.0,4.0,2.5,0.0
8020,2.0,1.0,1.5263157894736843,1.0,0.8,1.75,0.0,4.0,2.5,0.0,1.7777777777777777
8021,1.0,1.5263157894736843,1.0,0.8,1.75,0.0,4.0,2.5,0.0,1.7777777777777777,1.1818181818181819
8022,1.5263157894736843,1.0,0.8,1.75,0.0,4.0,2.5,0.0,1.7777777777777777,1.1818181818181819,3.0
8023,1.0,0.8,1.75,0.0,4.0,2.5,0.0,1.7777777777777777,1.1818181818181819,3.0,2.5
8024,0.8,1.75,0.0,4.0,2.5,0.0,1.7777777777777777,1.1818181818181819,3.0,2.5,1.0
8025,1.75,0.0,4.0,2.5,0.0,1.7777777777777777,1.1818181818181819,3.0,2.5,1.0,0.375
8026,0.0,4.0,2.5,0.0,1.7777777777777777,1.1818181818181819,3.0,2.5,1.0,0.375,1.0
8027,4.0,2.5,0.0,1.7777777777777777,1.1818181818181819,3.0,2.5,1.0,0.375,1.0,1.0
8028,2.5,0.0,1.7777777777777777,1.1818181818181819,3.0,2.5,1.0,0.375,1.0,1.0,0.8888888888888888
8029,0.0,1.7777777777777777,1.1818181818181819,3.0,2.5,1.0,0.375,1.0,1.0,0.8888888888888888,1.2857142857142858
8030,1.7777777777777777,1.1818181818181819,3.0,2.5,1.0,0.375,1.0,1.0,0.8888888888888888,1.2857142857142858,2.1
8031,1.1818181818181819,3.0,2.5,1.0,0.375,1.0,1.0,0.8888888888888888,1.2857142857142858,2.1,2.25
8032,3.0,2.5,1.0,0.375,1.0,1.0,0.8888888888888888,1.2857142857142858,2.1,2.25,1.3
8033,2.5,1.0,0.375,1.0,1.0,0.8888888888888888,1.2857142857142858,2.1,2.25,1.3,1.625
8034,1.0,0.375,1.0,1.0,0.8888888888888888,1.2857142857142858,2.1,2.25,1.3,1.625,1.0
8035,0.375,1.0,1.0,0.8888888888888888,1.2857142857142858,2.1,2.25,1.3,1.625,1.0,2.5
8036,1.0,1.0,0.8888888888888888,1.2857142857142858,2.1,2.25,1.3,1.625,1.0,2.5,1.2307692307692308
8037,1.0,0.8888888888888888,1.2857142857142858,2.1,2.25,1.3,1.625,1.0,2.5,1.2307692307692308,0.3333333333333333
8038,0.8888888888888888,1.2857142857142858,2.1,2.25,1.3,1.625,1.0,2.5,1.2307692307692308,0.3333333333333333,1.4375
8039,1.2857142857142858,2.1,2.25,1.3,1.625,1.0,2.5,1.2307692307692308,0.3333333333333333,1.4375,0.25
8040,2.1,2.25,1.3,1.625,1.0,2.5,1.2307692307692308,0.3333333333333333,1.4375,0.25,0.6666666666666666
8041,2.25,1.3,1.625,1.0,2.5,1.2307692307692308,0.3333333333333333,1.4375,0.25,0.6666666666666666,1.0
8042,1.3,1.625,1.0,2.5,1.2307692307692308,0.3333333333333333,1.4375,0.25,0.6666666666666666,1.0,1.1666666666666667
8043,1.625,1.0,2.5,1.2307692307692308,0.3333333333333333,1.4375,0.25,0.6666666666666666,1.0,1.1666666666666667,1.0
8044,1.0,2.5,1.2307692307692308,0.3333333333333333,1.4375,0.25,0.6666666666666666,1.0,1.1666666666666667,1.0,1.0
8045,2.5,1.2307692307692308,0.3333333333333333,1.4375,0.25,0.6666666666666666,1.0,1.1666666666666667,1.0,1.0,1.75
8046,1.2307692307692308,0.3333333333333333,1.4375,0.25,0.6666666666666666,1.0,1.1666666666666667,1.0,1.0,1.75,1.0
8047,0.3333333333333333,1.4375,0.25,0.6666666666666666,1.0,1.1666666666666667,1.0,1.0,1.75,1.0,1.6666666666666667
8048,1.4375,0.25,0.6666666666666666,1.0,1.1666666666666667,1.0,1.0,1.75,1.0,1.6666666666666667,1.0
8049,0.25,0.6666666666666666,1.0,1.1666666666666667,1.0,1.0,1.75,1.0,1.6666666666666667,1.0,1.2727272727272727
8050,0.6666666666666666,1.0,1.1666666666666667,1.0,1.0,1.75,1.0,1.6666666666666667,1.0,1.2727272727272727,1.1764705882352942
8051,2.0,1.1875,1.25,1.125,0.7142857142857143,0.6363636363636364,0.6666666666666666,0.8888888888888888,0.5625,1.5161290322580645,0.16666666666666666
8052,1.1875,1.25,1.125,0.7142857142857143,0.6363636363636364,0.6666666666666666,0.8888888888888888,0.5625,1.5161290322580645,0.16666666666666666,0.0
8053,1.25,1.125,0.7142857142857143,0.6363636363636364,0.6666666666666666,0.8888888888888888,0.5625,1.5161290322580645,0.16666666666666666,0.0,1.6666666666666667
8054,1.125,0.7142857142857143,0.6363636363636364,0.6666666666666666,0.8888888888888888,0.5625,1.5161290322580645,0.16666666666666666,0.0,1.6666666666666667,1.5833333333333333
8055,0.7142857142857143,0.6363636363636364,0.6666666666666666,0.8888888888888888,0.5625,1.5161290322580645,0.16666666666666666,0.0,1.6666666666666667,1.5833333333333333,1.4827586206896552
8056,0.6363636363636364,0.6666666666666666,0.8888888888888888,0.5625,1.5161290322580645,0.16666666666666666,0.0,1.6666666666666667,1.5833333333333333,1.4827586206896552,1.3333333333333333
8057,0.6666666666666666,0.8888888888888888,0.5625,1.5161290322580645,0.16666666666666666,0.0,1.6666666666666667,1.5833333333333333,1.4827586206896552,1.3333333333333333,0.8
8058,0.8888888888888888,0.5625,1.5161290322580645,0.16666666666666666,0.0,1.6666666666666667,1.5833333333333333,1.4827586206896552,1.3333333333333333,0.8,1.3333333333333333
8059,0.5625,1.5161290322580645,0.16666666666666666,0.0,1.6666666666666667,1.5833333333333333,1.4827586206896552,1.3333333333333333,0.8,1.3333333333333333,1.1428571428571428
8060,1.5161290322580645,0.16666666666666666,0.0,1.6666666666666667,1.5833333333333333,1.4827586206896552,1.3333333333333333,0.8,1.3333333333333333,1.1428571428571428,1.0416666666666667
8061,0.16666666666666666,0.0,1.6666666666666667,1.5833333333333333,1.4827586206896552,1.3333333333333333,0.8,1.3333333333333333,1.1428571428571428,1.0416666666666667,0.5
8062,0.0,1.6666666666666667,1.5833333333333333,1.4827586206896552,1.3333333333333333,0.8,1.3333333333333333,1.1428571428571428,1.0416666666666667,0.5,0.4
8063,1.6666666666666667,1.5833333333333333,1.4827586206896552,1.3333333333333333,0.8,1.3333333333333333,1.1428571428571428,1.0416666666666667,0.5,0.4,0.2857142857142857
8064,1.5833333333333333,1.4827586206896552,1.3333333333333333,0.8,1.3333333333333333,1.1428571428571428,1.0416666666666667,0.5,0.4,0.2857142857142857,0.42857142857142855
8065,1.4827586206896552,1.3333333333333333,0.8,1.3333333333333333,1.1428571428571428,1.0416666666666667,0.5,0.4,0.2857142857142857,0.42857142857142855,1.0
8066,1.3333333333333333,0.8,1.3333333333333333,1.1428571428571428,1.0416666666666667,0.5,0.4,0.2857142857142857,0.42857142857142855,1.0,1.1666666666666667
8067,0.8,1.3333333333333333,1.1428571428571428,1.0416666666666667,0.5,0.4,0.2857142857142857,0.42857142857142855,1.0,1.1666666666666667,1.875
8068,1.3333333333333333,1.1428571428571428,1.0416666666666667,0.5,0.4,0.2857142857142857,0.42857142857142855,1.0,1.1666666666666667,1.875,0.0
8069,1.1428571428571428,1.0416666666666667,0.5,0.4,0.2857142857142857,0.42857142857142855,1.0,1.1666666666666667,1.875,0.0,1.25
8070,1.0416666666666667,0.5,0.4,0.2857142857142857,0.42857142857142855,1.0,1.1666666666666667,1.875,0.0,1.25,1.6666666666666667
8071,0.5,0.4,0.2857142857142857,0.42857142857142855,1.0,1.1666666666666667,1.875,0.0,1.25,1.6666666666666667,1.6153846153846154
8072,0.4,0.2857142857142857,0.42857142857142855,1.0,1.1666666666666667,1.875,0.0,1.25,1.6666666666666667,1.6153846153846154,1.6666666666666667
8073,0.2857142857142857,0.42857142857142855,1.0,1.1666666666666667,1.875,0.0,1.25,1.6666666666666667,1.6153846153846154,1.6666666666666667,2.272727272727273
8074,0.42857142857142855,1.0,1.1666666666666667,1.875,0.0,1.25,1.6666666666666667,1.6153846153846154,1.6666666666666667,2.272727272727273,1.5625
8075,1.0,1.1666666666666667,1.875,0.0,1.25,1.6666666666666667,1.6153846153846154,1.6666666666666667,2.272727272727273,1.5625,1.8064516129032258
8076,1.1666666666666667,1.875,0.0,1.25,1.6666666666666667,1.6153846153846154,1.6666666666666667,2.272727272727273,1.5625,1.8064516129032258,1.0
8077,1.875,0.0,1.25,1.6666666666666667,1.6153846153846154,1.6666666666666667,2.272727272727273,1.5625,1.8064516129032258,1.0,0.0
8078,0.0,1.25,1.6666666666666667,1.6153846153846154,1.6666666666666667,2.272727272727273,1.5625,1.8064516129032258,1.0,0.0,1.8
8079,1.25,1.6666666666666667,1.6153846153846154,1.6666666666666667,2.272727272727273,1.5625,1.8064516129032258,1.0,0.0,1.8,1.3333333333333333
8080,1.6666666666666667,1.6153846153846154,1.6666666666666667,2.272727272727273,1.5625,1.8064516129032258,1.0,0.0,1.8,1.3333333333333333,1.0
8081,1.6153846153846154,1.6666666666666667,2.272727272727273,1.5625,1.8064516129032258,1.0,0.0,1.8,1.3333333333333333,1.0,1.6666666666666667
8082,1.6666666666666667,2.272727272727273,1.5625,1.8064516129032258,1.0,0.0,1.8,1.3333333333333333,1.0,1.6666666666666667,1.1428571428571428
8083,2.272727272727273,1.5625,1.8064516129032258,1.0,0.0,1.8,1.3333333333333333,1.0,1.6666666666666667,1.1428571428571428,1.5
8084,1.5625,1.8064516129032258,1.0,0.0,1.8,1.3333333333333333,1.0,1.6666666666666667,1.1428571428571428,1.5,0.0
8085,0.5,1.9607843137254901,0.0,0.0,0.75,0.9285714285714286,1.2857142857142858,1.3846153846153846,1.5,0.0,0.6190476190476191
8086,1.6071428571428572,1.7169811320754718,0.3125,1.3333333333333333,1.1578947368421053,0.8461538461538461,0.3333333333333333,1.131578947368421,2.3461538461538463,1.9310344827586208,1.0526315789473684
8087,1.7169811320754718,0.3125,1.3333333333333333,1.1578947368421053,0.8461538461538461,0.3333333333333333,1.131578947368421,2.3461538461538463,1.9310344827586208,1.0526315789473684,1.5833333333333333
8088,0.3125,1.3333333333333333,1.1578947368421053,0.8461538461538461,0.3333333333333333,1.131578947368421,2.3461538461538463,1.9310344827586208,1.0526315789473684,1.5833333333333333,1.25
8089,1.3333333333333333,1.1578947368421053,0.8461538461538461,0.3333333333333333,1.131578947368421,2.3461538461538463,1.9310344827586208,1.0526315789473684,1.5833333333333333,1.25,0.8
8090,1.1578947368421053,0.8461538461538461,0.3333333333333333,1.131578947368421,2.3461538461538463,1.9310344827586208,1.0526315789473684,1.5833333333333333,1.25,0.8,1.1666666666666667
8091,0.8461538461538461,0.3333333333333333,1.131578947368421,2.3461538461538463,1.9310344827586208,1.0526315789473684,1.5833333333333333,1.25,0.8,1.1666666666666667,1.4761904761904763
8092,0.3333333333333333,1.131578947368421,2.3461538461538463,1.9310344827586208,1.0526315789473684,1.5833333333333333,1.25,0.8,1.1666666666666667,1.4761904761904763,0.2857142857142857
8093,1.131578947368421,2.3461538461538463,1.9310344827586208,1.0526315789473684,1.5833333333333333,1.25,0.8,1.1666666666666667,1.4761904761904763,0.2857142857142857,2.0
8094,2.3461538461538463,1.9310344827586208,1.0526315789473684,1.5833333333333333,1.25,0.8,1.1666666666666667,1.4761904761904763,0.2857142857142857,2.0,0.7692307692307693
8095,1.9310344827586208,1.0526315789473684,1.5833333333333333,1.25,0.8,1.1666666666666667,1.4761904761904763,0.2857142857142857,2.0,0.7692307692307693,1.4285714285714286
8096,1.0526315789473684,1.5833333333333333,1.25,0.8,1.1666666666666667,1.4761904761904763,0.2857142857142857,2.0,0.7692307692307693,1.4285714285714286,2.0
8097,1.3636363636363635,1.6842105263157894,0.9130434782608695,0.5789473684210527,1.25,2.6,2.076923076923077,1.8571428571428572,1.0,2.0,0.5
8098,1.6842105263157894,0.9130434782608695,0.5789473684210527,1.25,2.6,2.076923076923077,1.8571428571428572,1.0,2.0,0.5,1.0
8099,0.9130434782608695,0.5789473684210527,1.25,2.6,2.076923076923077,1.8571428571428572,1.0,2.0,0.5,1.0,1.4285714285714286
8100,0.5789473684210527,1.25,2.6,2.076923076923077,1.8571428571428572,1.0,2.0,0.5,1.0,1.4285714285714286,0.6666666666666666
8101,1.25,2.6,2.076923076923077,1.8571428571428572,1.0,2.0,0.5,1.0,1.4285714285714286,0.6666666666666666,0.42857142857142855
8102,2.6,2.076923076923077,1.8571428571428572,1.0,2.0,0.5,1.0,1.4285714285714286,0.6666666666666666,0.42857142857142855,1.5217391304347827
8103,2.076923076923077,1.8571428571428572,1.0,2.0,0.5,1.0,1.4285714285714286,0.6666666666666666,0.42857142857142855,1.5217391304347827,1.6666666666666667
8104,1.8571428571428572,1.0,2.0,0.5,1.0,1.4285714285714286,0.6666666666666666,0.42857142857142855,1.5217391304347827,1.6666666666666667,0.75
8105,1.0,2.0,0.5,1.0,1.4285714285714286,0.6666666666666666,0.42857142857142855,1.5217391304347827,1.6666666666666667,0.75,0.0
8106,2.0,0.5,1.0,1.4285714285714286,0.6666666666666666,0.42857142857142855,1.5217391304347827,1.6666666666666667,0.75,0.0,0.0
8107,0.5,1.0,1.4285714285714286,0.6666666666666666,0.42857142857142855,1.5217391304347827,1.6666666666666667,0.75,0.0,0.0,0.0
8108,1.0,1.4285714285714286,0.6666666666666666,0.42857142857142855,1.5217391304347827,1.6666666666666667,0.75,0.0,0.0,0.0,0.8333333333333334
8109,1.4285714285714286,0.6666666666666666,0.42857142857142855,1.5217391304347827,1.6666666666666667,0.75,0.0,0.0,0.0,0.8333333333333334,1.3333333333333333
8110,0.6666666666666666,0.42857142857142855,1.5217391304347827,1.6666666666666667,0.75,0.0,0.0,0.0,0.8333333333333334,1.3333333333333333,1.0
8111,0.42857142857142855,1.5217391304347827,1.6666666666666667,0.75,0.0,0.0,0.0,0.8333333333333334,1.3333333333333333,1.0,1.5
8112,1.5217391304347827,1.6666666666666667,0.75,0.0,0.0,0.0,0.8333333333333334,1.3333333333333333,1.0,1.5,1.3333333333333333
8113,1.6666666666666667,0.75,0.0,0.0,0.0,0.8333333333333334,1.3333333333333333,1.0,1.5,1.3333333333333333,0.6666666666666666
8114,0.75,0.0,0.0,0.0,0.8333333333333334,1.3333333333333333,1.0,1.5,1.3333333333333333,0.6666666666666666,1.5833333333333333
8115,0.0,0.0,0.0,0.8333333333333334,1.3333333333333333,1.0,1.5,1.3333333333333333,0.6666666666666666,1.5833333333333333,4.0
8116,0.0,0.0,0.8333333333333334,1.3333333333333333,1.0,1.5,1.3333333333333333,0.6666666666666666,1.5833333333333333,4.0,2.1176470588235294
8117,0.0,0.8333333333333334,1.3333333333333333,1.0,1.5,1.3333333333333333,0.6666666666666666,1.5833333333333333,4.0,2.1176470588235294,0.6
8118,0.8333333333333334,1.3333333333333333,1.0,1.5,1.3333333333333333,0.6666666666666666,1.5833333333333333,4.0,2.1176470588235294,0.6,1.0
8119,1.3333333333333333,1.0,1.5,1.3333333333333333,0.6666666666666666,1.5833333333333333,4.0,2.1176470588235294,0.6,1.0,1.2727272727272727
8120,1.0,1.5,1.3333333333333333,0.6666666666666666,1.5833333333333333,4.0,2.1176470588235294,0.6,1.0,1.2727272727272727,0.625
8121,1.5,1.3333333333333333,0.6666666666666666,1.5833333333333333,4.0,2.1176470588235294,0.6,1.0,1.2727272727272727,0.625,0.75
8122,0.6,2.0,0.8181818181818182,1.1,0.0,0.7692307692307693,1.4423076923076923,0.6153846153846154,1.2142857142857142,2.0,1.2352941176470589
8123,1.5555555555555556,1.0714285714285714,1.4285714285714286,1.0833333333333333,0.5,1.75,1.3333333333333333,0.8,2.2142857142857144,1.8431372549019607,1.35
8124,1.0714285714285714,1.4285714285714286,1.0833333333333333,0.5,1.75,1.3333333333333333,0.8,2.2142857142857144,1.8431372549019607,1.35,0.9444444444444444
8125,1.4285714285714286,1.0833333333333333,0.5,1.75,1.3333333333333333,0.8,2.2142857142857144,1.8431372549019607,1.35,0.9444444444444444,0.6666666666666666
8126,1.0833333333333333,0.5,1.75,1.3333333333333333,0.8,2.2142857142857144,1.8431372549019607,1.35,0.9444444444444444,0.6666666666666666,1.5333333333333334
8127,0.5,1.75,1.3333333333333333,0.8,2.2142857142857144,1.8431372549019607,1.35,0.9444444444444444,0.6666666666666666,1.5333333333333334,2.090909090909091
8128,1.75,1.3333333333333333,0.8,2.2142857142857144,1.8431372549019607,1.35,0.9444444444444444,0.6666666666666666,1.5333333333333334,2.090909090909091,0.0
8129,1.3333333333333333,0.8,2.2142857142857144,1.8431372549019607,1.35,0.9444444444444444,0.6666666666666666,1.5333333333333334,2.090909090909091,0.0,1.5769230769230769
8130,0.8,2.2142857142857144,1.8431372549019607,1.35,0.9444444444444444,0.6666666666666666,1.5333333333333334,2.090909090909091,0.0,1.5769230769230769,1.0
8131,2.2142857142857144,1.8431372549019607,1.35,0.9444444444444444,0.6666666666666666,1.5333333333333334,2.090909090909091,0.0,1.5769230769230769,1.0,1.368421052631579
8132,1.8431372549019607,1.35,0.9444444444444444,0.6666666666666666,1.5333333333333334,2.090909090909091,0.0,1.5769230769230769,1.0,1.368421052631579,1.9375
8133,1.35,0.9444444444444444,0.6666666666666666,1.5333333333333334,2.090909090909091,0.0,1.5769230769230769,1.0,1.368421052631579,1.9375,0.8717948717948718
8134,0.9444444444444444,0.6666666666666666,1.5333333333333334,2.090909090909091,0.0,1.5769230769230769,1.0,1.368421052631579,1.9375,0.8717948717948718,1.4444444444444444
8135,0.6666666666666666,1.5333333333333334,2.090909090909091,0.0,1.5769230769230769,1.0,1.368421052631579,1.9375,0.8717948717948718,1.4444444444444444,0.6153846153846154
8136,1.5333333333333334,2.090909090909091,0.0,1.5769230769230769,1.0,1.368421052631579,1.9375,0.8717948717948718,1.4444444444444444,0.6153846153846154,0.5
8137,2.090909090909091,0.0,1.5769230769230769,1.0,1.368421052631579,1.9375,0.8717948717948718,1.4444444444444444,0.6153846153846154,0.5,2.6578947368421053
8138,0.0,1.5769230769230769,1.0,1.368421052631579,1.9375,0.8717948717948718,1.4444444444444444,0.6153846153846154,0.5,2.6578947368421053,2.2758620689655173
8139,1.5769230769230769,1.0,1.368421052631579,1.9375,0.8717948717948718,1.4444444444444444,0.6153846153846154,0.5,2.6578947368421053,2.2758620689655173,0.7
8140,1.0,1.368421052631579,1.9375,0.8717948717948718,1.4444444444444444,0.6153846153846154,0.5,2.6578947368421053,2.2758620689655173,0.7,3.5
8141,1.368421052631579,1.9375,0.8717948717948718,1.4444444444444444,0.6153846153846154,0.5,2.6578947368421053,2.2758620689655173,0.7,3.5,0.0
8142,1.9375,0.8717948717948718,1.4444444444444444,0.6153846153846154,0.5,2.6578947368421053,2.2758620689655173,0.7,3.5,0.0,0.5
8143,0.8717948717948718,1.4444444444444444,0.6153846153846154,0.5,2.6578947368421053,2.2758620689655173,0.7,3.5,0.0,0.5,0.96
8144,1.4444444444444444,0.6153846153846154,0.5,2.6578947368421053,2.2758620689655173,0.7,3.5,0.0,0.5,0.96,1.1764705882352942
8145,0.6153846153846154,0.5,2.6578947368421053,2.2758620689655173,0.7,3.5,0.0,0.5,0.96,1.1764705882352942,1.951219512195122
8146,0.5,2.6578947368421053,2.2758620689655173,0.7,3.5,0.0,0.5,0.96,1.1764705882352942,1.951219512195122,1.8333333333333333
8147,2.6578947368421053,2.2758620689655173,0.7,3.5,0.0,0.5,0.96,1.1764705882352942,1.951219512195122,1.8333333333333333,1.25
8148,2.2758620689655173,0.7,3.5,0.0,0.5,0.96,1.1764705882352942,1.951219512195122,1.8333333333333333,1.25,0.7272727272727273
8149,0.7,3.5,0.0,0.5,0.96,1.1764705882352942,1.951219512195122,1.8333333333333333,1.25,0.7272727272727273,0.8571428571428571
8150,3.5,0.0,0.5,0.96,1.1764705882352942,1.951219512195122,1.8333333333333333,1.25,0.7272727272727273,0.8571428571428571,1.2
8151,0.0,0.5,0.96,1.1764705882352942,1.951219512195122,1.8333333333333333,1.25,0.7272727272727273,0.8571428571428571,1.2,0.7142857142857143
8152,0.5,0.96,1.1764705882352942,1.951219512195122,1.8333333333333333,1.25,0.7272727272727273,0.8571428571428571,1.2,0.7142857142857143,2.4545454545454546
8153,0.96,1.1764705882352942,1.951219512195122,1.8333333333333333,1.25,0.7272727272727273,0.8571428571428571,1.2,0.7142857142857143,2.4545454545454546,0.7222222222222222
8154,1.1764705882352942,1.951219512195122,1.8333333333333333,1.25,0.7272727272727273,0.8571428571428571,1.2,0.7142857142857143,2.4545454545454546,0.7222222222222222,1.475
8155,1.951219512195122,1.8333333333333333,1.25,0.7272727272727273,0.8571428571428571,1.2,0.7142857142857143,2.4545454545454546,0.7222222222222222,1.475,1.0434782608695652
8156,1.8333333333333333,1.25,0.7272727272727273,0.8571428571428571,1.2,0.7142857142857143,2.4545454545454546,0.7222222222222222,1.475,1.0434782608695652,1.7777777777777777
8157,1.25,0.7272727272727273,0.8571428571428571,1.2,0.7142857142857143,2.4545454545454546,0.7222222222222222,1.475,1.0434782608695652,1.7777777777777777,1.0
8158,0.7272727272727273,0.8571428571428571,1.2,0.7142857142857143,2.4545454545454546,0.7222222222222222,1.475,1.0434782608695652,1.7777777777777777,1.0,1.0434782608695652
8159,0.8571428571428571,1.2,0.7142857142857143,2.4545454545454546,0.7222222222222222,1.475,1.0434782608695652,1.7777777777777777,1.0,1.0434782608695652,1.5
8160,1.2,0.7142857142857143,2.4545454545454546,0.7222222222222222,1.475,1.0434782608695652,1.7777777777777777,1.0,1.0434782608695652,1.5,1.0909090909090908
8161,0.7142857142857143,2.4545454545454546,0.7222222222222222,1.475,1.0434782608695652,1.7777777777777777,1.0,1.0434782608695652,1.5,1.0909090909090908,1.4814814814814814
8162,2.4545454545454546,0.7222222222222222,1.475,1.0434782608695652,1.7777777777777777,1.0,1.0434782608695652,1.5,1.0909090909090908,1.4814814814814814,1.4
8163,0.7222222222222222,1.475,1.0434782608695652,1.7777777777777777,1.0,1.0434782608695652,1.5,1.0909090909090908,1.4814814814814814,1.4,2.6842105263157894
8164,1.475,1.0434782608695652,1.7777777777777777,1.0,1.0434782608695652,1.5,1.0909090909090908,1.4814814814814814,1.4,2.6842105263157894,1.45
8165,1.0434782608695652,1.7777777777777777,1.0,1.0434782608695652,1.5,1.0909090909090908,1.4814814814814814,1.4,2.6842105263157894,1.45,1.0952380952380953
8166,1.7777777777777777,1.0,1.0434782608695652,1.5,1.0909090909090908,1.4814814814814814,1.4,2.6842105263157894,1.45,1.0952380952380953,1.7419354838709677
8167,1.0,1.0434782608695652,1.5,1.0909090909090908,1.4814814814814814,1.4,2.6842105263157894,1.45,1.0952380952380953,1.7419354838709677,1.1666666666666667
8168,1.0434782608695652,1.5,1.0909090909090908,1.4814814814814814,1.4,2.6842105263157894,1.45,1.0952380952380953,1.7419354838709677,1.1666666666666667,1.4
8169,1.5,1.0909090909090908,1.4814814814814814,1.4,2.6842105263157894,1.45,1.0952380952380953,1.7419354838709677,1.1666666666666667,1.4,1.1111111111111112
8170,1.0909090909090908,1.4814814814814814,1.4,2.6842105263157894,1.45,1.0952380952380953,1.7419354838709677,1.1666666666666667,1.4,1.1111111111111112,1.441860465116279
8171,1.4814814814814814,1.4,2.6842105263157894,1.45,1.0952380952380953,1.7419354838709677,1.1666666666666667,1.4,1.1111111111111112,1.441860465116279,0.6666666666666666
8172,1.4,2.6842105263157894,1.45,1.0952380952380953,1.7419354838709677,1.1666666666666667,1.4,1.1111111111111112,1.441860465116279,0.6666666666666666,1.3333333333333333
8173,2.6842105263157894,1.45,1.0952380952380953,1.7419354838709677,1.1666666666666667,1.4,1.1111111111111112,1.441860465116279,0.6666666666666666,1.3333333333333333,0.8181818181818182
8174,1.45,1.0952380952380953,1.7419354838709677,1.1666666666666667,1.4,1.1111111111111112,1.441860465116279,0.6666666666666666,1.3333333333333333,0.8181818181818182,1.4594594594594594
8175,1.0952380952380953,1.7419354838709677,1.1666666666666667,1.4,1.1111111111111112,1.441860465116279,0.6666666666666666,1.3333333333333333,0.8181818181818182,1.4594594594594594,1.4
8176,1.7419354838709677,1.1666666666666667,1.4,1.1111111111111112,1.441860465116279,0.6666666666666666,1.3333333333333333,0.8181818181818182,1.4594594594594594,1.4,0.9285714285714286
8177,1.1666666666666667,1.4,1.1111111111111112,1.441860465116279,0.6666666666666666,1.3333333333333333,0.8181818181818182,1.4594594594594594,1.4,0.9285714285714286,0.3333333333333333
8178,1.4,1.1111111111111112,1.441860465116279,0.6666666666666666,1.3333333333333333,0.8181818181818182,1.4594594594594594,1.4,0.9285714285714286,0.3333333333333333,0.6666666666666666
8179,1.1111111111111112,1.441860465116279,0.6666666666666666,1.3333333333333333,0.8181818181818182,1.4594594594594594,1.4,0.9285714285714286,0.3333333333333333,0.6666666666666666,0.3333333333333333
8180,1.441860465116279,0.6666666666666666,1.3333333333333333,0.8181818181818182,1.4594594594594594,1.4,0.9285714285714286,0.3333333333333333,0.6666666666666666,0.3333333333333333,1.024390243902439
8181,0.6666666666666666,1.3333333333333333,0.8181818181818182,1.4594594594594594,1.4,0.9285714285714286,0.3333333333333333,0.6666666666666666,0.3333333333333333,1.024390243902439,1.162162162162162
8182,1.3333333333333333,0.8181818181818182,1.4594594594594594,1.4,0.9285714285714286,0.3333333333333333,0.6666666666666666,0.3333333333333333,1.024390243902439,1.162162162162162,2.022727272727273
8183,0.8181818181818182,1.4594594594594594,1.4,0.9285714285714286,0.3333333333333333,0.6666666666666666,0.3333333333333333,1.024390243902439,1.162162162162162,2.022727272727273,0.7333333333333333
8184,1.4594594594594594,1.4,0.9285714285714286,0.3333333333333333,0.6666666666666666,0.3333333333333333,1.024390243902439,1.162162162162162,2.022727272727273,0.7333333333333333,1.0
8185,1.4,0.9285714285714286,0.3333333333333333,0.6666666666666666,0.3333333333333333,1.024390243902439,1.162162162162162,2.022727272727273,0.7333333333333333,1.0,1.0
8186,0.9285714285714286,0.3333333333333333,0.6666666666666666,0.3333333333333333,1.024390243902439,1.162162162162162,2.022727272727273,0.7333333333333333,1.0,1.0,1.7647058823529411
8187,0.3333333333333333,0.6666666666666666,0.3333333333333333,1.024390243902439,1.162162162162162,2.022727272727273,0.7333333333333333,1.0,1.0,1.7647058823529411,1.1481481481481481
8188,0.6666666666666666,0.3333333333333333,1.024390243902439,1.162162162162162,2.022727272727273,0.7333333333333333,1.0,1.0,1.7647058823529411,1.1481481481481481,1.8333333333333333
8189,0.3333333333333333,1.024390243902439,1.162162162162162,2.022727272727273,0.7333333333333333,1.0,1.0,1.7647058823529411,1.1481481481481481,1.8333333333333333,1.4736842105263157
8190,1.024390243902439,1.162162162162162,2.022727272727273,0.7333333333333333,1.0,1.0,1.7647058823529411,1.1481481481481481,1.8333333333333333,1.4736842105263157,0.8571428571428571
8191,1.162162162162162,2.022727272727273,0.7333333333333333,1.0,1.0,1.7647058823529411,1.1481481481481481,1.8333333333333333,1.4736842105263157,0.8571428571428571,0.16666666666666666
8192,2.022727272727273,0.7333333333333333,1.0,1.0,1.7647058823529411,1.1481481481481481,1.8333333333333333,1.4736842105263157,0.8571428571428571,0.16666666666666666,1.4
8193,0.7333333333333333,1.0,1.0,1.7647058823529411,1.1481481481481481,1.8333333333333333,1.4736842105263157,0.8571428571428571,0.16666666666666666,1.4,0.7
8194,1.0,1.0,1.7647058823529411,1.1481481481481481,1.8333333333333333,1.4736842105263157,0.8571428571428571,0.16666666666666666,1.4,0.7,0.875
8195,1.0,1.7647058823529411,1.1481481481481481,1.8333333333333333,1.4736842105263157,0.8571428571428571,0.16666666666666666,1.4,0.7,0.875,0.7857142857142857
8196,1.7647058823529411,1.1481481481481481,1.8333333333333333,1.4736842105263157,0.8571428571428571,0.16666666666666666,1.4,0.7,0.875,0.7857142857142857,1.0
8197,1.1481481481481481,1.8333333333333333,1.4736842105263157,0.8571428571428571,0.16666666666666666,1.4,0.7,0.875,0.7857142857142857,1.0,2.0
8198,1.8333333333333333,1.4736842105263157,0.8571428571428571,0.16666666666666666,1.4,0.7,0.875,0.7857142857142857,1.0,2.0,1.2
8199,1.4736842105263157,0.8571428571428571,0.16666666666666666,1.4,0.7,0.875,0.7857142857142857,1.0,2.0,1.2,0.4
8200,0.8571428571428571,0.16666666666666666,1.4,0.7,0.875,0.7857142857142857,1.0,2.0,1.2,0.4,2.3333333333333335
8201,0.16666666666666666,1.4,0.7,0.875,0.7857142857142857,1.0,2.0,1.2,0.4,2.3333333333333335,1.0
8202,1.4,0.7,0.875,0.7857142857142857,1.0,2.0,1.2,0.4,2.3333333333333335,1.0,0.8571428571428571
8203,0.7,0.875,0.7857142857142857,1.0,2.0,1.2,0.4,2.3333333333333335,1.0,0.8571428571428571,1.5
8204,0.875,0.7857142857142857,1.0,2.0,1.2,0.4,2.3333333333333335,1.0,0.8571428571428571,1.5,1.6538461538461537
8205,0.7857142857142857,1.0,2.0,1.2,0.4,2.3333333333333335,1.0,0.8571428571428571,1.5,1.6538461538461537,1.2666666666666666
8206,1.0,2.0,1.2,0.4,2.3333333333333335,1.0,0.8571428571428571,1.5,1.6538461538461537,1.2666666666666666,0.5714285714285714
8207,2.0,1.2,0.4,2.3333333333333335,1.0,0.8571428571428571,1.5,1.6538461538461537,1.2666666666666666,0.5714285714285714,1.6470588235294117
8208,1.2,0.4,2.3333333333333335,1.0,0.8571428571428571,1.5,1.6538461538461537,1.2666666666666666,0.5714285714285714,1.6470588235294117,1.625
8209,0.4,2.3333333333333335,1.0,0.8571428571428571,1.5,1.6538461538461537,1.2666666666666666,0.5714285714285714,1.6470588235294117,1.625,1.3571428571428572
8210,2.3333333333333335,1.0,0.8571428571428571,1.5,1.6538461538461537,1.2666666666666666,0.5714285714285714,1.6470588235294117,1.625,1.3571428571428572,0.9444444444444444
8211,1.0,0.8571428571428571,1.5,1.6538461538461537,1.2666666666666666,0.5714285714285714,1.6470588235294117,1.625,1.3571428571428572,0.9444444444444444,1.46875
8212,0.8571428571428571,1.5,1.6538461538461537,1.2666666666666666,0.5714285714285714,1.6470588235294117,1.625,1.3571428571428572,0.9444444444444444,1.46875,2.0
8213,1.5,1.6538461538461537,1.2666666666666666,0.5714285714285714,1.6470588235294117,1.625,1.3571428571428572,0.9444444444444444,1.46875,2.0,2.2222222222222223
8214,1.6538461538461537,1.2666666666666666,0.5714285714285714,1.6470588235294117,1.625,1.3571428571428572,0.9444444444444444,1.46875,2.0,2.2222222222222223,1.0434782608695652
8215,1.2666666666666666,0.5714285714285714,1.6470588235294117,1.625,1.3571428571428572,0.9444444444444444,1.46875,2.0,2.2222222222222223,1.0434782608695652,0.0
8216,0.5714285714285714,1.6470588235294117,1.625,1.3571428571428572,0.9444444444444444,1.46875,2.0,2.2222222222222223,1.0434782608695652,0.0,0.6521739130434783
8217,1.6470588235294117,1.625,1.3571428571428572,0.9444444444444444,1.46875,2.0,2.2222222222222223,1.0434782608695652,0.0,0.6521739130434783,1.5
8218,1.625,1.3571428571428572,0.9444444444444444,1.46875,2.0,2.2222222222222223,1.0434782608695652,0.0,0.6521739130434783,1.5,0.3333333333333333
8219,1.3571428571428572,0.9444444444444444,1.46875,2.0,2.2222222222222223,1.0434782608695652,0.0,0.6521739130434783,1.5,0.3333333333333333,1.7894736842105263
8220,0.9444444444444444,1.46875,2.0,2.2222222222222223,1.0434782608695652,0.0,0.6521739130434783,1.5,0.3333333333333333,1.7894736842105263,1.6842105263157894
8221,1.46875,2.0,2.2222222222222223,1.0434782608695652,0.0,0.6521739130434783,1.5,0.3333333333333333,1.7894736842105263,1.6842105263157894,1.9615384615384615
8222,2.0,2.2222222222222223,1.0434782608695652,0.0,0.6521739130434783,1.5,0.3333333333333333,1.7894736842105263,1.6842105263157894,1.9615384615384615,1.5666666666666667
8223,2.2222222222222223,1.0434782608695652,0.0,0.6521739130434783,1.5,0.3333333333333333,1.7894736842105263,1.6842105263157894,1.9615384615384615,1.5666666666666667,1.0
8224,1.0434782608695652,0.0,0.6521739130434783,1.5,0.3333333333333333,1.7894736842105263,1.6842105263157894,1.9615384615384615,1.5666666666666667,1.0,1.75
8225,0.0,0.6521739130434783,1.5,0.3333333333333333,1.7894736842105263,1.6842105263157894,1.9615384615384615,1.5666666666666667,1.0,1.75,0.75
8226,0.6521739130434783,1.5,0.3333333333333333,1.7894736842105263,1.6842105263157894,1.9615384615384615,1.5666666666666667,1.0,1.75,0.75,1.36
8227,1.0,1.65,1.65625,1.9166666666666667,2.1020408163265305,1.5,0.9629629629629629,0.6666666666666666,0.0,1.3333333333333333,1.2222222222222223
8228,1.65,1.65625,1.9166666666666667,2.1020408163265305,1.5,0.9629629629629629,0.6666666666666666,0.0,1.3333333333333333,1.2222222222222223,0.0
8229,1.65625,1.9166666666666667,2.1020408163265305,1.5,0.9629629629629629,0.6666666666666666,0.0,1.3333333333333333,1.2222222222222223,0.0,2.0
8230,1.9166666666666667,2.1020408163265305,1.5,0.9629629629629629,0.6666666666666666,0.0,1.3333333333333333,1.2222222222222223,0.0,2.0,1.0
8231,2.1020408163265305,1.5,0.9629629629629629,0.6666666666666666,0.0,1.3333333333333333,1.2222222222222223,0.0,2.0,1.0,0.7894736842105263
8232,1.5,0.9629629629629629,0.6666666666666666,0.0,1.3333333333333333,1.2222222222222223,0.0,2.0,1.0,0.7894736842105263,0.0
8233,0.9629629629629629,0.6666666666666666,0.0,1.3333333333333333,1.2222222222222223,0.0,2.0,1.0,0.7894736842105263,0.0,1.5833333333333333
8234,0.6666666666666666,0.0,1.3333333333333333,1.2222222222222223,0.0,2.0,1.0,0.7894736842105263,0.0,1.5833333333333333,1.2608695652173914
8235,0.0,1.3333333333333333,1.2222222222222223,0.0,2.0,1.0,0.7894736842105263,0.0,1.5833333333333333,1.2608695652173914,1.8372093023255813
8236,1.3333333333333333,1.2222222222222223,0.0,2.0,1.0,0.7894736842105263,0.0,1.5833333333333333,1.2608695652173914,1.8372093023255813,0.0
8237,1.2222222222222223,0.0,2.0,1.0,0.7894736842105263,0.0,1.5833333333333333,1.2608695652173914,1.8372093023255813,0.0,1.3478260869565217
8238,0.0,2.0,1.0,0.7894736842105263,0.0,1.5833333333333333,1.2608695652173914,1.8372093023255813,0.0,1.3478260869565217,0.8888888888888888
8239,2.0,1.0,0.7894736842105263,0.0,1.5833333333333333,1.2608695652173914,1.8372093023255813,0.0,1.3478260869565217,0.8888888888888888,1.0
8240,1.0,0.7894736842105263,0.0,1.5833333333333333,1.2608695652173914,1.8372093023255813,0.0,1.3478260869565217,0.8888888888888888,1.0,0.7777777777777778
8241,0.7894736842105263,0.0,1.5833333333333333,1.2608695652173914,1.8372093023255813,0.0,1.3478260869565217,0.8888888888888888,1.0,0.7777777777777778,0.6153846153846154
8242,0.0,1.5833333333333333,1.2608695652173914,1.8372093023255813,0.0,1.3478260869565217,0.8888888888888888,1.0,0.7777777777777778,0.6153846153846154,0.5294117647058824
8243,1.5833333333333333,1.2608695652173914,1.8372093023255813,0.0,1.3478260869565217,0.8888888888888888,1.0,0.7777777777777778,0.6153846153846154,0.5294117647058824,2.3
8244,1.2608695652173914,1.8372093023255813,0.0,1.3478260869565217,0.8888888888888888,1.0,0.7777777777777778,0.6153846153846154,0.5294117647058824,2.3,1.0
8245,1.8372093023255813,0.0,1.3478260869565217,0.8888888888888888,1.0,0.7777777777777778,0.6153846153846154,0.5294117647058824,2.3,1.0,0.6153846153846154
8246,0.0,1.3478260869565217,0.8888888888888888,1.0,0.7777777777777778,0.6153846153846154,0.5294117647058824,2.3,1.0,0.6153846153846154,2.0
8247,1.3478260869565217,0.8888888888888888,1.0,0.7777777777777778,0.6153846153846154,0.5294117647058824,2.3,1.0,0.6153846153846154,2.0,1.0
8248,0.8888888888888888,1.0,0.7777777777777778,0.6153846153846154,0.5294117647058824,2.3,1.0,0.6153846153846154,2.0,1.0,2.2
8249,1.0,0.7777777777777778,0.6153846153846154,0.5294117647058824,2.3,1.0,0.6153846153846154,2.0,1.0,2.2,0.0
8250,0.7777777777777778,0.6153846153846154,0.5294117647058824,2.3,1.0,0.6153846153846154,2.0,1.0,2.2,0.0,4.0
8251,0.6153846153846154,0.5294117647058824,2.3,1.0,0.6153846153846154,2.0,1.0,2.2,0.0,4.0,1.25
8252,0.5294117647058824,2.3,1.0,0.6153846153846154,2.0,1.0,2.2,0.0,4.0,1.25,1.2352941176470589
8253,2.3,1.0,0.6153846153846154,2.0,1.0,2.2,0.0,4.0,1.25,1.2352941176470589,1.6153846153846154
8254,1.0,0.6153846153846154,2.0,1.0,2.2,0.0,4.0,1.25,1.2352941176470589,1.6153846153846154,1.5128205128205128
8255,0.6153846153846154,2.0,1.0,2.2,0.0,4.0,1.25,1.2352941176470589,1.6153846153846154,1.5128205128205128,1.125
8256,2.0,1.0,2.2,0.0,4.0,1.25,1.2352941176470589,1.6153846153846154,1.5128205128205128,1.125,1.8571428571428572
8257,1.0,2.2,0.0,4.0,1.25,1.2352941176470589,1.6153846153846154,1.5128205128205128,1.125,1.8571428571428572,1.7037037037037037
8258,2.2,0.0,4.0,1.25,1.2352941176470589,1.6153846153846154,1.5128205128205128,1.125,1.8571428571428572,1.7037037037037037,1.6785714285714286
8259,0.0,4.0,1.25,1.2352941176470589,1.6153846153846154,1.5128205128205128,1.125,1.8571428571428572,1.7037037037037037,1.6785714285714286,1.0
8260,4.0,1.25,1.2352941176470589,1.6153846153846154,1.5128205128205128,1.125,1.8571428571428572,1.7037037037037037,1.6785714285714286,1.0,1.5555555555555556
8261,1.25,1.2352941176470589,1.6153846153846154,1.5128205128205128,1.125,1.8571428571428572,1.7037037037037037,1.6785714285714286,1.0,1.5555555555555556,1.4444444444444444
8262,1.2352941176470589,1.6153846153846154,1.5128205128205128,1.125,1.8571428571428572,1.7037037037037037,1.6785714285714286,1.0,1.5555555555555556,1.4444444444444444,1.72
8263,1.6153846153846154,1.5128205128205128,1.125,1.8571428571428572,1.7037037037037037,1.6785714285714286,1.0,1.5555555555555556,1.4444444444444444,1.72,0.5
8264,1.5128205128205128,1.125,1.8571428571428572,1.7037037037037037,1.6785714285714286,1.0,1.5555555555555556,1.4444444444444444,1.72,0.5,0.42857142857142855
8265,1.125,1.8571428571428572,1.7037037037037037,1.6785714285714286,1.0,1.5555555555555556,1.4444444444444444,1.72,0.5,0.42857142857142855,2.3
8266,1.8571428571428572,1.7037037037037037,1.6785714285714286,1.0,1.5555555555555556,1.4444444444444444,1.72,0.5,0.42857142857142855,2.3,0.3333333333333333
8267,1.7037037037037037,1.6785714285714286,1.0,1.5555555555555556,1.4444444444444444,1.72,0.5,0.42857142857142855,2.3,0.3333333333333333,1.2142857142857142
8268,1.6785714285714286,1.0,1.5555555555555556,1.4444444444444444,1.72,0.5,0.42857142857142855,2.3,0.3333333333333333,1.2142857142857142,1.0
8269,1.0,1.5555555555555556,1.4444444444444444,1.72,0.5,0.42857142857142855,2.3,0.3333333333333333,1.2142857142857142,1.0,1.8
8270,1.5555555555555556,1.4444444444444444,1.72,0.5,0.42857142857142855,2.3,0.3333333333333333,1.2142857142857142,1.0,1.8,1.0303030303030303
8271,1.4444444444444444,1.72,0.5,0.42857142857142855,2.3,0.3333333333333333,1.2142857142857142,1.0,1.8,1.0303030303030303,0.0
8272,1.72,0.5,0.42857142857142855,2.3,0.3333333333333333,1.2142857142857142,1.0,1.8,1.0303030303030303,0.0,2.3333333333333335
8273,0.5,0.42857142857142855,2.3,0.3333333333333333,1.2142857142857142,1.0,1.8,1.0303030303030303,0.0,2.3333333333333335,1.5625
8274,0.42857142857142855,2.3,0.3333333333333333,1.2142857142857142,1.0,1.8,1.0303030303030303,0.0,2.3333333333333335,1.5625,1.55
8275,2.3,0.3333333333333333,1.2142857142857142,1.0,1.8,1.0303030303030303,0.0,2.3333333333333335,1.5625,1.55,1.875
8276,0.3333333333333333,1.2142857142857142,1.0,1.8,1.0303030303030303,0.0,2.3333333333333335,1.5625,1.55,1.875,1.5319148936170213
8277,1.2142857142857142,1.0,1.8,1.0303030303030303,0.0,2.3333333333333335,1.5625,1.55,1.875,1.5319148936170213,1.2258064516129032
8278,1.0,1.8,1.0303030303030303,0.0,2.3333333333333335,1.5625,1.55,1.875,1.5319148936170213,1.2258064516129032,1.6
8279,1.8,1.0303030303030303,0.0,2.3333333333333335,1.5625,1.55,1.875,1.5319148936170213,1.2258064516129032,1.6,1.65625
8280,1.0303030303030303,0.0,2.3333333333333335,1.5625,1.55,1.875,1.5319148936170213,1.2258064516129032,1.6,1.65625,1.3421052631578947
8281,0.0,2.3333333333333335,1.5625,1.55,1.875,1.5319148936170213,1.2258064516129032,1.6,1.65625,1.3421052631578947,0.95
8282,2.3333333333333335,1.5625,1.55,1.875,1.5319148936170213,1.2258064516129032,1.6,1.65625,1.3421052631578947,0.95,0.5
8283,1.5625,1.55,1.875,1.5319148936170213,1.2258064516129032,1.6,1.65625,1.3421052631578947,0.95,0.5,1.2380952380952381
8284,1.55,1.875,1.5319148936170213,1.2258064516129032,1.6,1.65625,1.3421052631578947,0.95,0.5,1.2380952380952381,2.6
8285,1.875,1.5319148936170213,1.2258064516129032,1.6,1.65625,1.3421052631578947,0.95,0.5,1.2380952380952381,2.6,2.0
8286,1.5319148936170213,1.2258064516129032,1.6,1.65625,1.3421052631578947,0.95,0.5,1.2380952380952381,2.6,2.0,1.4285714285714286
8287,1.2258064516129032,1.6,1.65625,1.3421052631578947,0.95,0.5,1.2380952380952381,2.6,2.0,1.4285714285714286,1.2222222222222223
8288,1.6,1.65625,1.3421052631578947,0.95,0.5,1.2380952380952381,2.6,2.0,1.4285714285714286,1.2222222222222223,1.3571428571428572
8289,1.65625,1.3421052631578947,0.95,0.5,1.2380952380952381,2.6,2.0,1.4285714285714286,1.2222222222222223,1.3571428571428572,0.3333333333333333
8290,1.3421052631578947,0.95,0.5,1.2380952380952381,2.6,2.0,1.4285714285714286,1.2222222222222223,1.3571428571428572,0.3333333333333333,1.2692307692307692
8291,0.95,0.5,1.2380952380952381,2.6,2.0,1.4285714285714286,1.2222222222222223,1.3571428571428572,0.3333333333333333,1.2692307692307692,1.4
8292,0.5,1.2380952380952381,2.6,2.0,1.4285714285714286,1.2222222222222223,1.3571428571428572,0.3333333333333333,1.2692307692307692,1.4,1.2916666666666667
8293,1.2380952380952381,2.6,2.0,1.4285714285714286,1.2222222222222223,1.3571428571428572,0.3333333333333333,1.2692307692307692,1.4,1.2916666666666667,1.6808510638297873
8294,2.6,2.0,1.4285714285714286,1.2222222222222223,1.3571428571428572,0.3333333333333333,1.2692307692307692,1.4,1.2916666666666667,1.6808510638297873,0.0
8295,2.0,1.4285714285714286,1.2222222222222223,1.3571428571428572,0.3333333333333333,1.2692307692307692,1.4,1.2916666666666667,1.6808510638297873,0.0,1.4827586206896552
8296,1.4285714285714286,1.2222222222222223,1.3571428571428572,0.3333333333333333,1.2692307692307692,1.4,1.2916666666666667,1.6808510638297873,0.0,1.4827586206896552,1.2941176470588236
8297,1.2222222222222223,1.3571428571428572,0.3333333333333333,1.2692307692307692,1.4,1.2916666666666667,1.6808510638297873,0.0,1.4827586206896552,1.2941176470588236,1.372093023255814
8298,1.3571428571428572,0.3333333333333333,1.2692307692307692,1.4,1.2916666666666667,1.6808510638297873,0.0,1.4827586206896552,1.2941176470588236,1.372093023255814,1.3148148148148149
8299,0.3333333333333333,1.2692307692307692,1.4,1.2916666666666667,1.6808510638297873,0.0,1.4827586206896552,1.2941176470588236,1.372093023255814,1.3148148148148149,1.3148148148148149
8300,1.2692307692307692,1.4,1.2916666666666667,1.6808510638297873,0.0,1.4827586206896552,1.2941176470588236,1.372093023255814,1.3148148148148149,1.3148148148148149,0.8823529411764706
8301,1.4,1.2916666666666667,1.6808510638297873,0.0,1.4827586206896552,1.2941176470588236,1.372093023255814,1.3148148148148149,1.3148148148148149,0.8823529411764706,1.0625
8302,1.2916666666666667,1.6808510638297873,0.0,1.4827586206896552,1.2941176470588236,1.372093023255814,1.3148148148148149,1.3148148148148149,0.8823529411764706,1.0625,1.0
8303,1.6808510638297873,0.0,1.4827586206896552,1.2941176470588236,1.372093023255814,1.3148148148148149,1.3148148148148149,0.8823529411764706,1.0625,1.0,1.5238095238095237
8304,0.0,1.4827586206896552,1.2941176470588236,1.372093023255814,1.3148148148148149,1.3148148148148149,0.8823529411764706,1.0625,1.0,1.5238095238095237,1.5
8305,1.4827586206896552,1.2941176470588236,1.372093023255814,1.3148148148148149,1.3148148148148149,0.8823529411764706,1.0625,1.0,1.5238095238095237,1.5,1.6666666666666667
8306,1.2941176470588236,1.372093023255814,1.3148148148148149,1.3148148148148149,0.8823529411764706,1.0625,1.0,1.5238095238095237,1.5,1.6666666666666667,2.05
8307,1.372093023255814,1.3148148148148149,1.3148148148148149,0.8823529411764706,1.0625,1.0,1.5238095238095237,1.5,1.6666666666666667,2.05,3.0
8308,1.3148148148148149,1.3148148148148149,0.8823529411764706,1.0625,1.0,1.5238095238095237,1.5,1.6666666666666667,2.05,3.0,1.3529411764705883
8309,1.3148148148148149,0.8823529411764706,1.0625,1.0,1.5238095238095237,1.5,1.6666666666666667,2.05,3.0,1.3529411764705883,1.837837837837838
8310,0.8823529411764706,1.0625,1.0,1.5238095238095237,1.5,1.6666666666666667,2.05,3.0,1.3529411764705883,1.837837837837838,2.4411764705882355
8311,1.0625,1.0,1.5238095238095237,1.5,1.6666666666666667,2.05,3.0,1.3529411764705883,1.837837837837838,2.4411764705882355,0.9375
8312,1.0,1.5238095238095237,1.5,1.6666666666666667,2.05,3.0,1.3529411764705883,1.837837837837838,2.4411764705882355,0.9375,2.1923076923076925
8313,1.5238095238095237,1.5,1.6666666666666667,2.05,3.0,1.3529411764705883,1.837837837837838,2.4411764705882355,0.9375,2.1923076923076925,2.0
8314,1.5,1.6666666666666667,2.05,3.0,1.3529411764705883,1.837837837837838,2.4411764705882355,0.9375,2.1923076923076925,2.0,1.5333333333333334
8315,1.6666666666666667,2.05,3.0,1.3529411764705883,1.837837837837838,2.4411764705882355,0.9375,2.1923076923076925,2.0,1.5333333333333334,0.875
8316,2.05,3.0,1.3529411764705883,1.837837837837838,2.4411764705882355,0.9375,2.1923076923076925,2.0,1.5333333333333334,0.875,1.1818181818181819
8317,3.0,1.3529411764705883,1.837837837837838,2.4411764705882355,0.9375,2.1923076923076925,2.0,1.5333333333333334,0.875,1.1818181818181819,1.605263157894737
8318,1.3529411764705883,1.837837837837838,2.4411764705882355,0.9375,2.1923076923076925,2.0,1.5333333333333334,0.875,1.1818181818181819,1.605263157894737,0.9032258064516129
8319,1.837837837837838,2.4411764705882355,0.9375,2.1923076923076925,2.0,1.5333333333333334,0.875,1.1818181818181819,1.605263157894737,0.9032258064516129,1.5384615384615385
8320,2.4411764705882355,0.9375,2.1923076923076925,2.0,1.5333333333333334,0.875,1.1818181818181819,1.605263157894737,0.9032258064516129,1.5384615384615385,1.0
8321,0.9375,2.1923076923076925,2.0,1.5333333333333334,0.875,1.1818181818181819,1.605263157894737,0.9032258064516129,1.5384615384615385,1.0,1.3333333333333333
8322,2.1923076923076925,2.0,1.5333333333333334,0.875,1.1818181818181819,1.605263157894737,0.9032258064516129,1.5384615384615385,1.0,1.3333333333333333,0.8947368421052632
8323,2.0,1.5333333333333334,0.875,1.1818181818181819,1.605263157894737,0.9032258064516129,1.5384615384615385,1.0,1.3333333333333333,0.8947368421052632,1.896551724137931
8324,1.5333333333333334,0.875,1.1818181818181819,1.605263157894737,0.9032258064516129,1.5384615384615385,1.0,1.3333333333333333,0.8947368421052632,1.896551724137931,2.129032258064516
8325,0.875,1.1818181818181819,1.605263157894737,0.9032258064516129,1.5384615384615385,1.0,1.3333333333333333,0.8947368421052632,1.896551724137931,2.129032258064516,0.7777777777777778
8326,1.1818181818181819,1.605263157894737,0.9032258064516129,1.5384615384615385,1.0,1.3333333333333333,0.8947368421052632,1.896551724137931,2.129032258064516,0.7777777777777778,1.625
8327,1.605263157894737,0.9032258064516129,1.5384615384615385,1.0,1.3333333333333333,0.8947368421052632,1.896551724137931,2.129032258064516,0.7777777777777778,1.625,1.1333333333333333
8328,0.9032258064516129,1.5384615384615385,1.0,1.3333333333333333,0.8947368421052632,1.896551724137931,2.129032258064516,0.7777777777777778,1.625,1.1333333333333333,1.8333333333333333
8329,1.5384615384615385,1.0,1.3333333333333333,0.8947368421052632,1.896551724137931,2.129032258064516,0.7777777777777778,1.625,1.1333333333333333,1.8333333333333333,0.0
8330,1.0,1.3333333333333333,0.8947368421052632,1.896551724137931,2.129032258064516,0.7777777777777778,1.625,1.1333333333333333,1.8333333333333333,0.0,1.2222222222222223
8331,1.3333333333333333,0.8947368421052632,1.896551724137931,2.129032258064516,0.7777777777777778,1.625,1.1333333333333333,1.8333333333333333,0.0,1.2222222222222223,1.4333333333333333
8332,0.8947368421052632,1.896551724137931,2.129032258064516,0.7777777777777778,1.625,1.1333333333333333,1.8333333333333333,0.0,1.2222222222222223,1.4333333333333333,1.3703703703703705
8333,1.896551724137931,2.129032258064516,0.7777777777777778,1.625,1.1333333333333333,1.8333333333333333,0.0,1.2222222222222223,1.4333333333333333,1.3703703703703705,1.3076923076923077
8334,2.129032258064516,0.7777777777777778,1.625,1.1333333333333333,1.8333333333333333,0.0,1.2222222222222223,1.4333333333333333,1.3703703703703705,1.3076923076923077,0.8333333333333334
8335,0.7777777777777778,1.625,1.1333333333333333,1.8333333333333333,0.0,1.2222222222222223,1.4333333333333333,1.3703703703703705,1.3076923076923077,0.8333333333333334,1.6
8336,1.625,1.1333333333333333,1.8333333333333333,0.0,1.2222222222222223,1.4333333333333333,1.3703703703703705,1.3076923076923077,0.8333333333333334,1.6,2.4
8337,1.1333333333333333,1.8333333333333333,0.0,1.2222222222222223,1.4333333333333333,1.3703703703703705,1.3076923076923077,0.8333333333333334,1.6,2.4,1.2413793103448276
8338,1.8333333333333333,0.0,1.2222222222222223,1.4333333333333333,1.3703703703703705,1.3076923076923077,0.8333333333333334,1.6,2.4,1.2413793103448276,2.6666666666666665
8339,0.0,1.2222222222222223,1.4333333333333333,1.3703703703703705,1.3076923076923077,0.8333333333333334,1.6,2.4,1.2413793103448276,2.6666666666666665,1.4285714285714286
8340,1.2222222222222223,1.4333333333333333,1.3703703703703705,1.3076923076923077,0.8333333333333334,1.6,2.4,1.2413793103448276,2.6666666666666665,1.4285714285714286,1.6
8341,1.4333333333333333,1.3703703703703705,1.3076923076923077,0.8333333333333334,1.6,2.4,1.2413793103448276,2.6666666666666665,1.4285714285714286,1.6,1.0909090909090908
8342,1.4166666666666667,0.6666666666666666,1.7173913043478262,1.125,0.5,1.8,1.1428571428571428,1.6111111111111112,1.0,1.0833333333333333,0.825
8343,0.6666666666666666,1.7173913043478262,1.125,0.5,1.8,1.1428571428571428,1.6111111111111112,1.0,1.0833333333333333,0.825,0.7142857142857143
8344,1.7173913043478262,1.125,0.5,1.8,1.1428571428571428,1.6111111111111112,1.0,1.0833333333333333,0.825,0.7142857142857143,0.8125
8345,1.125,0.5,1.8,1.1428571428571428,1.6111111111111112,1.0,1.0833333333333333,0.825,0.7142857142857143,0.8125,1.0
8346,0.5,1.8,1.1428571428571428,1.6111111111111112,1.0,1.0833333333333333,0.825,0.7142857142857143,0.8125,1.0,0.7777777777777778
8347,1.8,1.1428571428571428,1.6111111111111112,1.0,1.0833333333333333,0.825,0.7142857142857143,0.8125,1.0,0.7777777777777778,2.0833333333333335
8348,0.5,1.0,0.6666666666666666,2.0,0.0,0.0,0.7142857142857143,0.0,1.9090909090909092,2.3333333333333335,1.8571428571428572
8349,1.0,0.6666666666666666,2.0,0.0,0.0,0.7142857142857143,0.0,1.9090909090909092,2.3333333333333335,1.8571428571428572,1.2857142857142858
8350,0.6666666666666666,2.0,0.0,0.0,0.7142857142857143,0.0,1.9090909090909092,2.3333333333333335,1.8571428571428572,1.2857142857142858,0.6666666666666666
8351,2.0,0.0,0.0,0.7142857142857143,0.0,1.9090909090909092,2.3333333333333335,1.8571428571428572,1.2857142857142858,0.6666666666666666,0.0
8352,0.0,0.0,0.7142857142857143,0.0,1.9090909090909092,2.3333333333333335,1.8571428571428572,1.2857142857142858,0.6666666666666666,0.0,0.5
8353,0.0,0.7142857142857143,0.0,1.9090909090909092,2.3333333333333335,1.8571428571428572,1.2857142857142858,0.6666666666666666,0.0,0.5,2.142857142857143
8354,0.7142857142857143,0.0,1.9090909090909092,2.3333333333333335,1.8571428571428572,1.2857142857142858,0.6666666666666666,0.0,0.5,2.142857142857143,0.6666666666666666
8355,0.0,1.9090909090909092,2.3333333333333335,1.8571428571428572,1.2857142857142858,0.6666666666666666,0.0,0.5,2.142857142857143,0.6666666666666666,1.0
8356,1.9090909090909092,2.3333333333333335,1.8571428571428572,1.2857142857142858,0.6666666666666666,0.0,0.5,2.142857142857143,0.6666666666666666,1.0,0.6
8357,2.3333333333333335,1.8571428571428572,1.2857142857142858,0.6666666666666666,0.0,0.5,2.142857142857143,0.6666666666666666,1.0,0.6,1.2857142857142858
8358,1.8571428571428572,1.2857142857142858,0.6666666666666666,0.0,0.5,2.142857142857143,0.6666666666666666,1.0,0.6,1.2857142857142858,0.4
8359,1.2857142857142858,0.6666666666666666,0.0,0.5,2.142857142857143,0.6666666666666666,1.0,0.6,1.2857142857142858,0.4,0.25
8360,0.6666666666666666,0.0,0.5,2.142857142857143,0.6666666666666666,1.0,0.6,1.2857142857142858,0.4,0.25,0.5
8361,0.0,0.5,2.142857142857143,0.6666666666666666,1.0,0.6,1.2857142857142858,0.4,0.25,0.5,2.0
8362,0.5,2.142857142857143,0.6666666666666666,1.0,0.6,1.2857142857142858,0.4,0.25,0.5,2.0,0.6
8363,2.142857142857143,0.6666666666666666,1.0,0.6,1.2857142857142858,0.4,0.25,0.5,2.0,0.6,1.0
8364,0.6666666666666666,1.0,0.6,1.2857142857142858,0.4,0.25,0.5,2.0,0.6,1.0,0.0
8365,1.0,0.6,1.2857142857142858,0.4,0.25,0.5,2.0,0.6,1.0,0.0,1.6666666666666667
8366,0.6,1.2857142857142858,0.4,0.25,0.5,2.0,0.6,1.0,0.0,1.6666666666666667,0.5
8367,1.2857142857142858,0.4,0.25,0.5,2.0,0.6,1.0,0.0,1.6666666666666667,0.5,0.0
8368,0.4,0.25,0.5,2.0,0.6,1.0,0.0,1.6666666666666667,0.5,0.0,1.5
8369,0.25,0.5,2.0,0.6,1.0,0.0,1.6666666666666667,0.5,0.0,1.5,0.6
8370,0.5,2.0,0.6,1.0,0.0,1.6666666666666667,0.5,0.0,1.5,0.6,5.0
8371,2.0,0.6,1.0,0.0,1.6666666666666667,0.5,0.0,1.5,0.6,5.0,0.5
8372,0.6,1.0,0.0,1.6666666666666667,0.5,0.0,1.5,0.6,5.0,0.5,0.3333333333333333
8373,1.0,0.0,1.6666666666666667,0.5,0.0,1.5,0.6,5.0,0.5,0.3333333333333333,0.0
8374,0.0,1.6666666666666667,0.5,0.0,1.5,0.6,5.0,0.5,0.3333333333333333,0.0,0.8
8375,1.6666666666666667,0.5,0.0,1.5,0.6,5.0,0.5,0.3333333333333333,0.0,0.8,0.0
8376,0.5,0.0,1.5,0.6,5.0,0.5,0.3333333333333333,0.0,0.8,0.0,1.0
8377,0.0,1.5,0.6,5.0,0.5,0.3333333333333333,0.0,0.8,0.0,1.0,0.75
8378,1.5,0.6,5.0,0.5,0.3333333333333333,0.0,0.8,0.0,1.0,0.75,1.5
8379,0.6,5.0,0.5,0.3333333333333333,0.0,0.8,0.0,1.0,0.75,1.5,1.0
8380,5.0,0.5,0.3333333333333333,0.0,0.8,0.0,1.0,0.75,1.5,1.0,0.5
8381,0.5,0.3333333333333333,0.0,0.8,0.0,1.0,0.75,1.5,1.0,0.5,0.875
8382,0.3333333333333333,0.0,0.8,0.0,1.0,0.75,1.5,1.0,0.5,0.875,0.5
8383,0.0,0.8,0.0,1.0,0.75,1.5,1.0,0.5,0.875,0.5,1.1538461538461537
8384,0.8,0.0,1.0,0.75,1.5,1.0,0.5,0.875,0.5,1.1538461538461537,0.0
8385,0.0,1.0,0.75,1.5,1.0,0.5,0.875,0.5,1.1538461538461537,0.0,1.0
8386,1.0,0.75,1.5,1.0,0.5,0.875,0.5,1.1538461538461537,0.0,1.0,1.6
8387,0.75,1.5,1.0,0.5,0.875,0.5,1.1538461538461537,0.0,1.0,1.6,1.6
8388,1.5,1.0,0.5,0.875,0.5,1.1538461538461537,0.0,1.0,1.6,1.6,1.2
8389,1.0,0.5,0.875,0.5,1.1538461538461537,0.0,1.0,1.6,1.6,1.2,0.7272727272727273
8390,0.5,0.875,0.5,1.1538461538461537,0.0,1.0,1.6,1.6,1.2,0.7272727272727273,2.0
8391,0.875,0.5,1.1538461538461537,0.0,1.0,1.6,1.6,1.2,0.7272727272727273,2.0,0.6
8392,0.5,1.1538461538461537,0.0,1.0,1.6,1.6,1.2,0.7272727272727273,2.0,0.6,1.75
8393,1.1538461538461537,0.0,1.0,1.6,1.6,1.2,0.7272727272727273,2.0,0.6,1.75,1.2
8394,0.0,1.0,1.6,1.6,1.2,0.7272727272727273,2.0,0.6,1.75,1.2,1.1333333333333333
8395,0.0,1.2857142857142858,0.0,1.8431372549019607,1.826086956521739,0.7777777777777778,0.9285714285714286,0.0,1.4,1.1,1.4444444444444444
8396,1.2857142857142858,0.0,1.8431372549019607,1.826086956521739,0.7777777777777778,0.9285714285714286,0.0,1.4,1.1,1.4444444444444444,1.3235294117647058
8397,0.0,1.8431372549019607,1.826086956521739,0.7777777777777778,0.9285714285714286,0.0,1.4,1.1,1.4444444444444444,1.3235294117647058,1.6470588235294117
8398,1.8431372549019607,1.826086956521739,0.7777777777777778,0.9285714285714286,0.0,1.4,1.1,1.4444444444444444,1.3235294117647058,1.6470588235294117,0.8571428571428571
8399,1.826086956521739,0.7777777777777778,0.9285714285714286,0.0,1.4,1.1,1.4444444444444444,1.3235294117647058,1.6470588235294117,0.8571428571428571,0.6666666666666666
8400,0.7777777777777778,0.9285714285714286,0.0,1.4,1.1,1.4444444444444444,1.3235294117647058,1.6470588235294117,0.8571428571428571,0.6666666666666666,1.0769230769230769
8401,0.9285714285714286,0.0,1.4,1.1,1.4444444444444444,1.3235294117647058,1.6470588235294117,0.8571428571428571,0.6666666666666666,1.0769230769230769,1.0285714285714285
8402,0.0,1.4,1.1,1.4444444444444444,1.3235294117647058,1.6470588235294117,0.8571428571428571,0.6666666666666666,1.0769230769230769,1.0285714285714285,1.0
8403,1.4,1.1,1.4444444444444444,1.3235294117647058,1.6470588235294117,0.8571428571428571,0.6666666666666666,1.0769230769230769,1.0285714285714285,1.0,1.36
8404,1.1,1.4444444444444444,1.3235294117647058,1.6470588235294117,0.8571428571428571,0.6666666666666666,1.0769230769230769,1.0285714285714285,1.0,1.36,2.3333333333333335
8405,1.4444444444444444,1.3235294117647058,1.6470588235294117,0.8571428571428571,0.6666666666666666,1.0769230769230769,1.0285714285714285,1.0,1.36,2.3333333333333335,1.411764705882353
8406,1.3235294117647058,1.6470588235294117,0.8571428571428571,0.6666666666666666,1.0769230769230769,1.0285714285714285,1.0,1.36,2.3333333333333335,1.411764705882353,1.6111111111111112
8407,1.6470588235294117,0.8571428571428571,0.6666666666666666,1.0769230769230769,1.0285714285714285,1.0,1.36,2.3333333333333335,1.411764705882353,1.6111111111111112,0.8181818181818182
8408,0.8571428571428571,0.6666666666666666,1.0769230769230769,1.0285714285714285,1.0,1.36,2.3333333333333335,1.411764705882353,1.6111111111111112,0.8181818181818182,0.3333333333333333
8409,0.6666666666666666,1.0769230769230769,1.0285714285714285,1.0,1.36,2.3333333333333335,1.411764705882353,1.6111111111111112,0.8181818181818182,0.3333333333333333,1.2
8410,1.0769230769230769,1.0285714285714285,1.0,1.36,2.3333333333333335,1.411764705882353,1.6111111111111112,0.8181818181818182,0.3333333333333333,1.2,1.75
8411,1.0285714285714285,1.0,1.36,2.3333333333333335,1.411764705882353,1.6111111111111112,0.8181818181818182,0.3333333333333333,1.2,1.75,1.2758620689655173
8412,1.0,1.36,2.3333333333333335,1.411764705882353,1.6111111111111112,0.8181818181818182,0.3333333333333333,1.2,1.75,1.2758620689655173,2.5
8413,1.36,2.3333333333333335,1.411764705882353,1.6111111111111112,0.8181818181818182,0.3333333333333333,1.2,1.75,1.2758620689655173,2.5,1.4
8414,2.3333333333333335,1.411764705882353,1.6111111111111112,0.8181818181818182,0.3333333333333333,1.2,1.75,1.2758620689655173,2.5,1.4,2.0
8415,1.411764705882353,1.6111111111111112,0.8181818181818182,0.3333333333333333,1.2,1.75,1.2758620689655173,2.5,1.4,2.0,1.6470588235294117
8416,1.6111111111111112,0.8181818181818182,0.3333333333333333,1.2,1.75,1.2758620689655173,2.5,1.4,2.0,1.6470588235294117,1.5
8417,0.8181818181818182,0.3333333333333333,1.2,1.75,1.2758620689655173,2.5,1.4,2.0,1.6470588235294117,1.5,1.8
8418,0.3333333333333333,1.2,1.75,1.2758620689655173,2.5,1.4,2.0,1.6470588235294117,1.5,1.8,0.8
8419,1.2,1.75,1.2758620689655173,2.5,1.4,2.0,1.6470588235294117,1.5,1.8,0.8,0.75
8420,1.75,1.2758620689655173,2.5,1.4,2.0,1.6470588235294117,1.5,1.8,0.8,0.75,1.6666666666666667
8421,1.2758620689655173,2.5,1.4,2.0,1.6470588235294117,1.5,1.8,0.8,0.75,1.6666666666666667,0.75
8422,2.5,1.4,2.0,1.6470588235294117,1.5,1.8,0.8,0.75,1.6666666666666667,0.75,0.75
8423,1.4,2.0,1.6470588235294117,1.5,1.8,0.8,0.75,1.6666666666666667,0.75,0.75,1.0
8424,2.0,1.6470588235294117,1.5,1.8,0.8,0.75,1.6666666666666667,0.75,0.75,1.0,1.6888888888888889
8425,1.6470588235294117,1.5,1.8,0.8,0.75,1.6666666666666667,0.75,0.75,1.0,1.6888888888888889,1.3265306122448979
8426,1.5,1.8,0.8,0.75,1.6666666666666667,0.75,0.75,1.0,1.6888888888888889,1.3265306122448979,0.5625
8427,1.8,0.8,0.75,1.6666666666666667,0.75,0.75,1.0,1.6888888888888889,1.3265306122448979,0.5625,0.9166666666666666
8428,0.8,0.75,1.6666666666666667,0.75,0.75,1.0,1.6888888888888889,1.3265306122448979,0.5625,0.9166666666666666,1.3823529411764706
8429,0.75,1.6666666666666667,0.75,0.75,1.0,1.6888888888888889,1.3265306122448979,0.5625,0.9166666666666666,1.3823529411764706,0.6363636363636364
8430,1.6666666666666667,0.75,0.75,1.0,1.6888888888888889,1.3265306122448979,0.5625,0.9166666666666666,1.3823529411764706,0.6363636363636364,0.972972972972973
8431,0.75,0.75,1.0,1.6888888888888889,1.3265306122448979,0.5625,0.9166666666666666,1.3823529411764706,0.6363636363636364,0.972972972972973,1.2727272727272727
8432,0.75,1.0,1.6888888888888889,1.3265306122448979,0.5625,0.9166666666666666,1.3823529411764706,0.6363636363636364,0.972972972972973,1.2727272727272727,1.2127659574468086
8433,1.0,1.6888888888888889,1.3265306122448979,0.5625,0.9166666666666666,1.3823529411764706,0.6363636363636364,0.972972972972973,1.2727272727272727,1.2127659574468086,0.9130434782608695
8434,1.6888888888888889,1.3265306122448979,0.5625,0.9166666666666666,1.3823529411764706,0.6363636363636364,0.972972972972973,1.2727272727272727,1.2127659574468086,0.9130434782608695,1.5
8435,1.3265306122448979,0.5625,0.9166666666666666,1.3823529411764706,0.6363636363636364,0.972972972972973,1.2727272727272727,1.2127659574468086,0.9130434782608695,1.5,1.1538461538461537
8436,0.5625,0.9166666666666666,1.3823529411764706,0.6363636363636364,0.972972972972973,1.2727272727272727,1.2127659574468086,0.9130434782608695,1.5,1.1538461538461537,1.375
8437,0.9166666666666666,1.3823529411764706,0.6363636363636364,0.972972972972973,1.2727272727272727,1.2127659574468086,0.9130434782608695,1.5,1.1538461538461537,1.375,0.0
8438,1.3823529411764706,0.6363636363636364,0.972972972972973,1.2727272727272727,1.2127659574468086,0.9130434782608695,1.5,1.1538461538461537,1.375,0.0,0.5789473684210527
8439,0.6363636363636364,0.972972972972973,1.2727272727272727,1.2127659574468086,0.9130434782608695,1.5,1.1538461538461537,1.375,0.0,0.5789473684210527,1.125
8440,0.972972972972973,1.2727272727272727,1.2127659574468086,0.9130434782608695,1.5,1.1538461538461537,1.375,0.0,0.5789473684210527,1.125,1.131578947368421
8441,1.2727272727272727,1.2127659574468086,0.9130434782608695,1.5,1.1538461538461537,1.375,0.0,0.5789473684210527,1.125,1.131578947368421,1.8
8442,1.2127659574468086,0.9130434782608695,1.5,1.1538461538461537,1.375,0.0,0.5789473684210527,1.125,1.131578947368421,1.8,1.4
8443,0.9130434782608695,1.5,1.1538461538461537,1.375,0.0,0.5789473684210527,1.125,1.131578947368421,1.8,1.4,1.4444444444444444
8444,1.5,1.1538461538461537,1.375,0.0,0.5789473684210527,1.125,1.131578947368421,1.8,1.4,1.4444444444444444,0.16666666666666666
8445,1.1538461538461537,1.375,0.0,0.5789473684210527,1.125,1.131578947368421,1.8,1.4,1.4444444444444444,0.16666666666666666,1.0
8446,1.375,0.0,0.5789473684210527,1.125,1.131578947368421,1.8,1.4,1.4444444444444444,0.16666666666666666,1.0,1.7413793103448276
8447,0.0,0.5789473684210527,1.125,1.131578947368421,1.8,1.4,1.4444444444444444,0.16666666666666666,1.0,1.7413793103448276,0.6
8448,0.5789473684210527,1.125,1.131578947368421,1.8,1.4,1.4444444444444444,0.16666666666666666,1.0,1.7413793103448276,0.6,1.125
8449,1.125,1.131578947368421,1.8,1.4,1.4444444444444444,0.16666666666666666,1.0,1.7413793103448276,0.6,1.125,1.105263157894737
8450,1.131578947368421,1.8,1.4,1.4444444444444444,0.16666666666666666,1.0,1.7413793103448276,0.6,1.125,1.105263157894737,1.95
8451,1.8,1.4,1.4444444444444444,0.16666666666666666,1.0,1.7413793103448276,0.6,1.125,1.105263157894737,1.95,0.9090909090909091
8452,1.4,1.4444444444444444,0.16666666666666666,1.0,1.7413793103448276,0.6,1.125,1.105263157894737,1.95,0.9090909090909091,1.0
8453,1.4444444444444444,0.16666666666666666,1.0,1.7413793103448276,0.6,1.125,1.105263157894737,1.95,0.9090909090909091,1.0,1.5
8454,0.16666666666666666,1.0,1.7413793103448276,0.6,1.125,1.105263157894737,1.95,0.9090909090909091,1.0,1.5,1.5833333333333333
8455,1.0,1.7413793103448276,0.6,1.125,1.105263157894737,1.95,0.9090909090909091,1.0,1.5,1.5833333333333333,1.5294117647058822
8456,1.7413793103448276,0.6,1.125,1.105263157894737,1.95,0.9090909090909091,1.0,1.5,1.5833333333333333,1.5294117647058822,1.75
8457,0.6,1.125,1.105263157894737,1.95,0.9090909090909091,1.0,1.5,1.5833333333333333,1.5294117647058822,1.75,1.1176470588235294
8458,1.125,1.105263157894737,1.95,0.9090909090909091,1.0,1.5,1.5833333333333333,1.5294117647058822,1.75,1.1176470588235294,1.1290322580645162
8459,1.105263157894737,1.95,0.9090909090909091,1.0,1.5,1.5833333333333333,1.5294117647058822,1.75,1.1176470588235294,1.1290322580645162,1.302325581395349
8460,1.95,0.9090909090909091,1.0,1.5,1.5833333333333333,1.5294117647058822,1.75,1.1176470588235294,1.1290322580645162,1.302325581395349,2.0
8461,0.9090909090909091,1.0,1.5,1.5833333333333333,1.5294117647058822,1.75,1.1176470588235294,1.1290322580645162,1.302325581395349,2.0,1.6551724137931034
8462,1.0,1.5,1.5833333333333333,1.5294117647058822,1.75,1.1176470588235294,1.1290322580645162,1.302325581395349,2.0,1.6551724137931034,1.1071428571428572
8463,1.5,1.5833333333333333,1.5294117647058822,1.75,1.1176470588235294,1.1290322580645162,1.302325581395349,2.0,1.6551724137931034,1.1071428571428572,1.4444444444444444
8464,1.5833333333333333,1.5294117647058822,1.75,1.1176470588235294,1.1290322580645162,1.302325581395349,2.0,1.6551724137931034,1.1071428571428572,1.4444444444444444,1.3673469387755102
8465,1.5294117647058822,1.75,1.1176470588235294,1.1290322580645162,1.302325581395349,2.0,1.6551724137931034,1.1071428571428572,1.4444444444444444,1.3673469387755102,2.15
8466,1.75,1.1176470588235294,1.1290322580645162,1.302325581395349,2.0,1.6551724137931034,1.1071428571428572,1.4444444444444444,1.3673469387755102,2.15,1.2666666666666666
8467,1.1176470588235294,1.1290322580645162,1.302325581395349,2.0,1.6551724137931034,1.1071428571428572,1.4444444444444444,1.3673469387755102,2.15,1.2666666666666666,1.6666666666666667
8468,1.1290322580645162,1.302325581395349,2.0,1.6551724137931034,1.1071428571428572,1.4444444444444444,1.3673469387755102,2.15,1.2666666666666666,1.6666666666666667,1.0465116279069768
8469,1.302325581395349,2.0,1.6551724137931034,1.1071428571428572,1.4444444444444444,1.3673469387755102,2.15,1.2666666666666666,1.6666666666666667,1.0465116279069768,1.0588235294117647
8470,2.0,1.6551724137931034,1.1071428571428572,1.4444444444444444,1.3673469387755102,2.15,1.2666666666666666,1.6666666666666667,1.0465116279069768,1.0588235294117647,0.25
8471,1.6551724137931034,1.1071428571428572,1.4444444444444444,1.3673469387755102,2.15,1.2666666666666666,1.6666666666666667,1.0465116279069768,1.0588235294117647,0.25,1.186046511627907
8472,1.0,0.25,1.5909090909090908,1.0,1.35,2.2,0.2,0.8181818181818182,1.0333333333333334,1.5,1.1818181818181819
8473,0.25,1.5909090909090908,1.0,1.35,2.2,0.2,0.8181818181818182,1.0333333333333334,1.5,1.1818181818181819,0.6666666666666666
8474,1.5909090909090908,1.0,1.35,2.2,0.2,0.8181818181818182,1.0333333333333334,1.5,1.1818181818181819,0.6666666666666666,0.75
8475,1.0,1.35,2.2,0.2,0.8181818181818182,1.0333333333333334,1.5,1.1818181818181819,0.6666666666666666,0.75,0.25
8476,1.35,2.2,0.2,0.8181818181818182,1.0333333333333334,1.5,1.1818181818181819,0.6666666666666666,0.75,0.25,0.5
8477,2.2,0.2,0.8181818181818182,1.0333333333333334,1.5,1.1818181818181819,0.6666666666666666,0.75,0.25,0.5,0.7222222222222222
8478,0.2,0.8181818181818182,1.0333333333333334,1.5,1.1818181818181819,0.6666666666666666,0.75,0.25,0.5,0.7222222222222222,1.2
8479,0.8181818181818182,1.0333333333333334,1.5,1.1818181818181819,0.6666666666666666,0.75,0.25,0.5,0.7222222222222222,1.2,0.9090909090909091
8480,1.0333333333333334,1.5,1.1818181818181819,0.6666666666666666,0.75,0.25,0.5,0.7222222222222222,1.2,0.9090909090909091,2.3333333333333335
8481,1.5,1.1818181818181819,0.6666666666666666,0.75,0.25,0.5,0.7222222222222222,1.2,0.9090909090909091,2.3333333333333335,2.0833333333333335
8482,1.1818181818181819,0.6666666666666666,0.75,0.25,0.5,0.7222222222222222,1.2,0.9090909090909091,2.3333333333333335,2.0833333333333335,0.9117647058823529
8483,0.6666666666666666,0.75,0.25,0.5,0.7222222222222222,1.2,0.9090909090909091,2.3333333333333335,2.0833333333333335,0.9117647058823529,2.142857142857143
8484,0.75,0.25,0.5,0.7222222222222222,1.2,0.9090909090909091,2.3333333333333335,2.0833333333333335,0.9117647058823529,2.142857142857143,0.0
8485,0.25,0.5,0.7222222222222222,1.2,0.9090909090909091,2.3333333333333335,2.0833333333333335,0.9117647058823529,2.142857142857143,0.0,0.7894736842105263
8486,0.5,0.7222222222222222,1.2,0.9090909090909091,2.3333333333333335,2.0833333333333335,0.9117647058823529,2.142857142857143,0.0,0.7894736842105263,0.0
8487,0.7222222222222222,1.2,0.9090909090909091,2.3333333333333335,2.0833333333333335,0.9117647058823529,2.142857142857143,0.0,0.7894736842105263,0.0,2.4545454545454546
8488,1.2,0.9090909090909091,2.3333333333333335,2.0833333333333335,0.9117647058823529,2.142857142857143,0.0,0.7894736842105263,0.0,2.4545454545454546,0.9230769230769231
8489,0.9090909090909091,2.3333333333333335,2.0833333333333335,0.9117647058823529,2.142857142857143,0.0,0.7894736842105263,0.0,2.4545454545454546,0.9230769230769231,0.85
8490,2.3333333333333335,2.0833333333333335,0.9117647058823529,2.142857142857143,0.0,0.7894736842105263,0.0,2.4545454545454546,0.9230769230769231,0.85,0.8
8491,2.0833333333333335,0.9117647058823529,2.142857142857143,0.0,0.7894736842105263,0.0,2.4545454545454546,0.9230769230769231,0.85,0.8,2.1153846153846154
8492,0.9117647058823529,2.142857142857143,0.0,0.7894736842105263,0.0,2.4545454545454546,0.9230769230769231,0.85,0.8,2.1153846153846154,1.7142857142857142
8493,2.142857142857143,0.0,0.7894736842105263,0.0,2.4545454545454546,0.9230769230769231,0.85,0.8,2.1153846153846154,1.7142857142857142,1.8
8494,0.0,0.7894736842105263,0.0,2.4545454545454546,0.9230769230769231,0.85,0.8,2.1153846153846154,1.7142857142857142,1.8,1.6666666666666667
8495,0.7894736842105263,0.0,2.4545454545454546,0.9230769230769231,0.85,0.8,2.1153846153846154,1.7142857142857142,1.8,1.6666666666666667,0.6153846153846154
8496,0.0,2.4545454545454546,0.9230769230769231,0.85,0.8,2.1153846153846154,1.7142857142857142,1.8,1.6666666666666667,0.6153846153846154,1.3428571428571427
8497,2.4545454545454546,0.9230769230769231,0.85,0.8,2.1153846153846154,1.7142857142857142,1.8,1.6666666666666667,0.6153846153846154,1.3428571428571427,1.4285714285714286
8498,0.9230769230769231,0.85,0.8,2.1153846153846154,1.7142857142857142,1.8,1.6666666666666667,0.6153846153846154,1.3428571428571427,1.4285714285714286,1.0
8499,0.85,0.8,2.1153846153846154,1.7142857142857142,1.8,1.6666666666666667,0.6153846153846154,1.3428571428571427,1.4285714285714286,1.0,1.9166666666666667
8500,0.8,2.1153846153846154,1.7142857142857142,1.8,1.6666666666666667,0.6153846153846154,1.3428571428571427,1.4285714285714286,1.0,1.9166666666666667,0.7142857142857143
8501,2.1153846153846154,1.7142857142857142,1.8,1.6666666666666667,0.6153846153846154,1.3428571428571427,1.4285714285714286,1.0,1.9166666666666667,0.7142857142857143,0.8
8502,1.7142857142857142,1.8,1.6666666666666667,0.6153846153846154,1.3428571428571427,1.4285714285714286,1.0,1.9166666666666667,0.7142857142857143,0.8,1.1
8503,1.8,1.6666666666666667,0.6153846153846154,1.3428571428571427,1.4285714285714286,1.0,1.9166666666666667,0.7142857142857143,0.8,1.1,0.0
8504,1.6666666666666667,0.6153846153846154,1.3428571428571427,1.4285714285714286,1.0,1.9166666666666667,0.7142857142857143,0.8,1.1,0.0,1.5588235294117647
8505,0.6153846153846154,1.3428571428571427,1.4285714285714286,1.0,1.9166666666666667,0.7142857142857143,0.8,1.1,0.0,1.5588235294117647,0.92
8506,1.3428571428571427,1.4285714285714286,1.0,1.9166666666666667,0.7142857142857143,0.8,1.1,0.0,1.5588235294117647,0.92,0.5925925925925926
8507,1.4285714285714286,1.0,1.9166666666666667,0.7142857142857143,0.8,1.1,0.0,1.5588235294117647,0.92,0.5925925925925926,1.375
8508,1.0,1.9166666666666667,0.7142857142857143,0.8,1.1,0.0,1.5588235294117647,0.92,0.5925925925925926,1.375,1.0
8509,1.9166666666666667,0.7142857142857143,0.8,1.1,0.0,1.5588235294117647,0.92,0.5925925925925926,1.375,1.0,2.0
8510,0.7142857142857143,0.8,1.1,0.0,1.5588235294117647,0.92,0.5925925925925926,1.375,1.0,2.0,0.6923076923076923
8511,0.8,1.1,0.0,1.5588235294117647,0.92,0.5925925925925926,1.375,1.0,2.0,0.6923076923076923,1.9333333333333333
8512,1.1,0.0,1.5588235294117647,0.92,0.5925925925925926,1.375,1.0,2.0,0.6923076923076923,1.9333333333333333,0.6666666666666666
8513,0.0,1.5588235294117647,0.92,0.5925925925925926,1.375,1.0,2.0,0.6923076923076923,1.9333333333333333,0.6666666666666666,2.2
8514,1.5588235294117647,0.92,0.5925925925925926,1.375,1.0,2.0,0.6923076923076923,1.9333333333333333,0.6666666666666666,2.2,1.4166666666666667
8515,0.92,0.5925925925925926,1.375,1.0,2.0,0.6923076923076923,1.9333333333333333,0.6666666666666666,2.2,1.4166666666666667,1.1025641025641026
8516,1.2105263157894737,1.3666666666666667,0.0,1.5272727272727273,1.1875,1.1666666666666667,0.9615384615384616,0.7333333333333333,0.0,0.5,0.42857142857142855
8517,1.3666666666666667,0.0,1.5272727272727273,1.1875,1.1666666666666667,0.9615384615384616,0.7333333333333333,0.0,0.5,0.42857142857142855,1.4166666666666667
8518,0.0,1.5272727272727273,1.1875,1.1666666666666667,0.9615384615384616,0.7333333333333333,0.0,0.5,0.42857142857142855,1.4166666666666667,0.25
8519,1.5272727272727273,1.1875,1.1666666666666667,0.9615384615384616,0.7333333333333333,0.0,0.5,0.42857142857142855,1.4166666666666667,0.25,0.8518518518518519
8520,1.1875,1.1666666666666667,0.9615384615384616,0.7333333333333333,0.0,0.5,0.42857142857142855,1.4166666666666667,0.25,0.8518518518518519,1.2727272727272727
8521,1.1666666666666667,0.9615384615384616,0.7333333333333333,0.0,0.5,0.42857142857142855,1.4166666666666667,0.25,0.8518518518518519,1.2727272727272727,1.0
8522,0.9615384615384616,0.7333333333333333,0.0,0.5,0.42857142857142855,1.4166666666666667,0.25,0.8518518518518519,1.2727272727272727,1.0,1.4666666666666666
8523,0.7333333333333333,0.0,0.5,0.42857142857142855,1.4166666666666667,0.25,0.8518518518518519,1.2727272727272727,1.0,1.4666666666666666,0.7272727272727273
8524,0.0,0.5,0.42857142857142855,1.4166666666666667,0.25,0.8518518518518519,1.2727272727272727,1.0,1.4666666666666666,0.7272727272727273,1.5454545454545454
8525,0.5,0.42857142857142855,1.4166666666666667,0.25,0.8518518518518519,1.2727272727272727,1.0,1.4666666666666666,0.7272727272727273,1.5454545454545454,1.375
8526,0.42857142857142855,1.4166666666666667,0.25,0.8518518518518519,1.2727272727272727,1.0,1.4666666666666666,0.7272727272727273,1.5454545454545454,1.375,1.54
8527,1.4166666666666667,0.25,0.8518518518518519,1.2727272727272727,1.0,1.4666666666666666,0.7272727272727273,1.5454545454545454,1.375,1.54,0.125
8528,1.5333333333333334,0.0,0.75,1.5,0.8333333333333334,0.0,0.875,1.3333333333333333,1.0,0.6923076923076923,1.0
8529,0.0,0.75,1.5,0.8333333333333334,0.0,0.875,1.3333333333333333,1.0,0.6923076923076923,1.0,3.0
8530,0.75,1.5,0.8333333333333334,0.0,0.875,1.3333333333333333,1.0,0.6923076923076923,1.0,3.0,1.6666666666666667
8531,1.5,0.8333333333333334,0.0,0.875,1.3333333333333333,1.0,0.6923076923076923,1.0,3.0,1.6666666666666667,2.3333333333333335
8532,0.8333333333333334,0.0,0.875,1.3333333333333333,1.0,0.6923076923076923,1.0,3.0,1.6666666666666667,2.3333333333333335,3.0
8533,0.0,0.875,1.3333333333333333,1.0,0.6923076923076923,1.0,3.0,1.6666666666666667,2.3333333333333335,3.0,0.7142857142857143
8534,0.875,1.3333333333333333,1.0,0.6923076923076923,1.0,3.0,1.6666666666666667,2.3333333333333335,3.0,0.7142857142857143,1.7777777777777777
8535,1.3333333333333333,1.0,0.6923076923076923,1.0,3.0,1.6666666666666667,2.3333333333333335,3.0,0.7142857142857143,1.7777777777777777,0.5357142857142857
8536,1.0,0.6923076923076923,1.0,3.0,1.6666666666666667,2.3333333333333335,3.0,0.7142857142857143,1.7777777777777777,0.5357142857142857,1.3333333333333333
8537,0.6923076923076923,1.0,3.0,1.6666666666666667,2.3333333333333335,3.0,0.7142857142857143,1.7777777777777777,0.5357142857142857,1.3333333333333333,1.0
8538,1.0,3.0,1.6666666666666667,2.3333333333333335,3.0,0.7142857142857143,1.7777777777777777,0.5357142857142857,1.3333333333333333,1.0,1.8571428571428572
8539,3.0,1.6666666666666667,2.3333333333333335,3.0,0.7142857142857143,1.7777777777777777,0.5357142857142857,1.3333333333333333,1.0,1.8571428571428572,1.25
8540,1.6666666666666667,2.3333333333333335,3.0,0.7142857142857143,1.7777777777777777,0.5357142857142857,1.3333333333333333,1.0,1.8571428571428572,1.25,2.0
8541,2.3333333333333335,3.0,0.7142857142857143,1.7777777777777777,0.5357142857142857,1.3333333333333333,1.0,1.8571428571428572,1.25,2.0,1.625
8542,3.0,0.7142857142857143,1.7777777777777777,0.5357142857142857,1.3333333333333333,1.0,1.8571428571428572,1.25,2.0,1.625,0.9
8543,0.7142857142857143,1.7777777777777777,0.5357142857142857,1.3333333333333333,1.0,1.8571428571428572,1.25,2.0,1.625,0.9,0.5
8544,1.7777777777777777,0.5357142857142857,1.3333333333333333,1.0,1.8571428571428572,1.25,2.0,1.625,0.9,0.5,0.8
8545,0.5357142857142857,1.3333333333333333,1.0,1.8571428571428572,1.25,2.0,1.625,0.9,0.5,0.8,0.7777777777777778
8546,1.3333333333333333,1.0,1.8571428571428572,1.25,2.0,1.625,0.9,0.5,0.8,0.7777777777777778,1.375
8547,1.0,1.8571428571428572,1.25,2.0,1.625,0.9,0.5,0.8,0.7777777777777778,1.375,0.0
8548,1.8571428571428572,1.25,2.0,1.625,0.9,0.5,0.8,0.7777777777777778,1.375,0.0,1.0
8549,1.25,2.0,1.625,0.9,0.5,0.8,0.7777777777777778,1.375,0.0,1.0,0.0
8550,2.0,1.625,0.9,0.5,0.8,0.7777777777777778,1.375,0.0,1.0,0.0,0.5
8551,1.625,0.9,0.5,0.8,0.7777777777777778,1.375,0.0,1.0,0.0,0.5,1.0
8552,0.9,0.5,0.8,0.7777777777777778,1.375,0.0,1.0,0.0,0.5,1.0,1.2
8553,0.5,0.8,0.7777777777777778,1.375,0.0,1.0,0.0,0.5,1.0,1.2,1.1578947368421053
8554,0.8,0.7777777777777778,1.375,0.0,1.0,0.0,0.5,1.0,1.2,1.1578947368421053,0.5
8555,0.7777777777777778,1.375,0.0,1.0,0.0,0.5,1.0,1.2,1.1578947368421053,0.5,4.0
8556,1.375,0.0,1.0,0.0,0.5,1.0,1.2,1.1578947368421053,0.5,4.0,0.0
8557,0.0,1.0,0.0,0.5,1.0,1.2,1.1578947368421053,0.5,4.0,0.0,1.5
8558,1.0,0.0,0.5,1.0,1.2,1.1578947368421053,0.5,4.0,0.0,1.5,1.6363636363636365
8559,0.0,0.5,1.0,1.2,1.1578947368421053,0.5,4.0,0.0,1.5,1.6363636363636365,0.14285714285714285
8560,0.5,1.0,1.2,1.1578947368421053,0.5,4.0,0.0,1.5,1.6363636363636365,0.14285714285714285,0.0
8561,1.0,1.2,1.1578947368421053,0.5,4.0,0.0,1.5,1.6363636363636365,0.14285714285714285,0.0,1.6
8562,1.2,1.1578947368421053,0.5,4.0,0.0,1.5,1.6363636363636365,0.14285714285714285,0.0,1.6,1.6
8563,1.1578947368421053,0.5,4.0,0.0,1.5,1.6363636363636365,0.14285714285714285,0.0,1.6,1.6,0.0
8564,0.5,4.0,0.0,1.5,1.6363636363636365,0.14285714285714285,0.0,1.6,1.6,0.0,1.0
8565,4.0,0.0,1.5,1.6363636363636365,0.14285714285714285,0.0,1.6,1.6,0.0,1.0,0.5
8566,0.0,1.5,1.6363636363636365,0.14285714285714285,0.0,1.6,1.6,0.0,1.0,0.5,0.8461538461538461
8567,1.5,1.6363636363636365,0.14285714285714285,0.0,1.6,1.6,0.0,1.0,0.5,0.8461538461538461,1.0
8568,1.6363636363636365,0.14285714285714285,0.0,1.6,1.6,0.0,1.0,0.5,0.8461538461538461,1.0,2.4
8569,0.14285714285714285,0.0,1.6,1.6,0.0,1.0,0.5,0.8461538461538461,1.0,2.4,0.6153846153846154
8570,0.0,1.6,1.6,0.0,1.0,0.5,0.8461538461538461,1.0,2.4,0.6153846153846154,2.3333333333333335
8571,1.6,1.6,0.0,1.0,0.5,0.8461538461538461,1.0,2.4,0.6153846153846154,2.3333333333333335,0.8
8572,1.6,0.0,1.0,0.5,0.8461538461538461,1.0,2.4,0.6153846153846154,2.3333333333333335,0.8,0.5
8573,0.0,1.0,0.5,0.8461538461538461,1.0,2.4,0.6153846153846154,2.3333333333333335,0.8,0.5,0.6875
8574,1.0,0.5,0.8461538461538461,1.0,2.4,0.6153846153846154,2.3333333333333335,0.8,0.5,0.6875,1.25
8575,0.5,0.8461538461538461,1.0,2.4,0.6153846153846154,2.3333333333333335,0.8,0.5,0.6875,1.25,0.0
8576,0.8461538461538461,1.0,2.4,0.6153846153846154,2.3333333333333335,0.8,0.5,0.6875,1.25,0.0,0.0
8577,1.0,2.4,0.6153846153846154,2.3333333333333335,0.8,0.5,0.6875,1.25,0.0,0.0,0.8333333333333334
8578,2.4,0.6153846153846154,2.3333333333333335,0.8,0.5,0.6875,1.25,0.0,0.0,0.8333333333333334,1.0
8579,0.6153846153846154,2.3333333333333335,0.8,0.5,0.6875,1.25,0.0,0.0,0.8333333333333334,1.0,0.0
8580,2.3333333333333335,0.8,0.5,0.6875,1.25,0.0,0.0,0.8333333333333334,1.0,0.0,1.8888888888888888
8581,0.8,0.5,0.6875,1.25,0.0,0.0,0.8333333333333334,1.0,0.0,1.8888888888888888,0.3333333333333333
8582,0.5,0.6875,1.25,0.0,0.0,0.8333333333333334,1.0,0.0,1.8888888888888888,0.3333333333333333,0.8571428571428571
8583,0.6875,1.25,0.0,0.0,0.8333333333333334,1.0,0.0,1.8888888888888888,0.3333333333333333,0.8571428571428571,1.6923076923076923
8584,1.25,0.0,0.0,0.8333333333333334,1.0,0.0,1.8888888888888888,0.3333333333333333,0.8571428571428571,1.6923076923076923,0.0
8585,0.0,0.0,0.8333333333333334,1.0,0.0,1.8888888888888888,0.3333333333333333,0.8571428571428571,1.6923076923076923,0.0,0.0
8586,0.0,0.8333333333333334,1.0,0.0,1.8888888888888888,0.3333333333333333,0.8571428571428571,1.6923076923076923,0.0,0.0,2.6666666666666665
8587,0.8333333333333334,1.0,0.0,1.8888888888888888,0.3333333333333333,0.8571428571428571,1.6923076923076923,0.0,0.0,2.6666666666666665,0.7142857142857143
8588,1.0,0.0,1.8888888888888888,0.3333333333333333,0.8571428571428571,1.6923076923076923,0.0,0.0,2.6666666666666665,0.7142857142857143,1.2
8589,0.0,1.8888888888888888,0.3333333333333333,0.8571428571428571,1.6923076923076923,0.0,0.0,2.6666666666666665,0.7142857142857143,1.2,2.1818181818181817
8590,1.8888888888888888,0.3333333333333333,0.8571428571428571,1.6923076923076923,0.0,0.0,2.6666666666666665,0.7142857142857143,1.2,2.1818181818181817,1.0
8591,0.3333333333333333,0.8571428571428571,1.6923076923076923,0.0,0.0,2.6666666666666665,0.7142857142857143,1.2,2.1818181818181817,1.0,0.0
8592,0.8571428571428571,1.6923076923076923,0.0,0.0,2.6666666666666665,0.7142857142857143,1.2,2.1818181818181817,1.0,0.0,0.5
8593,1.6923076923076923,0.0,0.0,2.6666666666666665,0.7142857142857143,1.2,2.1818181818181817,1.0,0.0,0.5,0.6666666666666666
8594,0.0,0.0,2.6666666666666665,0.7142857142857143,1.2,2.1818181818181817,1.0,0.0,0.5,0.6666666666666666,2.6
8595,0.0,2.6666666666666665,0.7142857142857143,1.2,2.1818181818181817,1.0,0.0,0.5,0.6666666666666666,2.6,1.1333333333333333
8596,2.6666666666666665,0.7142857142857143,1.2,2.1818181818181817,1.0,0.0,0.5,0.6666666666666666,2.6,1.1333333333333333,0.8
8597,0.7142857142857143,1.2,2.1818181818181817,1.0,0.0,0.5,0.6666666666666666,2.6,1.1333333333333333,0.8,2.0
8598,1.09375,0.5833333333333334,0.35714285714285715,0.625,1.8888888888888888,1.16,2.0,0.5555555555555556,0.9166666666666666,1.6666666666666667,0.6666666666666666
8599,0.5833333333333334,0.35714285714285715,0.625,1.8888888888888888,1.16,2.0,0.5555555555555556,0.9166666666666666,1.6666666666666667,0.6666666666666666,0.6666666666666666
8600,0.35714285714285715,0.625,1.8888888888888888,1.16,2.0,0.5555555555555556,0.9166666666666666,1.6666666666666667,0.6666666666666666,0.6666666666666666,0.0
8601,0.625,1.8888888888888888,1.16,2.0,0.5555555555555556,0.9166666666666666,1.6666666666666667,0.6666666666666666,0.6666666666666666,0.0,0.95
8602,1.8888888888888888,1.16,2.0,0.5555555555555556,0.9166666666666666,1.6666666666666667,0.6666666666666666,0.6666666666666666,0.0,0.95,1.0
8603,1.16,2.0,0.5555555555555556,0.9166666666666666,1.6666666666666667,0.6666666666666666,0.6666666666666666,0.0,0.95,1.0,1.0625
8604,2.0,0.5555555555555556,0.9166666666666666,1.6666666666666667,0.6666666666666666,0.6666666666666666,0.0,0.95,1.0,1.0625,1.1842105263157894
8605,0.5555555555555556,0.9166666666666666,1.6666666666666667,0.6666666666666666,0.6666666666666666,0.0,0.95,1.0,1.0625,1.1842105263157894,1.0526315789473684
8606,0.9166666666666666,1.6666666666666667,0.6666666666666666,0.6666666666666666,0.0,0.95,1.0,1.0625,1.1842105263157894,1.0526315789473684,1.1176470588235294
8607,1.6666666666666667,0.6666666666666666,0.6666666666666666,0.0,0.95,1.0,1.0625,1.1842105263157894,1.0526315789473684,1.1176470588235294,1.3
8608,0.6666666666666666,0.6666666666666666,0.0,0.95,1.0,1.0625,1.1842105263157894,1.0526315789473684,1.1176470588235294,1.3,1.0
8609,0.6666666666666666,0.0,0.95,1.0,1.0625,1.1842105263157894,1.0526315789473684,1.1176470588235294,1.3,1.0,0.3333333333333333
8610,1.7,1.0588235294117647,1.7692307692307692,0.0,1.2142857142857142,1.8333333333333333,1.4,1.0,0.7,1.5945945945945945,1.2962962962962963
8611,1.0588235294117647,1.7692307692307692,0.0,1.2142857142857142,1.8333333333333333,1.4,1.0,0.7,1.5945945945945945,1.2962962962962963,0.5714285714285714
8612,1.7692307692307692,0.0,1.2142857142857142,1.8333333333333333,1.4,1.0,0.7,1.5945945945945945,1.2962962962962963,0.5714285714285714,0.9
8613,0.0,1.2142857142857142,1.8333333333333333,1.4,1.0,0.7,1.5945945945945945,1.2962962962962963,0.5714285714285714,0.9,0.3333333333333333
8614,1.2142857142857142,1.8333333333333333,1.4,1.0,0.7,1.5945945945945945,1.2962962962962963,0.5714285714285714,0.9,0.3333333333333333,1.0
8615,1.8333333333333333,1.4,1.0,0.7,1.5945945945945945,1.2962962962962963,0.5714285714285714,0.9,0.3333333333333333,1.0,0.0
8616,1.4,1.0,0.7,1.5945945945945945,1.2962962962962963,0.5714285714285714,0.9,0.3333333333333333,1.0,0.0,1.0909090909090908
8617,1.0,0.7,1.5945945945945945,1.2962962962962963,0.5714285714285714,0.9,0.3333333333333333,1.0,0.0,1.0909090909090908,1.2105263157894737
8618,0.7,1.5945945945945945,1.2962962962962963,0.5714285714285714,0.9,0.3333333333333333,1.0,0.0,1.0909090909090908,1.2105263157894737,0.8888888888888888
8619,1.5945945945945945,1.2962962962962963,0.5714285714285714,0.9,0.3333333333333333,1.0,0.0,1.0909090909090908,1.2105263157894737,0.8888888888888888,2.6666666666666665
8620,1.2962962962962963,0.5714285714285714,0.9,0.3333333333333333,1.0,0.0,1.0909090909090908,1.2105263157894737,0.8888888888888888,2.6666666666666665,1.8
8621,0.5714285714285714,0.9,0.3333333333333333,1.0,0.0,1.0909090909090908,1.2105263157894737,0.8888888888888888,2.6666666666666665,1.8,0.6666666666666666
8622,0.9,0.3333333333333333,1.0,0.0,1.0909090909090908,1.2105263157894737,0.8888888888888888,2.6666666666666665,1.8,0.6666666666666666,1.75
8623,0.3333333333333333,1.0,0.0,1.0909090909090908,1.2105263157894737,0.8888888888888888,2.6666666666666665,1.8,0.6666666666666666,1.75,6.0
8624,1.0,0.0,1.0909090909090908,1.2105263157894737,0.8888888888888888,2.6666666666666665,1.8,0.6666666666666666,1.75,6.0,0.0
8625,0.0,1.0909090909090908,1.2105263157894737,0.8888888888888888,2.6666666666666665,1.8,0.6666666666666666,1.75,6.0,0.0,0.0
8626,1.0909090909090908,1.2105263157894737,0.8888888888888888,2.6666666666666665,1.8,0.6666666666666666,1.75,6.0,0.0,0.0,0.0
8627,1.7941176470588236,1.3333333333333333,1.4285714285714286,2.2,0.8333333333333334,0.8,1.4736842105263157,0.8333333333333334,0.5555555555555556,0.4,2.3333333333333335
8628,1.3333333333333333,1.4285714285714286,2.2,0.8333333333333334,0.8,1.4736842105263157,0.8333333333333334,0.5555555555555556,0.4,2.3333333333333335,0.0
8629,1.4285714285714286,2.2,0.8333333333333334,0.8,1.4736842105263157,0.8333333333333334,0.5555555555555556,0.4,2.3333333333333335,0.0,1.5
8630,2.2,0.8333333333333334,0.8,1.4736842105263157,0.8333333333333334,0.5555555555555556,0.4,2.3333333333333335,0.0,1.5,0.0
8631,0.8333333333333334,0.8,1.4736842105263157,0.8333333333333334,0.5555555555555556,0.4,2.3333333333333335,0.0,1.5,0.0,0.7142857142857143
8632,0.8,1.4736842105263157,0.8333333333333334,0.5555555555555556,0.4,2.3333333333333335,0.0,1.5,0.0,0.7142857142857143,0.5
8633,1.4736842105263157,0.8333333333333334,0.5555555555555556,0.4,2.3333333333333335,0.0,1.5,0.0,0.7142857142857143,0.5,1.2727272727272727
8634,0.8333333333333334,0.5555555555555556,0.4,2.3333333333333335,0.0,1.5,0.0,0.7142857142857143,0.5,1.2727272727272727,1.8
8635,0.5555555555555556,0.4,2.3333333333333335,0.0,1.5,0.0,0.7142857142857143,0.5,1.2727272727272727,1.8,1.5
8636,0.4,2.3333333333333335,0.0,1.5,0.0,0.7142857142857143,0.5,1.2727272727272727,1.8,1.5,1.826086956521739
8637,2.3333333333333335,0.0,1.5,0.0,0.7142857142857143,0.5,1.2727272727272727,1.8,1.5,1.826086956521739,1.1666666666666667
8638,0.0,1.5,0.0,0.7142857142857143,0.5,1.2727272727272727,1.8,1.5,1.826086956521739,1.1666666666666667,1.5483870967741935
8639,1.5,0.0,0.7142857142857143,0.5,1.2727272727272727,1.8,1.5,1.826086956521739,1.1666666666666667,1.5483870967741935,1.8055555555555556
8640,0.0,0.7142857142857143,0.5,1.2727272727272727,1.8,1.5,1.826086956521739,1.1666666666666667,1.5483870967741935,1.8055555555555556,0.8181818181818182
8641,0.7142857142857143,0.5,1.2727272727272727,1.8,1.5,1.826086956521739,1.1666666666666667,1.5483870967741935,1.8055555555555556,0.8181818181818182,1.4090909090909092
8642,0.5,1.2727272727272727,1.8,1.5,1.826086956521739,1.1666666666666667,1.5483870967741935,1.8055555555555556,0.8181818181818182,1.4090909090909092,1.8
8643,1.2727272727272727,1.8,1.5,1.826086956521739,1.1666666666666667,1.5483870967741935,1.8055555555555556,0.8181818181818182,1.4090909090909092,1.8,2.0
8644,1.8,1.5,1.826086956521739,1.1666666666666667,1.5483870967741935,1.8055555555555556,0.8181818181818182,1.4090909090909092,1.8,2.0,1.6097560975609757
8645,1.5,1.826086956521739,1.1666666666666667,1.5483870967741935,1.8055555555555556,0.8181818181818182,1.4090909090909092,1.8,2.0,1.6097560975609757,2.0
8646,1.826086956521739,1.1666666666666667,1.5483870967741935,1.8055555555555556,0.8181818181818182,1.4090909090909092,1.8,2.0,1.6097560975609757,2.0,1.7586206896551724
8647,1.1666666666666667,1.5483870967741935,1.8055555555555556,0.8181818181818182,1.4090909090909092,1.8,2.0,1.6097560975609757,2.0,1.7586206896551724,0.0
8648,1.5483870967741935,1.8055555555555556,0.8181818181818182,1.4090909090909092,1.8,2.0,1.6097560975609757,2.0,1.7586206896551724,0.0,1.1818181818181819
8649,1.8055555555555556,0.8181818181818182,1.4090909090909092,1.8,2.0,1.6097560975609757,2.0,1.7586206896551724,0.0,1.1818181818181819,1.0769230769230769
8650,0.8181818181818182,1.4090909090909092,1.8,2.0,1.6097560975609757,2.0,1.7586206896551724,0.0,1.1818181818181819,1.0769230769230769,1.9
8651,1.4090909090909092,1.8,2.0,1.6097560975609757,2.0,1.7586206896551724,0.0,1.1818181818181819,1.0769230769230769,1.9,1.0
8652,1.8,2.0,1.6097560975609757,2.0,1.7586206896551724,0.0,1.1818181818181819,1.0769230769230769,1.9,1.0,0.0
8653,2.0,1.6097560975609757,2.0,1.7586206896551724,0.0,1.1818181818181819,1.0769230769230769,1.9,1.0,0.0,1.3333333333333333
8654,1.6097560975609757,2.0,1.7586206896551724,0.0,1.1818181818181819,1.0769230769230769,1.9,1.0,0.0,1.3333333333333333,0.0
8655,2.0,1.7586206896551724,0.0,1.1818181818181819,1.0769230769230769,1.9,1.0,0.0,1.3333333333333333,0.0,0.0
8656,1.7586206896551724,0.0,1.1818181818181819,1.0769230769230769,1.9,1.0,0.0,1.3333333333333333,0.0,0.0,0.4
8657,0.0,1.1818181818181819,1.0769230769230769,1.9,1.0,0.0,1.3333333333333333,0.0,0.0,0.4,1.1666666666666667
8658,1.1818181818181819,1.0769230769230769,1.9,1.0,0.0,1.3333333333333333,0.0,0.0,0.4,1.1666666666666667,1.5
8659,1.0769230769230769,1.9,1.0,0.0,1.3333333333333333,0.0,0.0,0.4,1.1666666666666667,1.5,1.0
8660,1.9,1.0,0.0,1.3333333333333333,0.0,0.0,0.4,1.1666666666666667,1.5,1.0,0.8
8661,1.0,0.0,1.3333333333333333,0.0,0.0,0.4,1.1666666666666667,1.5,1.0,0.8,1.1818181818181819
8662,0.0,1.3333333333333333,0.0,0.0,0.4,1.1666666666666667,1.5,1.0,0.8,1.1818181818181819,0.8333333333333334
8663,1.3333333333333333,0.0,0.0,0.4,1.1666666666666667,1.5,1.0,0.8,1.1818181818181819,0.8333333333333334,1.5
8664,0.0,0.0,0.4,1.1666666666666667,1.5,1.0,0.8,1.1818181818181819,0.8333333333333334,1.5,0.8571428571428571
8665,0.0,0.4,1.1666666666666667,1.5,1.0,0.8,1.1818181818181819,0.8333333333333334,1.5,0.8571428571428571,1.7647058823529411
8666,0.4,1.1666666666666667,1.5,1.0,0.8,1.1818181818181819,0.8333333333333334,1.5,0.8571428571428571,1.7647058823529411,1.5
8667,1.1666666666666667,1.5,1.0,0.8,1.1818181818181819,0.8333333333333334,1.5,0.8571428571428571,1.7647058823529411,1.5,1.5833333333333333
8668,1.5,1.0,0.8,1.1818181818181819,0.8333333333333334,1.5,0.8571428571428571,1.7647058823529411,1.5,1.5833333333333333,1.2307692307692308
8669,1.0,0.8,1.1818181818181819,0.8333333333333334,1.5,0.8571428571428571,1.7647058823529411,1.5,1.5833333333333333,1.2307692307692308,1.4230769230769231
8670,0.8,1.1818181818181819,0.8333333333333334,1.5,0.8571428571428571,1.7647058823529411,1.5,1.5833333333333333,1.2307692307692308,1.4230769230769231,0.7142857142857143
8671,1.1818181818181819,0.8333333333333334,1.5,0.8571428571428571,1.7647058823529411,1.5,1.5833333333333333,1.2307692307692308,1.4230769230769231,0.7142857142857143,1.0434782608695652
8672,0.8333333333333334,1.5,0.8571428571428571,1.7647058823529411,1.5,1.5833333333333333,1.2307692307692308,1.4230769230769231,0.7142857142857143,1.0434782608695652,1.8
8673,1.5,0.8571428571428571,1.7647058823529411,1.5,1.5833333333333333,1.2307692307692308,1.4230769230769231,0.7142857142857143,1.0434782608695652,1.8,1.0
8674,0.8571428571428571,1.7647058823529411,1.5,1.5833333333333333,1.2307692307692308,1.4230769230769231,0.7142857142857143,1.0434782608695652,1.8,1.0,1.894736842105263
8675,1.7647058823529411,1.5,1.5833333333333333,1.2307692307692308,1.4230769230769231,0.7142857142857143,1.0434782608695652,1.8,1.0,1.894736842105263,1.375
8676,1.5,1.5833333333333333,1.2307692307692308,1.4230769230769231,0.7142857142857143,1.0434782608695652,1.8,1.0,1.894736842105263,1.375,1.5
8677,1.5833333333333333,1.2307692307692308,1.4230769230769231,0.7142857142857143,1.0434782608695652,1.8,1.0,1.894736842105263,1.375,1.5,1.358974358974359
8678,1.2307692307692308,1.4230769230769231,0.7142857142857143,1.0434782608695652,1.8,1.0,1.894736842105263,1.375,1.5,1.358974358974359,2.05
8679,1.4230769230769231,0.7142857142857143,1.0434782608695652,1.8,1.0,1.894736842105263,1.375,1.5,1.358974358974359,2.05,1.4210526315789473
8680,0.7142857142857143,1.0434782608695652,1.8,1.0,1.894736842105263,1.375,1.5,1.358974358974359,2.05,1.4210526315789473,0.0
8681,1.0434782608695652,1.8,1.0,1.894736842105263,1.375,1.5,1.358974358974359,2.05,1.4210526315789473,0.0,1.88
8682,1.8,1.0,1.894736842105263,1.375,1.5,1.358974358974359,2.05,1.4210526315789473,0.0,1.88,0.6363636363636364
8683,1.0,1.894736842105263,1.375,1.5,1.358974358974359,2.05,1.4210526315789473,0.0,1.88,0.6363636363636364,1.8823529411764706
8684,1.894736842105263,1.375,1.5,1.358974358974359,2.05,1.4210526315789473,0.0,1.88,0.6363636363636364,1.8823529411764706,1.7727272727272727
8685,1.375,1.5,1.358974358974359,2.05,1.4210526315789473,0.0,1.88,0.6363636363636364,1.8823529411764706,1.7727272727272727,1.4883720930232558
8686,1.5,1.358974358974359,2.05,1.4210526315789473,0.0,1.88,0.6363636363636364,1.8823529411764706,1.7727272727272727,1.4883720930232558,1.4
8687,1.358974358974359,2.05,1.4210526315789473,0.0,1.88,0.6363636363636364,1.8823529411764706,1.7727272727272727,1.4883720930232558,1.4,0.9090909090909091
8688,0.4,0.6923076923076923,1.5,2.2962962962962963,0.25,1.7647058823529411,1.4705882352941178,0.84,0.3333333333333333,1.5,1.105263157894737
8689,0.6923076923076923,1.5,2.2962962962962963,0.25,1.7647058823529411,1.4705882352941178,0.84,0.3333333333333333,1.5,1.105263157894737,0.4
8690,1.5,2.2962962962962963,0.25,1.7647058823529411,1.4705882352941178,0.84,0.3333333333333333,1.5,1.105263157894737,0.4,1.2222222222222223
8691,2.2962962962962963,0.25,1.7647058823529411,1.4705882352941178,0.84,0.3333333333333333,1.5,1.105263157894737,0.4,1.2222222222222223,0.8235294117647058
8692,0.25,1.7647058823529411,1.4705882352941178,0.84,0.3333333333333333,1.5,1.105263157894737,0.4,1.2222222222222223,0.8235294117647058,2.0
8693,1.7647058823529411,1.4705882352941178,0.84,0.3333333333333333,1.5,1.105263157894737,0.4,1.2222222222222223,0.8235294117647058,2.0,1.1666666666666667
8694,1.4705882352941178,0.84,0.3333333333333333,1.5,1.105263157894737,0.4,1.2222222222222223,0.8235294117647058,2.0,1.1666666666666667,0.5806451612903226
8695,0.84,0.3333333333333333,1.5,1.105263157894737,0.4,1.2222222222222223,0.8235294117647058,2.0,1.1666666666666667,0.5806451612903226,1.0
8696,0.3333333333333333,1.5,1.105263157894737,0.4,1.2222222222222223,0.8235294117647058,2.0,1.1666666666666667,0.5806451612903226,1.0,1.3846153846153846
8697,1.5,1.105263157894737,0.4,1.2222222222222223,0.8235294117647058,2.0,1.1666666666666667,0.5806451612903226,1.0,1.3846153846153846,1.1111111111111112
8698,1.105263157894737,0.4,1.2222222222222223,0.8235294117647058,2.0,1.1666666666666667,0.5806451612903226,1.0,1.3846153846153846,1.1111111111111112,0.6666666666666666
8699,0.4,1.2222222222222223,0.8235294117647058,2.0,1.1666666666666667,0.5806451612903226,1.0,1.3846153846153846,1.1111111111111112,0.6666666666666666,1.0
8700,1.2222222222222223,0.8235294117647058,2.0,1.1666666666666667,0.5806451612903226,1.0,1.3846153846153846,1.1111111111111112,0.6666666666666666,1.0,0.0
8701,0.8235294117647058,2.0,1.1666666666666667,0.5806451612903226,1.0,1.3846153846153846,1.1111111111111112,0.6666666666666666,1.0,0.0,1.25
8702,2.0,1.1666666666666667,0.5806451612903226,1.0,1.3846153846153846,1.1111111111111112,0.6666666666666666,1.0,0.0,1.25,1.0952380952380953
8703,1.1666666666666667,0.5806451612903226,1.0,1.3846153846153846,1.1111111111111112,0.6666666666666666,1.0,0.0,1.25,1.0952380952380953,2.3333333333333335
8704,0.5806451612903226,1.0,1.3846153846153846,1.1111111111111112,0.6666666666666666,1.0,0.0,1.25,1.0952380952380953,2.3333333333333335,1.7
8705,1.0,1.3846153846153846,1.1111111111111112,0.6666666666666666,1.0,0.0,1.25,1.0952380952380953,2.3333333333333335,1.7,0.7142857142857143
8706,1.3846153846153846,1.1111111111111112,0.6666666666666666,1.0,0.0,1.25,1.0952380952380953,2.3333333333333335,1.7,0.7142857142857143,1.1428571428571428
8707,1.1111111111111112,0.6666666666666666,1.0,0.0,1.25,1.0952380952380953,2.3333333333333335,1.7,0.7142857142857143,1.1428571428571428,1.6666666666666667
8708,0.6666666666666666,1.0,0.0,1.25,1.0952380952380953,2.3333333333333335,1.7,0.7142857142857143,1.1428571428571428,1.6666666666666667,1.4545454545454546
8709,1.0,0.0,1.25,1.0952380952380953,2.3333333333333335,1.7,0.7142857142857143,1.1428571428571428,1.6666666666666667,1.4545454545454546,0.42857142857142855
8710,0.0,1.25,1.0952380952380953,2.3333333333333335,1.7,0.7142857142857143,1.1428571428571428,1.6666666666666667,1.4545454545454546,0.42857142857142855,1.09375
8711,1.25,1.0952380952380953,2.3333333333333335,1.7,0.7142857142857143,1.1428571428571428,1.6666666666666667,1.4545454545454546,0.42857142857142855,1.09375,0.6
8712,1.0952380952380953,2.3333333333333335,1.7,0.7142857142857143,1.1428571428571428,1.6666666666666667,1.4545454545454546,0.42857142857142855,1.09375,0.6,0.8
8713,2.3333333333333335,1.7,0.7142857142857143,1.1428571428571428,1.6666666666666667,1.4545454545454546,0.42857142857142855,1.09375,0.6,0.8,1.7826086956521738
8714,1.7,0.7142857142857143,1.1428571428571428,1.6666666666666667,1.4545454545454546,0.42857142857142855,1.09375,0.6,0.8,1.7826086956521738,0.0
8715,0.7142857142857143,1.1428571428571428,1.6666666666666667,1.4545454545454546,0.42857142857142855,1.09375,0.6,0.8,1.7826086956521738,0.0,0.9117647058823529
8716,1.1428571428571428,1.6666666666666667,1.4545454545454546,0.42857142857142855,1.09375,0.6,0.8,1.7826086956521738,0.0,0.9117647058823529,0.875
8717,1.6666666666666667,1.4545454545454546,0.42857142857142855,1.09375,0.6,0.8,1.7826086956521738,0.0,0.9117647058823529,0.875,0.2727272727272727
8718,1.4545454545454546,0.42857142857142855,1.09375,0.6,0.8,1.7826086956521738,0.0,0.9117647058823529,0.875,0.2727272727272727,2.1842105263157894
8719,0.42857142857142855,1.09375,0.6,0.8,1.7826086956521738,0.0,0.9117647058823529,0.875,0.2727272727272727,2.1842105263157894,2.3448275862068964
8720,1.09375,0.6,0.8,1.7826086956521738,0.0,0.9117647058823529,0.875,0.2727272727272727,2.1842105263157894,2.3448275862068964,1.4444444444444444
8721,0.6,0.8,1.7826086956521738,0.0,0.9117647058823529,0.875,0.2727272727272727,2.1842105263157894,2.3448275862068964,1.4444444444444444,0.84
8722,0.8,1.7826086956521738,0.0,0.9117647058823529,0.875,0.2727272727272727,2.1842105263157894,2.3448275862068964,1.4444444444444444,0.84,1.8333333333333333
8723,1.7826086956521738,0.0,0.9117647058823529,0.875,0.2727272727272727,2.1842105263157894,2.3448275862068964,1.4444444444444444,0.84,1.8333333333333333,1.0416666666666667
8724,0.0,0.9117647058823529,0.875,0.2727272727272727,2.1842105263157894,2.3448275862068964,1.4444444444444444,0.84,1.8333333333333333,1.0416666666666667,1.6521739130434783
8725,0.9117647058823529,0.875,0.2727272727272727,2.1842105263157894,2.3448275862068964,1.4444444444444444,0.84,1.8333333333333333,1.0416666666666667,1.6521739130434783,1.0
8726,0.875,0.2727272727272727,2.1842105263157894,2.3448275862068964,1.4444444444444444,0.84,1.8333333333333333,1.0416666666666667,1.6521739130434783,1.0,1.9166666666666667
8727,0.2727272727272727,2.1842105263157894,2.3448275862068964,1.4444444444444444,0.84,1.8333333333333333,1.0416666666666667,1.6521739130434783,1.0,1.9166666666666667,1.5555555555555556
8728,2.1842105263157894,2.3448275862068964,1.4444444444444444,0.84,1.8333333333333333,1.0416666666666667,1.6521739130434783,1.0,1.9166666666666667,1.5555555555555556,1.1333333333333333
8729,2.3448275862068964,1.4444444444444444,0.84,1.8333333333333333,1.0416666666666667,1.6521739130434783,1.0,1.9166666666666667,1.5555555555555556,1.1333333333333333,1.4
8730,1.4444444444444444,0.84,1.8333333333333333,1.0416666666666667,1.6521739130434783,1.0,1.9166666666666667,1.5555555555555556,1.1333333333333333,1.4,1.4166666666666667
8731,0.84,1.8333333333333333,1.0416666666666667,1.6521739130434783,1.0,1.9166666666666667,1.5555555555555556,1.1333333333333333,1.4,1.4166666666666667,0.7906976744186046
8732,1.8333333333333333,1.0416666666666667,1.6521739130434783,1.0,1.9166666666666667,1.5555555555555556,1.1333333333333333,1.4,1.4166666666666667,0.7906976744186046,1.1538461538461537
8733,1.0416666666666667,1.6521739130434783,1.0,1.9166666666666667,1.5555555555555556,1.1333333333333333,1.4,1.4166666666666667,0.7906976744186046,1.1538461538461537,0.6666666666666666
8734,1.6521739130434783,1.0,1.9166666666666667,1.5555555555555556,1.1333333333333333,1.4,1.4166666666666667,0.7906976744186046,1.1538461538461537,0.6666666666666666,1.5
8735,1.0,1.9166666666666667,1.5555555555555556,1.1333333333333333,1.4,1.4166666666666667,0.7906976744186046,1.1538461538461537,0.6666666666666666,1.5,2.0625
8736,1.9166666666666667,1.5555555555555556,1.1333333333333333,1.4,1.4166666666666667,0.7906976744186046,1.1538461538461537,0.6666666666666666,1.5,2.0625,1.2173913043478262
8737,1.5555555555555556,1.1333333333333333,1.4,1.4166666666666667,0.7906976744186046,1.1538461538461537,0.6666666666666666,1.5,2.0625,1.2173913043478262,1.5
8738,1.1333333333333333,1.4,1.4166666666666667,0.7906976744186046,1.1538461538461537,0.6666666666666666,1.5,2.0625,1.2173913043478262,1.5,1.3636363636363635
8739,1.4,1.4166666666666667,0.7906976744186046,1.1538461538461537,0.6666666666666666,1.5,2.0625,1.2173913043478262,1.5,1.3636363636363635,0.5
8740,1.4166666666666667,0.7906976744186046,1.1538461538461537,0.6666666666666666,1.5,2.0625,1.2173913043478262,1.5,1.3636363636363635,0.5,1.1379310344827587
8741,0.7906976744186046,1.1538461538461537,0.6666666666666666,1.5,2.0625,1.2173913043478262,1.5,1.3636363636363635,0.5,1.1379310344827587,0.42857142857142855
8742,1.1538461538461537,0.6666666666666666,1.5,2.0625,1.2173913043478262,1.5,1.3636363636363635,0.5,1.1379310344827587,0.42857142857142855,1.588235294117647
8743,0.6666666666666666,1.5,2.0625,1.2173913043478262,1.5,1.3636363636363635,0.5,1.1379310344827587,0.42857142857142855,1.588235294117647,1.3846153846153846
8744,1.5,2.0625,1.2173913043478262,1.5,1.3636363636363635,0.5,1.1379310344827587,0.42857142857142855,1.588235294117647,1.3846153846153846,0.5
8745,2.0625,1.2173913043478262,1.5,1.3636363636363635,0.5,1.1379310344827587,0.42857142857142855,1.588235294117647,1.3846153846153846,0.5,0.0
8746,1.2173913043478262,1.5,1.3636363636363635,0.5,1.1379310344827587,0.42857142857142855,1.588235294117647,1.3846153846153846,0.5,0.0,1.2954545454545454
8747,1.5,1.3636363636363635,0.5,1.1379310344827587,0.42857142857142855,1.588235294117647,1.3846153846153846,0.5,0.0,1.2954545454545454,1.5714285714285714
8748,1.3636363636363635,0.5,1.1379310344827587,0.42857142857142855,1.588235294117647,1.3846153846153846,0.5,0.0,1.2954545454545454,1.5714285714285714,0.75
8749,0.5,1.1379310344827587,0.42857142857142855,1.588235294117647,1.3846153846153846,0.5,0.0,1.2954545454545454,1.5714285714285714,0.75,2.0625
8750,1.1379310344827587,0.42857142857142855,1.588235294117647,1.3846153846153846,0.5,0.0,1.2954545454545454,1.5714285714285714,0.75,2.0625,1.2916666666666667
8751,0.42857142857142855,1.588235294117647,1.3846153846153846,0.5,0.0,1.2954545454545454,1.5714285714285714,0.75,2.0625,1.2916666666666667,1.5
8752,1.588235294117647,1.3846153846153846,0.5,0.0,1.2954545454545454,1.5714285714285714,0.75,2.0625,1.2916666666666667,1.5,0.35714285714285715
8753,1.3846153846153846,0.5,0.0,1.2954545454545454,1.5714285714285714,0.75,2.0625,1.2916666666666667,1.5,0.35714285714285715,0.6153846153846154
8754,0.5,0.0,1.2954545454545454,1.5714285714285714,0.75,2.0625,1.2916666666666667,1.5,0.35714285714285715,0.6153846153846154,1.5384615384615385
8755,0.0,1.2954545454545454,1.5714285714285714,0.75,2.0625,1.2916666666666667,1.5,0.35714285714285715,0.6153846153846154,1.5384615384615385,0.3333333333333333
8756,1.2954545454545454,1.5714285714285714,0.75,2.0625,1.2916666666666667,1.5,0.35714285714285715,0.6153846153846154,1.5384615384615385,0.3333333333333333,0.6363636363636364
8757,1.5714285714285714,0.75,2.0625,1.2916666666666667,1.5,0.35714285714285715,0.6153846153846154,1.5384615384615385,0.3333333333333333,0.6363636363636364,0.7692307692307693
8758,0.75,2.0625,1.2916666666666667,1.5,0.35714285714285715,0.6153846153846154,1.5384615384615385,0.3333333333333333,0.6363636363636364,0.7692307692307693,0.6666666666666666
8759,2.0625,1.2916666666666667,1.5,0.35714285714285715,0.6153846153846154,1.5384615384615385,0.3333333333333333,0.6363636363636364,0.7692307692307693,0.6666666666666666,1.0930232558139534
8760,1.2916666666666667,1.5,0.35714285714285715,0.6153846153846154,1.5384615384615385,0.3333333333333333,0.6363636363636364,0.7692307692307693,0.6666666666666666,1.0930232558139534,0.0
8761,1.5,0.35714285714285715,0.6153846153846154,1.5384615384615385,0.3333333333333333,0.6363636363636364,0.7692307692307693,0.6666666666666666,1.0930232558139534,0.0,1.25
8762,0.35714285714285715,0.6153846153846154,1.5384615384615385,0.3333333333333333,0.6363636363636364,0.7692307692307693,0.6666666666666666,1.0930232558139534,0.0,1.25,1.0
8763,0.6153846153846154,1.5384615384615385,0.3333333333333333,0.6363636363636364,0.7692307692307693,0.6666666666666666,1.0930232558139534,0.0,1.25,1.0,1.5588235294117647
8764,1.5384615384615385,0.3333333333333333,0.6363636363636364,0.7692307692307693,0.6666666666666666,1.0930232558139534,0.0,1.25,1.0,1.5588235294117647,1.3333333333333333
8765,0.3333333333333333,0.6363636363636364,0.7692307692307693,0.6666666666666666,1.0930232558139534,0.0,1.25,1.0,1.5588235294117647,1.3333333333333333,0.6666666666666666
8766,0.6363636363636364,0.7692307692307693,0.6666666666666666,1.0930232558139534,0.0,1.25,1.0,1.5588235294117647,1.3333333333333333,0.6666666666666666,1.6956521739130435
8767,0.7692307692307693,0.6666666666666666,1.0930232558139534,0.0,1.25,1.0,1.5588235294117647,1.3333333333333333,0.6666666666666666,1.6956521739130435,0.6666666666666666
8768,0.6666666666666666,1.0930232558139534,0.0,1.25,1.0,1.5588235294117647,1.3333333333333333,0.6666666666666666,1.6956521739130435,0.6666666666666666,1.3529411764705883
8769,1.0930232558139534,0.0,1.25,1.0,1.5588235294117647,1.3333333333333333,0.6666666666666666,1.6956521739130435,0.6666666666666666,1.3529411764705883,0.9090909090909091
8770,0.0,1.25,1.0,1.5588235294117647,1.3333333333333333,0.6666666666666666,1.6956521739130435,0.6666666666666666,1.3529411764705883,0.9090909090909091,1.5833333333333333
8771,1.25,1.0,1.5588235294117647,1.3333333333333333,0.6666666666666666,1.6956521739130435,0.6666666666666666,1.3529411764705883,0.9090909090909091,1.5833333333333333,1.4666666666666666
8772,1.0,1.5588235294117647,1.3333333333333333,0.6666666666666666,1.6956521739130435,0.6666666666666666,1.3529411764705883,0.9090909090909091,1.5833333333333333,1.4666666666666666,0.7142857142857143
8773,1.5588235294117647,1.3333333333333333,0.6666666666666666,1.6956521739130435,0.6666666666666666,1.3529411764705883,0.9090909090909091,1.5833333333333333,1.4666666666666666,0.7142857142857143,1.6764705882352942
8774,1.3333333333333333,0.6666666666666666,1.6956521739130435,0.6666666666666666,1.3529411764705883,0.9090909090909091,1.5833333333333333,1.4666666666666666,0.7142857142857143,1.6764705882352942,1.3793103448275863
8775,0.6666666666666666,1.6956521739130435,0.6666666666666666,1.3529411764705883,0.9090909090909091,1.5833333333333333,1.4666666666666666,0.7142857142857143,1.6764705882352942,1.3793103448275863,0.3157894736842105
8776,1.6956521739130435,0.6666666666666666,1.3529411764705883,0.9090909090909091,1.5833333333333333,1.4666666666666666,0.7142857142857143,1.6764705882352942,1.3793103448275863,0.3157894736842105,1.8
8777,0.6666666666666666,1.3529411764705883,0.9090909090909091,1.5833333333333333,1.4666666666666666,0.7142857142857143,1.6764705882352942,1.3793103448275863,0.3157894736842105,1.8,1.5833333333333333
8778,1.3529411764705883,0.9090909090909091,1.5833333333333333,1.4666666666666666,0.7142857142857143,1.6764705882352942,1.3793103448275863,0.3157894736842105,1.8,1.5833333333333333,0.875
8779,0.9090909090909091,1.5833333333333333,1.4666666666666666,0.7142857142857143,1.6764705882352942,1.3793103448275863,0.3157894736842105,1.8,1.5833333333333333,0.875,0.6666666666666666
8780,1.5833333333333333,1.4666666666666666,0.7142857142857143,1.6764705882352942,1.3793103448275863,0.3157894736842105,1.8,1.5833333333333333,0.875,0.6666666666666666,1.1428571428571428
8781,1.4666666666666666,0.7142857142857143,1.6764705882352942,1.3793103448275863,0.3157894736842105,1.8,1.5833333333333333,0.875,0.6666666666666666,1.1428571428571428,1.75
8782,0.7142857142857143,1.6764705882352942,1.3793103448275863,0.3157894736842105,1.8,1.5833333333333333,0.875,0.6666666666666666,1.1428571428571428,1.75,1.625
8783,1.6764705882352942,1.3793103448275863,0.3157894736842105,1.8,1.5833333333333333,0.875,0.6666666666666666,1.1428571428571428,1.75,1.625,1.75
8784,1.3793103448275863,0.3157894736842105,1.8,1.5833333333333333,0.875,0.6666666666666666,1.1428571428571428,1.75,1.625,1.75,1.0
8785,0.3157894736842105,1.8,1.5833333333333333,0.875,0.6666666666666666,1.1428571428571428,1.75,1.625,1.75,1.0,0.5454545454545454
8786,1.8,1.5833333333333333,0.875,0.6666666666666666,1.1428571428571428,1.75,1.625,1.75,1.0,0.5454545454545454,1.0
8787,1.5833333333333333,0.875,0.6666666666666666,1.1428571428571428,1.75,1.625,1.75,1.0,0.5454545454545454,1.0,0.8181818181818182
8788,0.875,0.6666666666666666,1.1428571428571428,1.75,1.625,1.75,1.0,0.5454545454545454,1.0,0.8181818181818182,1.7073170731707317
8789,0.6666666666666666,1.1428571428571428,1.75,1.625,1.75,1.0,0.5454545454545454,1.0,0.8181818181818182,1.7073170731707317,0.9230769230769231
8790,1.1428571428571428,1.75,1.625,1.75,1.0,0.5454545454545454,1.0,0.8181818181818182,1.7073170731707317,0.9230769230769231,3.0625
8791,1.75,1.625,1.75,1.0,0.5454545454545454,1.0,0.8181818181818182,1.7073170731707317,0.9230769230769231,3.0625,0.2857142857142857
8792,1.625,1.75,1.0,0.5454545454545454,1.0,0.8181818181818182,1.7073170731707317,0.9230769230769231,3.0625,0.2857142857142857,0.8181818181818182
8793,1.75,1.0,0.5454545454545454,1.0,0.8181818181818182,1.7073170731707317,0.9230769230769231,3.0625,0.2857142857142857,0.8181818181818182,0.4
8794,1.0,0.5454545454545454,1.0,0.8181818181818182,1.7073170731707317,0.9230769230769231,3.0625,0.2857142857142857,0.8181818181818182,0.4,2.875
8795,0.5454545454545454,1.0,0.8181818181818182,1.7073170731707317,0.9230769230769231,3.0625,0.2857142857142857,0.8181818181818182,0.4,2.875,0.5
8796,1.0,0.8181818181818182,1.7073170731707317,0.9230769230769231,3.0625,0.2857142857142857,0.8181818181818182,0.4,2.875,0.5,1.4545454545454546
8797,0.8181818181818182,1.7073170731707317,0.9230769230769231,3.0625,0.2857142857142857,0.8181818181818182,0.4,2.875,0.5,1.4545454545454546,1.6111111111111112
8798,1.7073170731707317,0.9230769230769231,3.0625,0.2857142857142857,0.8181818181818182,0.4,2.875,0.5,1.4545454545454546,1.6111111111111112,1.5
8799,0.9230769230769231,3.0625,0.2857142857142857,0.8181818181818182,0.4,2.875,0.5,1.4545454545454546,1.6111111111111112,1.5,1.5666666666666667
8800,3.0625,0.2857142857142857,0.8181818181818182,0.4,2.875,0.5,1.4545454545454546,1.6111111111111112,1.5,1.5666666666666667,0.25
8801,0.2857142857142857,0.8181818181818182,0.4,2.875,0.5,1.4545454545454546,1.6111111111111112,1.5,1.5666666666666667,0.25,1.7692307692307692
8802,0.8181818181818182,0.4,2.875,0.5,1.4545454545454546,1.6111111111111112,1.5,1.5666666666666667,0.25,1.7692307692307692,1.441860465116279
8803,0.4,2.875,0.5,1.4545454545454546,1.6111111111111112,1.5,1.5666666666666667,0.25,1.7692307692307692,1.441860465116279,1.793103448275862
8804,1.0,1.125,1.368421052631579,1.9230769230769231,2.142857142857143,1.1666666666666667,0.8181818181818182,1.0,0.3333333333333333,0.9090909090909091,0.782608695652174
8805,1.125,1.368421052631579,1.9230769230769231,2.142857142857143,1.1666666666666667,0.8181818181818182,1.0,0.3333333333333333,0.9090909090909091,0.782608695652174,1.1142857142857143
8806,1.368421052631579,1.9230769230769231,2.142857142857143,1.1666666666666667,0.8181818181818182,1.0,0.3333333333333333,0.9090909090909091,0.782608695652174,1.1142857142857143,0.9047619047619048
8807,1.9230769230769231,2.142857142857143,1.1666666666666667,0.8181818181818182,1.0,0.3333333333333333,0.9090909090909091,0.782608695652174,1.1142857142857143,0.9047619047619048,1.0
8808,2.142857142857143,1.1666666666666667,0.8181818181818182,1.0,0.3333333333333333,0.9090909090909091,0.782608695652174,1.1142857142857143,0.9047619047619048,1.0,0.5454545454545454
8809,1.1666666666666667,0.8181818181818182,1.0,0.3333333333333333,0.9090909090909091,0.782608695652174,1.1142857142857143,0.9047619047619048,1.0,0.5454545454545454,0.0
8810,0.8181818181818182,1.0,0.3333333333333333,0.9090909090909091,0.782608695652174,1.1142857142857143,0.9047619047619048,1.0,0.5454545454545454,0.0,1.0
8811,1.0,0.3333333333333333,0.9090909090909091,0.782608695652174,1.1142857142857143,0.9047619047619048,1.0,0.5454545454545454,0.0,1.0,0.3333333333333333
8812,0.3333333333333333,0.9090909090909091,0.782608695652174,1.1142857142857143,0.9047619047619048,1.0,0.5454545454545454,0.0,1.0,0.3333333333333333,0.3333333333333333
8813,0.9090909090909091,0.782608695652174,1.1142857142857143,0.9047619047619048,1.0,0.5454545454545454,0.0,1.0,0.3333333333333333,0.3333333333333333,0.5
8814,0.782608695652174,1.1142857142857143,0.9047619047619048,1.0,0.5454545454545454,0.0,1.0,0.3333333333333333,0.3333333333333333,0.5,0.3333333333333333
8815,1.1142857142857143,0.9047619047619048,1.0,0.5454545454545454,0.0,1.0,0.3333333333333333,0.3333333333333333,0.5,0.3333333333333333,0.0
8816,0.9047619047619048,1.0,0.5454545454545454,0.0,1.0,0.3333333333333333,0.3333333333333333,0.5,0.3333333333333333,0.0,0.25
8817,1.0,0.5454545454545454,0.0,1.0,0.3333333333333333,0.3333333333333333,0.5,0.3333333333333333,0.0,0.25,0.3333333333333333
8818,0.5454545454545454,0.0,1.0,0.3333333333333333,0.3333333333333333,0.5,0.3333333333333333,0.0,0.25,0.3333333333333333,1.125
8819,0.0,1.0,0.3333333333333333,0.3333333333333333,0.5,0.3333333333333333,0.0,0.25,0.3333333333333333,1.125,0.7777777777777778
8820,1.0,0.3333333333333333,0.3333333333333333,0.5,0.3333333333333333,0.0,0.25,0.3333333333333333,1.125,0.7777777777777778,0.7272727272727273
8821,0.3333333333333333,0.3333333333333333,0.5,0.3333333333333333,0.0,0.25,0.3333333333333333,1.125,0.7777777777777778,0.7272727272727273,1.2272727272727273
8822,0.3333333333333333,0.5,0.3333333333333333,0.0,0.25,0.3333333333333333,1.125,0.7777777777777778,0.7272727272727273,1.2272727272727273,2.125
8823,0.5,0.3333333333333333,0.0,0.25,0.3333333333333333,1.125,0.7777777777777778,0.7272727272727273,1.2272727272727273,2.125,1.5263157894736843
8824,0.3333333333333333,0.0,0.25,0.3333333333333333,1.125,0.7777777777777778,0.7272727272727273,1.2272727272727273,2.125,1.5263157894736843,2.125
8825,0.0,0.25,0.3333333333333333,1.125,0.7777777777777778,0.7272727272727273,1.2272727272727273,2.125,1.5263157894736843,2.125,1.1428571428571428
8826,0.25,0.3333333333333333,1.125,0.7777777777777778,0.7272727272727273,1.2272727272727273,2.125,1.5263157894736843,2.125,1.1428571428571428,3.2
8827,0.3333333333333333,1.125,0.7777777777777778,0.7272727272727273,1.2272727272727273,2.125,1.5263157894736843,2.125,1.1428571428571428,3.2,0.9
8828,1.125,0.7777777777777778,0.7272727272727273,1.2272727272727273,2.125,1.5263157894736843,2.125,1.1428571428571428,3.2,0.9,2.0
8829,0.7777777777777778,0.7272727272727273,1.2272727272727273,2.125,1.5263157894736843,2.125,1.1428571428571428,3.2,0.9,2.0,2.0
8830,0.7272727272727273,1.2272727272727273,2.125,1.5263157894736843,2.125,1.1428571428571428,3.2,0.9,2.0,2.0,0.3076923076923077
8831,1.2272727272727273,2.125,1.5263157894736843,2.125,1.1428571428571428,3.2,0.9,2.0,2.0,0.3076923076923077,0.6666666666666666
8832,2.125,1.5263157894736843,2.125,1.1428571428571428,3.2,0.9,2.0,2.0,0.3076923076923077,0.6666666666666666,2.4
8833,1.5263157894736843,2.125,1.1428571428571428,3.2,0.9,2.0,2.0,0.3076923076923077,0.6666666666666666,2.4,1.1666666666666667
8834,2.125,1.1428571428571428,3.2,0.9,2.0,2.0,0.3076923076923077,0.6666666666666666,2.4,1.1666666666666667,1.0
8835,0.0,0.7333333333333333,0.0,0.8421052631578947,1.3125,1.3571428571428572,1.609375,1.380952380952381,1.0588235294117647,2.1379310344827585,1.1818181818181819
8836,0.7333333333333333,0.0,0.8421052631578947,1.3125,1.3571428571428572,1.609375,1.380952380952381,1.0588235294117647,2.1379310344827585,1.1818181818181819,1.48
8837,0.0,0.8421052631578947,1.3125,1.3571428571428572,1.609375,1.380952380952381,1.0588235294117647,2.1379310344827585,1.1818181818181819,1.48,1.1379310344827587
8838,0.8421052631578947,1.3125,1.3571428571428572,1.609375,1.380952380952381,1.0588235294117647,2.1379310344827585,1.1818181818181819,1.48,1.1379310344827587,0.0
8839,1.3125,1.3571428571428572,1.609375,1.380952380952381,1.0588235294117647,2.1379310344827585,1.1818181818181819,1.48,1.1379310344827587,0.0,1.9230769230769231
8840,1.3571428571428572,1.609375,1.380952380952381,1.0588235294117647,2.1379310344827585,1.1818181818181819,1.48,1.1379310344827587,0.0,1.9230769230769231,1.0666666666666667
8841,1.609375,1.380952380952381,1.0588235294117647,2.1379310344827585,1.1818181818181819,1.48,1.1379310344827587,0.0,1.9230769230769231,1.0666666666666667,1.391304347826087
8842,1.380952380952381,1.0588235294117647,2.1379310344827585,1.1818181818181819,1.48,1.1379310344827587,0.0,1.9230769230769231,1.0666666666666667,1.391304347826087,0.9411764705882353
8843,1.0588235294117647,2.1379310344827585,1.1818181818181819,1.48,1.1379310344827587,0.0,1.9230769230769231,1.0666666666666667,1.391304347826087,0.9411764705882353,1.8421052631578947
8844,2.1379310344827585,1.1818181818181819,1.48,1.1379310344827587,0.0,1.9230769230769231,1.0666666666666667,1.391304347826087,0.9411764705882353,1.8421052631578947,1.1935483870967742
8845,1.1818181818181819,1.48,1.1379310344827587,0.0,1.9230769230769231,1.0666666666666667,1.391304347826087,0.9411764705882353,1.8421052631578947,1.1935483870967742,1.0
8846,1.48,1.1379310344827587,0.0,1.9230769230769231,1.0666666666666667,1.391304347826087,0.9411764705882353,1.8421052631578947,1.1935483870967742,1.0,0.9333333333333333
8847,1.1379310344827587,0.0,1.9230769230769231,1.0666666666666667,1.391304347826087,0.9411764705882353,1.8421052631578947,1.1935483870967742,1.0,0.9333333333333333,0.7222222222222222
8848,0.0,1.9230769230769231,1.0666666666666667,1.391304347826087,0.9411764705882353,1.8421052631578947,1.1935483870967742,1.0,0.9333333333333333,0.7222222222222222,1.5
8849,1.9230769230769231,1.0666666666666667,1.391304347826087,0.9411764705882353,1.8421052631578947,1.1935483870967742,1.0,0.9333333333333333,0.7222222222222222,1.5,1.0
8850,1.0666666666666667,1.391304347826087,0.9411764705882353,1.8421052631578947,1.1935483870967742,1.0,0.9333333333333333,0.7222222222222222,1.5,1.0,1.4444444444444444
8851,1.391304347826087,0.9411764705882353,1.8421052631578947,1.1935483870967742,1.0,0.9333333333333333,0.7222222222222222,1.5,1.0,1.4444444444444444,1.4193548387096775
8852,0.9411764705882353,1.8421052631578947,1.1935483870967742,1.0,0.9333333333333333,0.7222222222222222,1.5,1.0,1.4444444444444444,1.4193548387096775,1.53125
8853,1.8421052631578947,1.1935483870967742,1.0,0.9333333333333333,0.7222222222222222,1.5,1.0,1.4444444444444444,1.4193548387096775,1.53125,1.125
8854,1.1935483870967742,1.0,0.9333333333333333,0.7222222222222222,1.5,1.0,1.4444444444444444,1.4193548387096775,1.53125,1.125,1.5
8855,1.0,0.9333333333333333,0.7222222222222222,1.5,1.0,1.4444444444444444,1.4193548387096775,1.53125,1.125,1.5,0.0
8856,0.9333333333333333,0.7222222222222222,1.5,1.0,1.4444444444444444,1.4193548387096775,1.53125,1.125,1.5,0.0,1.6428571428571428
8857,0.7222222222222222,1.5,1.0,1.4444444444444444,1.4193548387096775,1.53125,1.125,1.5,0.0,1.6428571428571428,1.4146341463414633
8858,1.5,1.0,1.4444444444444444,1.4193548387096775,1.53125,1.125,1.5,0.0,1.6428571428571428,1.4146341463414633,1.6538461538461537
8859,1.0,1.4444444444444444,1.4193548387096775,1.53125,1.125,1.5,0.0,1.6428571428571428,1.4146341463414633,1.6538461538461537,1.2857142857142858
8860,1.4444444444444444,1.4193548387096775,1.53125,1.125,1.5,0.0,1.6428571428571428,1.4146341463414633,1.6538461538461537,1.2857142857142858,0.5
8861,0.8571428571428571,0.1111111111111111,1.1071428571428572,1.0769230769230769,1.2653061224489797,1.3658536585365855,0.0,1.7169811320754718,0.0,0.2857142857142857,1.326086956521739
8862,0.1111111111111111,1.1071428571428572,1.0769230769230769,1.2653061224489797,1.3658536585365855,0.0,1.7169811320754718,0.0,0.2857142857142857,1.326086956521739,1.368421052631579
8863,1.1071428571428572,1.0769230769230769,1.2653061224489797,1.3658536585365855,0.0,1.7169811320754718,0.0,0.2857142857142857,1.326086956521739,1.368421052631579,0.6666666666666666
8864,1.0769230769230769,1.2653061224489797,1.3658536585365855,0.0,1.7169811320754718,0.0,0.2857142857142857,1.326086956521739,1.368421052631579,0.6666666666666666,1.4444444444444444
8865,1.2653061224489797,1.3658536585365855,0.0,1.7169811320754718,0.0,0.2857142857142857,1.326086956521739,1.368421052631579,0.6666666666666666,1.4444444444444444,1.2903225806451613
8866,1.3658536585365855,0.0,1.7169811320754718,0.0,0.2857142857142857,1.326086956521739,1.368421052631579,0.6666666666666666,1.4444444444444444,1.2903225806451613,0.0
8867,0.0,1.7169811320754718,0.0,0.2857142857142857,1.326086956521739,1.368421052631579,0.6666666666666666,1.4444444444444444,1.2903225806451613,0.0,1.1111111111111112
8868,1.7169811320754718,0.0,0.2857142857142857,1.326086956521739,1.368421052631579,0.6666666666666666,1.4444444444444444,1.2903225806451613,0.0,1.1111111111111112,1.7222222222222223
8869,0.0,0.2857142857142857,1.326086956521739,1.368421052631579,0.6666666666666666,1.4444444444444444,1.2903225806451613,0.0,1.1111111111111112,1.7222222222222223,0.8888888888888888
8870,0.2857142857142857,1.326086956521739,1.368421052631579,0.6666666666666666,1.4444444444444444,1.2903225806451613,0.0,1.1111111111111112,1.7222222222222223,0.8888888888888888,1.3125
8871,1.326086956521739,1.368421052631579,0.6666666666666666,1.4444444444444444,1.2903225806451613,0.0,1.1111111111111112,1.7222222222222223,0.8888888888888888,1.3125,0.4
8872,1.368421052631579,0.6666666666666666,1.4444444444444444,1.2903225806451613,0.0,1.1111111111111112,1.7222222222222223,0.8888888888888888,1.3125,0.4,1.2105263157894737
8873,0.6666666666666666,1.4444444444444444,1.2903225806451613,0.0,1.1111111111111112,1.7222222222222223,0.8888888888888888,1.3125,0.4,1.2105263157894737,1.0
8874,1.4444444444444444,1.2903225806451613,0.0,1.1111111111111112,1.7222222222222223,0.8888888888888888,1.3125,0.4,1.2105263157894737,1.0,1.7166666666666666
8875,1.2903225806451613,0.0,1.1111111111111112,1.7222222222222223,0.8888888888888888,1.3125,0.4,1.2105263157894737,1.0,1.7166666666666666,0.7222222222222222
8876,0.0,1.1111111111111112,1.7222222222222223,0.8888888888888888,1.3125,0.4,1.2105263157894737,1.0,1.7166666666666666,0.7222222222222222,1.0909090909090908
8877,1.1111111111111112,1.7222222222222223,0.8888888888888888,1.3125,0.4,1.2105263157894737,1.0,1.7166666666666666,0.7222222222222222,1.0909090909090908,1.5
8878,1.7222222222222223,0.8888888888888888,1.3125,0.4,1.2105263157894737,1.0,1.7166666666666666,0.7222222222222222,1.0909090909090908,1.5,1.0769230769230769
8879,0.8888888888888888,1.3125,0.4,1.2105263157894737,1.0,1.7166666666666666,0.7222222222222222,1.0909090909090908,1.5,1.0769230769230769,1.3043478260869565
8880,1.3125,0.4,1.2105263157894737,1.0,1.7166666666666666,0.7222222222222222,1.0909090909090908,1.5,1.0769230769230769,1.3043478260869565,1.5416666666666667
8881,0.4,1.2105263157894737,1.0,1.7166666666666666,0.7222222222222222,1.0909090909090908,1.5,1.0769230769230769,1.3043478260869565,1.5416666666666667,1.2
8882,1.2105263157894737,1.0,1.7166666666666666,0.7222222222222222,1.0909090909090908,1.5,1.0769230769230769,1.3043478260869565,1.5416666666666667,1.2,0.75
8883,1.0,1.7166666666666666,0.7222222222222222,1.0909090909090908,1.5,1.0769230769230769,1.3043478260869565,1.5416666666666667,1.2,0.75,1.8
8884,1.7166666666666666,0.7222222222222222,1.0909090909090908,1.5,1.0769230769230769,1.3043478260869565,1.5416666666666667,1.2,0.75,1.8,1.064516129032258
8885,0.7222222222222222,1.0909090909090908,1.5,1.0769230769230769,1.3043478260869565,1.5416666666666667,1.2,0.75,1.8,1.064516129032258,1.1
8886,1.0909090909090908,1.5,1.0769230769230769,1.3043478260869565,1.5416666666666667,1.2,0.75,1.8,1.064516129032258,1.1,1.3043478260869565
8887,1.5,1.0769230769230769,1.3043478260869565,1.5416666666666667,1.2,0.75,1.8,1.064516129032258,1.1,1.3043478260869565,0.0
8888,1.0769230769230769,1.3043478260869565,1.5416666666666667,1.2,0.75,1.8,1.064516129032258,1.1,1.3043478260869565,0.0,1.5806451612903225
8889,1.3043478260869565,1.5416666666666667,1.2,0.75,1.8,1.064516129032258,1.1,1.3043478260869565,0.0,1.5806451612903225,0.8095238095238095
8890,1.5416666666666667,1.2,0.75,1.8,1.064516129032258,1.1,1.3043478260869565,0.0,1.5806451612903225,0.8095238095238095,1.2553191489361701
8891,1.2,0.75,1.8,1.064516129032258,1.1,1.3043478260869565,0.0,1.5806451612903225,0.8095238095238095,1.2553191489361701,1.2264150943396226
8892,0.75,1.8,1.064516129032258,1.1,1.3043478260869565,0.0,1.5806451612903225,0.8095238095238095,1.2553191489361701,1.2264150943396226,0.0
8893,1.8,1.064516129032258,1.1,1.3043478260869565,0.0,1.5806451612903225,0.8095238095238095,1.2553191489361701,1.2264150943396226,0.0,1.1111111111111112
8894,1.064516129032258,1.1,1.3043478260869565,0.0,1.5806451612903225,0.8095238095238095,1.2553191489361701,1.2264150943396226,0.0,1.1111111111111112,1.3958333333333333
8895,1.1,1.3043478260869565,0.0,1.5806451612903225,0.8095238095238095,1.2553191489361701,1.2264150943396226,0.0,1.1111111111111112,1.3958333333333333,1.205128205128205
8896,1.3043478260869565,0.0,1.5806451612903225,0.8095238095238095,1.2553191489361701,1.2264150943396226,0.0,1.1111111111111112,1.3958333333333333,1.205128205128205,0.9
8897,0.0,1.5806451612903225,0.8095238095238095,1.2553191489361701,1.2264150943396226,0.0,1.1111111111111112,1.3958333333333333,1.205128205128205,0.9,1.1666666666666667
8898,1.5806451612903225,0.8095238095238095,1.2553191489361701,1.2264150943396226,0.0,1.1111111111111112,1.3958333333333333,1.205128205128205,0.9,1.1666666666666667,1.3636363636363635
8899,0.8095238095238095,1.2553191489361701,1.2264150943396226,0.0,1.1111111111111112,1.3958333333333333,1.205128205128205,0.9,1.1666666666666667,1.3636363636363635,1.6818181818181819
8900,1.2553191489361701,1.2264150943396226,0.0,1.1111111111111112,1.3958333333333333,1.205128205128205,0.9,1.1666666666666667,1.3636363636363635,1.6818181818181819,1.2884615384615385
8901,1.2264150943396226,0.0,1.1111111111111112,1.3958333333333333,1.205128205128205,0.9,1.1666666666666667,1.3636363636363635,1.6818181818181819,1.2884615384615385,0.9166666666666666
8902,0.0,1.1111111111111112,1.3958333333333333,1.205128205128205,0.9,1.1666666666666667,1.3636363636363635,1.6818181818181819,1.2884615384615385,0.9166666666666666,1.1219512195121952
8903,1.1111111111111112,1.3958333333333333,1.205128205128205,0.9,1.1666666666666667,1.3636363636363635,1.6818181818181819,1.2884615384615385,0.9166666666666666,1.1219512195121952,1.619047619047619
8904,1.3958333333333333,1.205128205128205,0.9,1.1666666666666667,1.3636363636363635,1.6818181818181819,1.2884615384615385,0.9166666666666666,1.1219512195121952,1.619047619047619,0.9
8905,1.205128205128205,0.9,1.1666666666666667,1.3636363636363635,1.6818181818181819,1.2884615384615385,0.9166666666666666,1.1219512195121952,1.619047619047619,0.9,1.0909090909090908
8906,0.9,1.1666666666666667,1.3636363636363635,1.6818181818181819,1.2884615384615385,0.9166666666666666,1.1219512195121952,1.619047619047619,0.9,1.0909090909090908,0.6363636363636364
8907,1.1666666666666667,1.3636363636363635,1.6818181818181819,1.2884615384615385,0.9166666666666666,1.1219512195121952,1.619047619047619,0.9,1.0909090909090908,0.6363636363636364,0.5714285714285714
8908,1.3636363636363635,1.6818181818181819,1.2884615384615385,0.9166666666666666,1.1219512195121952,1.619047619047619,0.9,1.0909090909090908,0.6363636363636364,0.5714285714285714,1.0416666666666667
8909,1.6818181818181819,1.2884615384615385,0.9166666666666666,1.1219512195121952,1.619047619047619,0.9,1.0909090909090908,0.6363636363636364,0.5714285714285714,1.0416666666666667,1.1666666666666667
8910,1.2884615384615385,0.9166666666666666,1.1219512195121952,1.619047619047619,0.9,1.0909090909090908,0.6363636363636364,0.5714285714285714,1.0416666666666667,1.1666666666666667,2.4482758620689653
8911,0.9166666666666666,1.1219512195121952,1.619047619047619,0.9,1.0909090909090908,0.6363636363636364,0.5714285714285714,1.0416666666666667,1.1666666666666667,2.4482758620689653,1.4545454545454546
8912,1.1219512195121952,1.619047619047619,0.9,1.0909090909090908,0.6363636363636364,0.5714285714285714,1.0416666666666667,1.1666666666666667,2.4482758620689653,1.4545454545454546,1.0588235294117647
8913,1.619047619047619,0.9,1.0909090909090908,0.6363636363636364,0.5714285714285714,1.0416666666666667,1.1666666666666667,2.4482758620689653,1.4545454545454546,1.0588235294117647,1.1132075471698113
8914,0.9,1.0909090909090908,0.6363636363636364,0.5714285714285714,1.0416666666666667,1.1666666666666667,2.4482758620689653,1.4545454545454546,1.0588235294117647,1.1132075471698113,1.1794871794871795
8915,1.0909090909090908,0.6363636363636364,0.5714285714285714,1.0416666666666667,1.1666666666666667,2.4482758620689653,1.4545454545454546,1.0588235294117647,1.1132075471698113,1.1794871794871795,1.2352941176470589
8916,0.6363636363636364,0.5714285714285714,1.0416666666666667,1.1666666666666667,2.4482758620689653,1.4545454545454546,1.0588235294117647,1.1132075471698113,1.1794871794871795,1.2352941176470589,0.0
8917,0.5714285714285714,1.0416666666666667,1.1666666666666667,2.4482758620689653,1.4545454545454546,1.0588235294117647,1.1132075471698113,1.1794871794871795,1.2352941176470589,0.0,1.0
8918,1.0416666666666667,1.1666666666666667,2.4482758620689653,1.4545454545454546,1.0588235294117647,1.1132075471698113,1.1794871794871795,1.2352941176470589,0.0,1.0,1.2380952380952381
8919,1.1666666666666667,2.4482758620689653,1.4545454545454546,1.0588235294117647,1.1132075471698113,1.1794871794871795,1.2352941176470589,0.0,1.0,1.2380952380952381,1.0
8920,2.4482758620689653,1.4545454545454546,1.0588235294117647,1.1132075471698113,1.1794871794871795,1.2352941176470589,0.0,1.0,1.2380952380952381,1.0,1.6666666666666667
8921,1.4545454545454546,1.0588235294117647,1.1132075471698113,1.1794871794871795,1.2352941176470589,0.0,1.0,1.2380952380952381,1.0,1.6666666666666667,1.1470588235294117
8922,1.0588235294117647,1.1132075471698113,1.1794871794871795,1.2352941176470589,0.0,1.0,1.2380952380952381,1.0,1.6666666666666667,1.1470588235294117,0.9
8923,1.1132075471698113,1.1794871794871795,1.2352941176470589,0.0,1.0,1.2380952380952381,1.0,1.6666666666666667,1.1470588235294117,0.9,1.6666666666666667
8924,1.1794871794871795,1.2352941176470589,0.0,1.0,1.2380952380952381,1.0,1.6666666666666667,1.1470588235294117,0.9,1.6666666666666667,0.5
8925,1.2352941176470589,0.0,1.0,1.2380952380952381,1.0,1.6666666666666667,1.1470588235294117,0.9,1.6666666666666667,0.5,1.7
8926,0.0,1.0,1.2380952380952381,1.0,1.6666666666666667,1.1470588235294117,0.9,1.6666666666666667,0.5,1.7,0.0
8927,1.0,1.2380952380952381,1.0,1.6666666666666667,1.1470588235294117,0.9,1.6666666666666667,0.5,1.7,0.0,1.1875
8928,1.2380952380952381,1.0,1.6666666666666667,1.1470588235294117,0.9,1.6666666666666667,0.5,1.7,0.0,1.1875,1.4193548387096775
8929,1.0,1.6666666666666667,1.1470588235294117,0.9,1.6666666666666667,0.5,1.7,0.0,1.1875,1.4193548387096775,1.5
8930,1.6666666666666667,1.1470588235294117,0.9,1.6666666666666667,0.5,1.7,0.0,1.1875,1.4193548387096775,1.5,0.8333333333333334
8931,1.1470588235294117,0.9,1.6666666666666667,0.5,1.7,0.0,1.1875,1.4193548387096775,1.5,0.8333333333333334,0.7727272727272727
8932,0.9,1.6666666666666667,0.5,1.7,0.0,1.1875,1.4193548387096775,1.5,0.8333333333333334,0.7727272727272727,0.7647058823529411
8933,1.6666666666666667,0.5,1.7,0.0,1.1875,1.4193548387096775,1.5,0.8333333333333334,0.7727272727272727,0.7647058823529411,1.25
8934,0.5,1.7,0.0,1.1875,1.4193548387096775,1.5,0.8333333333333334,0.7727272727272727,0.7647058823529411,1.25,0.0
8935,1.7,0.0,1.1875,1.4193548387096775,1.5,0.8333333333333334,0.7727272727272727,0.7647058823529411,1.25,0.0,0.42857142857142855
8936,0.0,1.1875,1.4193548387096775,1.5,0.8333333333333334,0.7727272727272727,0.7647058823529411,1.25,0.0,0.42857142857142855,1.625
8937,1.1875,1.4193548387096775,1.5,0.8333333333333334,0.7727272727272727,0.7647058823529411,1.25,0.0,0.42857142857142855,1.625,1.25
8938,1.4193548387096775,1.5,0.8333333333333334,0.7727272727272727,0.7647058823529411,1.25,0.0,0.42857142857142855,1.625,1.25,0.2
8939,1.5,0.8333333333333334,0.7727272727272727,0.7647058823529411,1.25,0.0,0.42857142857142855,1.625,1.25,0.2,1.3333333333333333
8940,0.8333333333333334,0.7727272727272727,0.7647058823529411,1.25,0.0,0.42857142857142855,1.625,1.25,0.2,1.3333333333333333,1.0588235294117647
8941,0.7727272727272727,0.7647058823529411,1.25,0.0,0.42857142857142855,1.625,1.25,0.2,1.3333333333333333,1.0588235294117647,1.2592592592592593
8942,0.7647058823529411,1.25,0.0,0.42857142857142855,1.625,1.25,0.2,1.3333333333333333,1.0588235294117647,1.2592592592592593,1.0666666666666667
8943,1.25,0.0,0.42857142857142855,1.625,1.25,0.2,1.3333333333333333,1.0588235294117647,1.2592592592592593,1.0666666666666667,0.6
8944,0.0,0.42857142857142855,1.625,1.25,0.2,1.3333333333333333,1.0588235294117647,1.2592592592592593,1.0666666666666667,0.6,1.4
8945,0.42857142857142855,1.625,1.25,0.2,1.3333333333333333,1.0588235294117647,1.2592592592592593,1.0666666666666667,0.6,1.4,0.9
8946,1.625,1.25,0.2,1.3333333333333333,1.0588235294117647,1.2592592592592593,1.0666666666666667,0.6,1.4,0.9,0.5
8947,1.25,0.2,1.3333333333333333,1.0588235294117647,1.2592592592592593,1.0666666666666667,0.6,1.4,0.9,0.5,0.48
8948,0.2,1.3333333333333333,1.0588235294117647,1.2592592592592593,1.0666666666666667,0.6,1.4,0.9,0.5,0.48,0.9
8949,1.3333333333333333,1.0588235294117647,1.2592592592592593,1.0666666666666667,0.6,1.4,0.9,0.5,0.48,0.9,1.1666666666666667
8950,1.0588235294117647,1.2592592592592593,1.0666666666666667,0.6,1.4,0.9,0.5,0.48,0.9,1.1666666666666667,1.2203389830508475
8951,1.2592592592592593,1.0666666666666667,0.6,1.4,0.9,0.5,0.48,0.9,1.1666666666666667,1.2203389830508475,1.2
8952,1.0666666666666667,0.6,1.4,0.9,0.5,0.48,0.9,1.1666666666666667,1.2203389830508475,1.2,0.5714285714285714
8953,0.6,1.4,0.9,0.5,0.48,0.9,1.1666666666666667,1.2203389830508475,1.2,0.5714285714285714,1.28
8954,1.4,0.9,0.5,0.48,0.9,1.1666666666666667,1.2203389830508475,1.2,0.5714285714285714,1.28,0.8846153846153846
8955,0.9,0.5,0.48,0.9,1.1666666666666667,1.2203389830508475,1.2,0.5714285714285714,1.28,0.8846153846153846,0.0
8956,0.5,0.48,0.9,1.1666666666666667,1.2203389830508475,1.2,0.5714285714285714,1.28,0.8846153846153846,0.0,1.3818181818181818
8957,0.48,0.9,1.1666666666666667,1.2203389830508475,1.2,0.5714285714285714,1.28,0.8846153846153846,0.0,1.3818181818181818,1.3703703703703705
8958,0.9,1.1666666666666667,1.2203389830508475,1.2,0.5714285714285714,1.28,0.8846153846153846,0.0,1.3818181818181818,1.3703703703703705,1.3333333333333333
8959,1.1666666666666667,1.2203389830508475,1.2,0.5714285714285714,1.28,0.8846153846153846,0.0,1.3818181818181818,1.3703703703703705,1.3333333333333333,1.3333333333333333
8960,1.2203389830508475,1.2,0.5714285714285714,1.28,0.8846153846153846,0.0,1.3818181818181818,1.3703703703703705,1.3333333333333333,1.3333333333333333,1.3529411764705883
8961,1.2,0.5714285714285714,1.28,0.8846153846153846,0.0,1.3818181818181818,1.3703703703703705,1.3333333333333333,1.3333333333333333,1.3529411764705883,1.5714285714285714
8962,0.5714285714285714,1.28,0.8846153846153846,0.0,1.3818181818181818,1.3703703703703705,1.3333333333333333,1.3333333333333333,1.3529411764705883,1.5714285714285714,0.8181818181818182
8963,1.28,0.8846153846153846,0.0,1.3818181818181818,1.3703703703703705,1.3333333333333333,1.3333333333333333,1.3529411764705883,1.5714285714285714,0.8181818181818182,0.0
8964,0.8846153846153846,0.0,1.3818181818181818,1.3703703703703705,1.3333333333333333,1.3333333333333333,1.3529411764705883,1.5714285714285714,0.8181818181818182,0.0,1.1777777777777778
8965,0.0,1.3818181818181818,1.3703703703703705,1.3333333333333333,1.3333333333333333,1.3529411764705883,1.5714285714285714,0.8181818181818182,0.0,1.1777777777777778,0.8
8966,1.3818181818181818,1.3703703703703705,1.3333333333333333,1.3333333333333333,1.3529411764705883,1.5714285714285714,0.8181818181818182,0.0,1.1777777777777778,0.8,1.4318181818181819
8967,1.3703703703703705,1.3333333333333333,1.3333333333333333,1.3529411764705883,1.5714285714285714,0.8181818181818182,0.0,1.1777777777777778,0.8,1.4318181818181819,0.3333333333333333
8968,1.3333333333333333,1.3333333333333333,1.3529411764705883,1.5714285714285714,0.8181818181818182,0.0,1.1777777777777778,0.8,1.4318181818181819,0.3333333333333333,1.1666666666666667
8969,1.3333333333333333,1.3529411764705883,1.5714285714285714,0.8181818181818182,0.0,1.1777777777777778,0.8,1.4318181818181819,0.3333333333333333,1.1666666666666667,1.2666666666666666
8970,1.3529411764705883,1.5714285714285714,0.8181818181818182,0.0,1.1777777777777778,0.8,1.4318181818181819,0.3333333333333333,1.1666666666666667,1.2666666666666666,1.7647058823529411
8971,1.5714285714285714,0.8181818181818182,0.0,1.1777777777777778,0.8,1.4318181818181819,0.3333333333333333,1.1666666666666667,1.2666666666666666,1.7647058823529411,1.2666666666666666
8972,0.8181818181818182,0.0,1.1777777777777778,0.8,1.4318181818181819,0.3333333333333333,1.1666666666666667,1.2666666666666666,1.7647058823529411,1.2666666666666666,0.2857142857142857
8973,0.0,1.1777777777777778,0.8,1.4318181818181819,0.3333333333333333,1.1666666666666667,1.2666666666666666,1.7647058823529411,1.2666666666666666,0.2857142857142857,1.1875
8974,1.1777777777777778,0.8,1.4318181818181819,0.3333333333333333,1.1666666666666667,1.2666666666666666,1.7647058823529411,1.2666666666666666,0.2857142857142857,1.1875,1.1219512195121952
8975,0.8,1.4318181818181819,0.3333333333333333,1.1666666666666667,1.2666666666666666,1.7647058823529411,1.2666666666666666,0.2857142857142857,1.1875,1.1219512195121952,1.2222222222222223
8976,1.4318181818181819,0.3333333333333333,1.1666666666666667,1.2666666666666666,1.7647058823529411,1.2666666666666666,0.2857142857142857,1.1875,1.1219512195121952,1.2222222222222223,1.1
8977,0.3333333333333333,1.1666666666666667,1.2666666666666666,1.7647058823529411,1.2666666666666666,0.2857142857142857,1.1875,1.1219512195121952,1.2222222222222223,1.1,1.0
8978,1.1666666666666667,1.2666666666666666,1.7647058823529411,1.2666666666666666,0.2857142857142857,1.1875,1.1219512195121952,1.2222222222222223,1.1,1.0,1.302325581395349
8979,1.2666666666666666,1.7647058823529411,1.2666666666666666,0.2857142857142857,1.1875,1.1219512195121952,1.2222222222222223,1.1,1.0,1.302325581395349,1.1578947368421053
8980,1.7647058823529411,1.2666666666666666,0.2857142857142857,1.1875,1.1219512195121952,1.2222222222222223,1.1,1.0,1.302325581395349,1.1578947368421053,1.0
8981,1.2666666666666666,0.2857142857142857,1.1875,1.1219512195121952,1.2222222222222223,1.1,1.0,1.302325581395349,1.1578947368421053,1.0,1.125
8982,0.2857142857142857,1.1875,1.1219512195121952,1.2222222222222223,1.1,1.0,1.302325581395349,1.1578947368421053,1.0,1.125,1.894736842105263
8983,1.1875,1.1219512195121952,1.2222222222222223,1.1,1.0,1.302325581395349,1.1578947368421053,1.0,1.125,1.894736842105263,1.4545454545454546
8984,1.1219512195121952,1.2222222222222223,1.1,1.0,1.302325581395349,1.1578947368421053,1.0,1.125,1.894736842105263,1.4545454545454546,0.8235294117647058
8985,1.2222222222222223,1.1,1.0,1.302325581395349,1.1578947368421053,1.0,1.125,1.894736842105263,1.4545454545454546,0.8235294117647058,0.7142857142857143
8986,1.1,1.0,1.302325581395349,1.1578947368421053,1.0,1.125,1.894736842105263,1.4545454545454546,0.8235294117647058,0.7142857142857143,1.3333333333333333
8987,1.0,1.302325581395349,1.1578947368421053,1.0,1.125,1.894736842105263,1.4545454545454546,0.8235294117647058,0.7142857142857143,1.3333333333333333,1.0277777777777777
8988,1.302325581395349,1.1578947368421053,1.0,1.125,1.894736842105263,1.4545454545454546,0.8235294117647058,0.7142857142857143,1.3333333333333333,1.0277777777777777,1.35
8989,1.1578947368421053,1.0,1.125,1.894736842105263,1.4545454545454546,0.8235294117647058,0.7142857142857143,1.3333333333333333,1.0277777777777777,1.35,1.4285714285714286
8990,1.0,1.125,1.894736842105263,1.4545454545454546,0.8235294117647058,0.7142857142857143,1.3333333333333333,1.0277777777777777,1.35,1.4285714285714286,0.0
8991,1.125,1.894736842105263,1.4545454545454546,0.8235294117647058,0.7142857142857143,1.3333333333333333,1.0277777777777777,1.35,1.4285714285714286,0.0,0.7142857142857143
8992,1.894736842105263,1.4545454545454546,0.8235294117647058,0.7142857142857143,1.3333333333333333,1.0277777777777777,1.35,1.4285714285714286,0.0,0.7142857142857143,2.0
8993,1.4545454545454546,0.8235294117647058,0.7142857142857143,1.3333333333333333,1.0277777777777777,1.35,1.4285714285714286,0.0,0.7142857142857143,2.0,1.7619047619047619
8994,0.8235294117647058,0.7142857142857143,1.3333333333333333,1.0277777777777777,1.35,1.4285714285714286,0.0,0.7142857142857143,2.0,1.7619047619047619,0.5
8995,0.7142857142857143,1.3333333333333333,1.0277777777777777,1.35,1.4285714285714286,0.0,0.7142857142857143,2.0,1.7619047619047619,0.5,0.0
8996,1.3333333333333333,1.0277777777777777,1.35,1.4285714285714286,0.0,0.7142857142857143,2.0,1.7619047619047619,0.5,0.0,0.8
8997,1.0277777777777777,1.35,1.4285714285714286,0.0,0.7142857142857143,2.0,1.7619047619047619,0.5,0.0,0.8,1.0
8998,1.35,1.4285714285714286,0.0,0.7142857142857143,2.0,1.7619047619047619,0.5,0.0,0.8,1.0,0.2222222222222222
8999,1.4285714285714286,0.0,0.7142857142857143,2.0,1.7619047619047619,0.5,0.0,0.8,1.0,0.2222222222222222,0.0
9000,0.0,0.7142857142857143,2.0,1.7619047619047619,0.5,0.0,0.8,1.0,0.2222222222222222,0.0,0.5
9001,0.7142857142857143,2.0,1.7619047619047619,0.5,0.0,0.8,1.0,0.2222222222222222,0.0,0.5,1.1428571428571428
9002,2.0,1.7619047619047619,0.5,0.0,0.8,1.0,0.2222222222222222,0.0,0.5,1.1428571428571428,1.2941176470588236
9003,1.7619047619047619,0.5,0.0,0.8,1.0,0.2222222222222222,0.0,0.5,1.1428571428571428,1.2941176470588236,2.259259259259259
9004,0.5,0.0,0.8,1.0,0.2222222222222222,0.0,0.5,1.1428571428571428,1.2941176470588236,2.259259259259259,1.85
9005,0.0,0.8,1.0,0.2222222222222222,0.0,0.5,1.1428571428571428,1.2941176470588236,2.259259259259259,1.85,1.1538461538461537
9006,0.8,1.0,0.2222222222222222,0.0,0.5,1.1428571428571428,1.2941176470588236,2.259259259259259,1.85,1.1538461538461537,1.2352941176470589
9007,1.0,0.2222222222222222,0.0,0.5,1.1428571428571428,1.2941176470588236,2.259259259259259,1.85,1.1538461538461537,1.2352941176470589,1.05
9008,0.2222222222222222,0.0,0.5,1.1428571428571428,1.2941176470588236,2.259259259259259,1.85,1.1538461538461537,1.2352941176470589,1.05,1.7
9009,0.0,0.5,1.1428571428571428,1.2941176470588236,2.259259259259259,1.85,1.1538461538461537,1.2352941176470589,1.05,1.7,2.076923076923077
9010,0.7142857142857143,0.5384615384615384,0.75,1.9,1.0,2.0,0.7142857142857143,1.5294117647058822,1.0,1.0,0.3333333333333333
9011,0.5384615384615384,0.75,1.9,1.0,2.0,0.7142857142857143,1.5294117647058822,1.0,1.0,0.3333333333333333,1.1818181818181819
9012,0.75,1.9,1.0,2.0,0.7142857142857143,1.5294117647058822,1.0,1.0,0.3333333333333333,1.1818181818181819,1.25
9013,1.9,1.0,2.0,0.7142857142857143,1.5294117647058822,1.0,1.0,0.3333333333333333,1.1818181818181819,1.25,0.0
9014,1.0,2.0,0.7142857142857143,1.5294117647058822,1.0,1.0,0.3333333333333333,1.1818181818181819,1.25,0.0,1.0
9015,2.0,0.7142857142857143,1.5294117647058822,1.0,1.0,0.3333333333333333,1.1818181818181819,1.25,0.0,1.0,1.125
9016,0.7142857142857143,1.5294117647058822,1.0,1.0,0.3333333333333333,1.1818181818181819,1.25,0.0,1.0,1.125,1.2222222222222223
9017,1.5294117647058822,1.0,1.0,0.3333333333333333,1.1818181818181819,1.25,0.0,1.0,1.125,1.2222222222222223,1.6
9018,1.0,1.0,0.3333333333333333,1.1818181818181819,1.25,0.0,1.0,1.125,1.2222222222222223,1.6,0.3333333333333333
9019,1.0,0.3333333333333333,1.1818181818181819,1.25,0.0,1.0,1.125,1.2222222222222223,1.6,0.3333333333333333,0.8
9020,0.3333333333333333,1.1818181818181819,1.25,0.0,1.0,1.125,1.2222222222222223,1.6,0.3333333333333333,0.8,2.4285714285714284
9021,1.1818181818181819,1.25,0.0,1.0,1.125,1.2222222222222223,1.6,0.3333333333333333,0.8,2.4285714285714284,1.0
9022,1.25,0.0,1.0,1.125,1.2222222222222223,1.6,0.3333333333333333,0.8,2.4285714285714284,1.0,1.0
9023,0.0,1.0,1.125,1.2222222222222223,1.6,0.3333333333333333,0.8,2.4285714285714284,1.0,1.0,1.3333333333333333
9024,1.0,1.125,1.2222222222222223,1.6,0.3333333333333333,0.8,2.4285714285714284,1.0,1.0,1.3333333333333333,1.0
9025,1.125,1.2222222222222223,1.6,0.3333333333333333,0.8,2.4285714285714284,1.0,1.0,1.3333333333333333,1.0,1.1
9026,1.2222222222222223,1.6,0.3333333333333333,0.8,2.4285714285714284,1.0,1.0,1.3333333333333333,1.0,1.1,0.5714285714285714
9027,1.6,0.3333333333333333,0.8,2.4285714285714284,1.0,1.0,1.3333333333333333,1.0,1.1,0.5714285714285714,0.2
9028,0.3333333333333333,0.8,2.4285714285714284,1.0,1.0,1.3333333333333333,1.0,1.1,0.5714285714285714,0.2,1.5714285714285714
9029,0.8,2.4285714285714284,1.0,1.0,1.3333333333333333,1.0,1.1,0.5714285714285714,0.2,1.5714285714285714,3.1666666666666665
9030,2.4285714285714284,1.0,1.0,1.3333333333333333,1.0,1.1,0.5714285714285714,0.2,1.5714285714285714,3.1666666666666665,0.4
9031,1.0,1.0,1.3333333333333333,1.0,1.1,0.5714285714285714,0.2,1.5714285714285714,3.1666666666666665,0.4,0.7272727272727273
9032,1.0,1.3333333333333333,1.0,1.1,0.5714285714285714,0.2,1.5714285714285714,3.1666666666666665,0.4,0.7272727272727273,0.6666666666666666
9033,1.3333333333333333,1.0,1.1,0.5714285714285714,0.2,1.5714285714285714,3.1666666666666665,0.4,0.7272727272727273,0.6666666666666666,2.5
9034,1.0,1.1,0.5714285714285714,0.2,1.5714285714285714,3.1666666666666665,0.4,0.7272727272727273,0.6666666666666666,2.5,1.2307692307692308
9035,1.1,0.5714285714285714,0.2,1.5714285714285714,3.1666666666666665,0.4,0.7272727272727273,0.6666666666666666,2.5,1.2307692307692308,1.0
9036,1.0,0.7692307692307693,1.4285714285714286,1.6,0.7941176470588235,1.4,1.4,1.6666666666666667,0.25,1.6,1.3636363636363635
9037,0.7692307692307693,1.4285714285714286,1.6,0.7941176470588235,1.4,1.4,1.6666666666666667,0.25,1.6,1.3636363636363635,1.1111111111111112
9038,1.4285714285714286,1.6,0.7941176470588235,1.4,1.4,1.6666666666666667,0.25,1.6,1.3636363636363635,1.1111111111111112,2.0
9039,1.6,0.7941176470588235,1.4,1.4,1.6666666666666667,0.25,1.6,1.3636363636363635,1.1111111111111112,2.0,2.3333333333333335
9040,0.7941176470588235,1.4,1.4,1.6666666666666667,0.25,1.6,1.3636363636363635,1.1111111111111112,2.0,2.3333333333333335,0.6666666666666666
9041,1.4,1.4,1.6666666666666667,0.25,1.6,1.3636363636363635,1.1111111111111112,2.0,2.3333333333333335,0.6666666666666666,1.0
9042,1.4,1.6666666666666667,0.25,1.6,1.3636363636363635,1.1111111111111112,2.0,2.3333333333333335,0.6666666666666666,1.0,0.75
9043,1.6666666666666667,0.25,1.6,1.3636363636363635,1.1111111111111112,2.0,2.3333333333333335,0.6666666666666666,1.0,0.75,1.8
9044,0.25,1.6,1.3636363636363635,1.1111111111111112,2.0,2.3333333333333335,0.6666666666666666,1.0,0.75,1.8,1.3703703703703705
9045,1.6,1.3636363636363635,1.1111111111111112,2.0,2.3333333333333335,0.6666666666666666,1.0,0.75,1.8,1.3703703703703705,1.4814814814814814
9046,1.3636363636363635,1.1111111111111112,2.0,2.3333333333333335,0.6666666666666666,1.0,0.75,1.8,1.3703703703703705,1.4814814814814814,1.0
9047,1.1111111111111112,2.0,2.3333333333333335,0.6666666666666666,1.0,0.75,1.8,1.3703703703703705,1.4814814814814814,1.0,1.0
9048,2.0,2.3333333333333335,0.6666666666666666,1.0,0.75,1.8,1.3703703703703705,1.4814814814814814,1.0,1.0,1.4634146341463414
9049,2.3333333333333335,0.6666666666666666,1.0,0.75,1.8,1.3703703703703705,1.4814814814814814,1.0,1.0,1.4634146341463414,0.2222222222222222
9050,0.6666666666666666,1.0,0.75,1.8,1.3703703703703705,1.4814814814814814,1.0,1.0,1.4634146341463414,0.2222222222222222,0.0
9051,0.9090909090909091,1.5964912280701755,1.75,0.75,1.6226415094339623,0.08333333333333333,1.2173913043478262,1.0,1.7777777777777777,0.5,0.0
9052,1.5964912280701755,1.75,0.75,1.6226415094339623,0.08333333333333333,1.2173913043478262,1.0,1.7777777777777777,0.5,0.0,0.6363636363636364
9053,1.75,0.75,1.6226415094339623,0.08333333333333333,1.2173913043478262,1.0,1.7777777777777777,0.5,0.0,0.6363636363636364,0.8048780487804879
9054,0.75,1.6226415094339623,0.08333333333333333,1.2173913043478262,1.0,1.7777777777777777,0.5,0.0,0.6363636363636364,0.8048780487804879,0.0
9055,1.6226415094339623,0.08333333333333333,1.2173913043478262,1.0,1.7777777777777777,0.5,0.0,0.6363636363636364,0.8048780487804879,0.0,1.6296296296296295
9056,0.08333333333333333,1.2173913043478262,1.0,1.7777777777777777,0.5,0.0,0.6363636363636364,0.8048780487804879,0.0,1.6296296296296295,1.1379310344827587
9057,1.2173913043478262,1.0,1.7777777777777777,0.5,0.0,0.6363636363636364,0.8048780487804879,0.0,1.6296296296296295,1.1379310344827587,0.8333333333333334
9058,1.0,1.7777777777777777,0.5,0.0,0.6363636363636364,0.8048780487804879,0.0,1.6296296296296295,1.1379310344827587,0.8333333333333334,0.631578947368421
9059,1.7777777777777777,0.5,0.0,0.6363636363636364,0.8048780487804879,0.0,1.6296296296296295,1.1379310344827587,0.8333333333333334,0.631578947368421,2.0
9060,0.5,0.0,0.6363636363636364,0.8048780487804879,0.0,1.6296296296296295,1.1379310344827587,0.8333333333333334,0.631578947368421,2.0,1.3076923076923077
9061,0.0,0.6363636363636364,0.8048780487804879,0.0,1.6296296296296295,1.1379310344827587,0.8333333333333334,0.631578947368421,2.0,1.3076923076923077,1.6666666666666667
9062,0.6363636363636364,0.8048780487804879,0.0,1.6296296296296295,1.1379310344827587,0.8333333333333334,0.631578947368421,2.0,1.3076923076923077,1.6666666666666667,0.9411764705882353
9063,0.8048780487804879,0.0,1.6296296296296295,1.1379310344827587,0.8333333333333334,0.631578947368421,2.0,1.3076923076923077,1.6666666666666667,0.9411764705882353,1.5333333333333334
9064,0.0,1.6296296296296295,1.1379310344827587,0.8333333333333334,0.631578947368421,2.0,1.3076923076923077,1.6666666666666667,0.9411764705882353,1.5333333333333334,0.125
9065,1.6296296296296295,1.1379310344827587,0.8333333333333334,0.631578947368421,2.0,1.3076923076923077,1.6666666666666667,0.9411764705882353,1.5333333333333334,0.125,0.9777777777777777
9066,1.1379310344827587,0.8333333333333334,0.631578947368421,2.0,1.3076923076923077,1.6666666666666667,0.9411764705882353,1.5333333333333334,0.125,0.9777777777777777,0.5
9067,0.8333333333333334,0.631578947368421,2.0,1.3076923076923077,1.6666666666666667,0.9411764705882353,1.5333333333333334,0.125,0.9777777777777777,0.5,1.03125
9068,0.631578947368421,2.0,1.3076923076923077,1.6666666666666667,0.9411764705882353,1.5333333333333334,0.125,0.9777777777777777,0.5,1.03125,0.8333333333333334
9069,2.0,1.3076923076923077,1.6666666666666667,0.9411764705882353,1.5333333333333334,0.125,0.9777777777777777,0.5,1.03125,0.8333333333333334,1.1333333333333333
9070,1.3076923076923077,1.6666666666666667,0.9411764705882353,1.5333333333333334,0.125,0.9777777777777777,0.5,1.03125,0.8333333333333334,1.1333333333333333,0.75
9071,1.6666666666666667,0.9411764705882353,1.5333333333333334,0.125,0.9777777777777777,0.5,1.03125,0.8333333333333334,1.1333333333333333,0.75,1.1111111111111112
9072,0.9411764705882353,1.5333333333333334,0.125,0.9777777777777777,0.5,1.03125,0.8333333333333334,1.1333333333333333,0.75,1.1111111111111112,1.15
9073,1.5333333333333334,0.125,0.9777777777777777,0.5,1.03125,0.8333333333333334,1.1333333333333333,0.75,1.1111111111111112,1.15,1.5
9074,0.125,0.9777777777777777,0.5,1.03125,0.8333333333333334,1.1333333333333333,0.75,1.1111111111111112,1.15,1.5,0.6666666666666666
9075,0.9777777777777777,0.5,1.03125,0.8333333333333334,1.1333333333333333,0.75,1.1111111111111112,1.15,1.5,0.6666666666666666,0.55
9076,0.5,1.03125,0.8333333333333334,1.1333333333333333,0.75,1.1111111111111112,1.15,1.5,0.6666666666666666,0.55,0.9117647058823529
9077,1.03125,0.8333333333333334,1.1333333333333333,0.75,1.1111111111111112,1.15,1.5,0.6666666666666666,0.55,0.9117647058823529,1.25
9078,0.8333333333333334,1.1333333333333333,0.75,1.1111111111111112,1.15,1.5,0.6666666666666666,0.55,0.9117647058823529,1.25,1.1612903225806452
9079,1.1333333333333333,0.75,1.1111111111111112,1.15,1.5,0.6666666666666666,0.55,0.9117647058823529,1.25,1.1612903225806452,0.9230769230769231
9080,0.75,1.1111111111111112,1.15,1.5,0.6666666666666666,0.55,0.9117647058823529,1.25,1.1612903225806452,0.9230769230769231,1.2058823529411764
9081,1.1111111111111112,1.15,1.5,0.6666666666666666,0.55,0.9117647058823529,1.25,1.1612903225806452,0.9230769230769231,1.2058823529411764,1.0285714285714285
9082,1.15,1.5,0.6666666666666666,0.55,0.9117647058823529,1.25,1.1612903225806452,0.9230769230769231,1.2058823529411764,1.0285714285714285,0.7777777777777778
9083,1.5,0.6666666666666666,0.55,0.9117647058823529,1.25,1.1612903225806452,0.9230769230769231,1.2058823529411764,1.0285714285714285,0.7777777777777778,0.625
9084,0.6666666666666666,0.55,0.9117647058823529,1.25,1.1612903225806452,0.9230769230769231,1.2058823529411764,1.0285714285714285,0.7777777777777778,0.625,0.0
9085,0.55,0.9117647058823529,1.25,1.1612903225806452,0.9230769230769231,1.2058823529411764,1.0285714285714285,0.7777777777777778,0.625,0.0,1.1666666666666667
9086,0.9117647058823529,1.25,1.1612903225806452,0.9230769230769231,1.2058823529411764,1.0285714285714285,0.7777777777777778,0.625,0.0,1.1666666666666667,0.5
9087,1.25,1.1612903225806452,0.9230769230769231,1.2058823529411764,1.0285714285714285,0.7777777777777778,0.625,0.0,1.1666666666666667,0.5,0.6666666666666666
9088,1.1612903225806452,0.9230769230769231,1.2058823529411764,1.0285714285714285,0.7777777777777778,0.625,0.0,1.1666666666666667,0.5,0.6666666666666666,0.0
9089,0.9230769230769231,1.2058823529411764,1.0285714285714285,0.7777777777777778,0.625,0.0,1.1666666666666667,0.5,0.6666666666666666,0.0,1.2941176470588236
9090,1.2058823529411764,1.0285714285714285,0.7777777777777778,0.625,0.0,1.1666666666666667,0.5,0.6666666666666666,0.0,1.2941176470588236,0.2857142857142857
9091,1.0285714285714285,0.7777777777777778,0.625,0.0,1.1666666666666667,0.5,0.6666666666666666,0.0,1.2941176470588236,0.2857142857142857,1.125
9092,0.7777777777777778,0.625,0.0,1.1666666666666667,0.5,0.6666666666666666,0.0,1.2941176470588236,0.2857142857142857,1.125,1.0454545454545454
9093,0.625,0.0,1.1666666666666667,0.5,0.6666666666666666,0.0,1.2941176470588236,0.2857142857142857,1.125,1.0454545454545454,0.8571428571428571
9094,0.0,1.1666666666666667,0.5,0.6666666666666666,0.0,1.2941176470588236,0.2857142857142857,1.125,1.0454545454545454,0.8571428571428571,0.25
9095,1.1666666666666667,0.5,0.6666666666666666,0.0,1.2941176470588236,0.2857142857142857,1.125,1.0454545454545454,0.8571428571428571,0.25,1.0
9096,0.5,0.6666666666666666,0.0,1.2941176470588236,0.2857142857142857,1.125,1.0454545454545454,0.8571428571428571,0.25,1.0,0.25
9097,0.0,0.5555555555555556,0.9090909090909091,0.8928571428571429,0.7272727272727273,2.0,1.8333333333333333,1.619047619047619,0.4,0.8,1.5357142857142858
9098,0.5555555555555556,0.9090909090909091,0.8928571428571429,0.7272727272727273,2.0,1.8333333333333333,1.619047619047619,0.4,0.8,1.5357142857142858,1.4545454545454546
9099,0.9090909090909091,0.8928571428571429,0.7272727272727273,2.0,1.8333333333333333,1.619047619047619,0.4,0.8,1.5357142857142858,1.4545454545454546,0.5
9100,0.8928571428571429,0.7272727272727273,2.0,1.8333333333333333,1.619047619047619,0.4,0.8,1.5357142857142858,1.4545454545454546,0.5,1.0625
9101,0.7272727272727273,2.0,1.8333333333333333,1.619047619047619,0.4,0.8,1.5357142857142858,1.4545454545454546,0.5,1.0625,1.6923076923076923
9102,2.0,1.8333333333333333,1.619047619047619,0.4,0.8,1.5357142857142858,1.4545454545454546,0.5,1.0625,1.6923076923076923,1.4761904761904763
9103,1.8333333333333333,1.619047619047619,0.4,0.8,1.5357142857142858,1.4545454545454546,0.5,1.0625,1.6923076923076923,1.4761904761904763,2.5
9104,1.619047619047619,0.4,0.8,1.5357142857142858,1.4545454545454546,0.5,1.0625,1.6923076923076923,1.4761904761904763,2.5,0.5
9105,0.4,0.8,1.5357142857142858,1.4545454545454546,0.5,1.0625,1.6923076923076923,1.4761904761904763,2.5,0.5,1.1470588235294117
9106,0.8,1.5357142857142858,1.4545454545454546,0.5,1.0625,1.6923076923076923,1.4761904761904763,2.5,0.5,1.1470588235294117,0.0
9107,1.5357142857142858,1.4545454545454546,0.5,1.0625,1.6923076923076923,1.4761904761904763,2.5,0.5,1.1470588235294117,0.0,0.0
9108,1.4545454545454546,0.5,1.0625,1.6923076923076923,1.4761904761904763,2.5,0.5,1.1470588235294117,0.0,0.0,2.35
9109,0.5,1.0625,1.6923076923076923,1.4761904761904763,2.5,0.5,1.1470588235294117,0.0,0.0,2.35,1.6521739130434783
9110,1.0625,1.6923076923076923,1.4761904761904763,2.5,0.5,1.1470588235294117,0.0,0.0,2.35,1.6521739130434783,1.25
9111,1.6923076923076923,1.4761904761904763,2.5,0.5,1.1470588235294117,0.0,0.0,2.35,1.6521739130434783,1.25,1.5454545454545454
9112,1.4761904761904763,2.5,0.5,1.1470588235294117,0.0,0.0,2.35,1.6521739130434783,1.25,1.5454545454545454,1.5555555555555556
9113,2.5,0.5,1.1470588235294117,0.0,0.0,2.35,1.6521739130434783,1.25,1.5454545454545454,1.5555555555555556,0.8181818181818182
9114,0.5,1.1470588235294117,0.0,0.0,2.35,1.6521739130434783,1.25,1.5454545454545454,1.5555555555555556,0.8181818181818182,1.0869565217391304
9115,1.1470588235294117,0.0,0.0,2.35,1.6521739130434783,1.25,1.5454545454545454,1.5555555555555556,0.8181818181818182,1.0869565217391304,2.210526315789474
9116,0.0,0.0,2.35,1.6521739130434783,1.25,1.5454545454545454,1.5555555555555556,0.8181818181818182,1.0869565217391304,2.210526315789474,1.0588235294117647
9117,0.0,2.35,1.6521739130434783,1.25,1.5454545454545454,1.5555555555555556,0.8181818181818182,1.0869565217391304,2.210526315789474,1.0588235294117647,1.368421052631579
9118,2.35,1.6521739130434783,1.25,1.5454545454545454,1.5555555555555556,0.8181818181818182,1.0869565217391304,2.210526315789474,1.0588235294117647,1.368421052631579,0.14285714285714285
9119,1.6521739130434783,1.25,1.5454545454545454,1.5555555555555556,0.8181818181818182,1.0869565217391304,2.210526315789474,1.0588235294117647,1.368421052631579,0.14285714285714285,1.3333333333333333
9120,1.25,1.5454545454545454,1.5555555555555556,0.8181818181818182,1.0869565217391304,2.210526315789474,1.0588235294117647,1.368421052631579,0.14285714285714285,1.3333333333333333,0.5714285714285714
9121,1.5454545454545454,1.5555555555555556,0.8181818181818182,1.0869565217391304,2.210526315789474,1.0588235294117647,1.368421052631579,0.14285714285714285,1.3333333333333333,0.5714285714285714,1.3333333333333333
9122,1.5555555555555556,0.8181818181818182,1.0869565217391304,2.210526315789474,1.0588235294117647,1.368421052631579,0.14285714285714285,1.3333333333333333,0.5714285714285714,1.3333333333333333,0.6666666666666666
9123,0.8181818181818182,1.0869565217391304,2.210526315789474,1.0588235294117647,1.368421052631579,0.14285714285714285,1.3333333333333333,0.5714285714285714,1.3333333333333333,0.6666666666666666,0.6363636363636364
9124,1.0869565217391304,2.210526315789474,1.0588235294117647,1.368421052631579,0.14285714285714285,1.3333333333333333,0.5714285714285714,1.3333333333333333,0.6666666666666666,0.6363636363636364,1.8666666666666667
9125,2.210526315789474,1.0588235294117647,1.368421052631579,0.14285714285714285,1.3333333333333333,0.5714285714285714,1.3333333333333333,0.6666666666666666,0.6363636363636364,1.8666666666666667,0.5
9126,1.0588235294117647,1.368421052631579,0.14285714285714285,1.3333333333333333,0.5714285714285714,1.3333333333333333,0.6666666666666666,0.6363636363636364,1.8666666666666667,0.5,1.9
9127,1.368421052631579,0.14285714285714285,1.3333333333333333,0.5714285714285714,1.3333333333333333,0.6666666666666666,0.6363636363636364,1.8666666666666667,0.5,1.9,0.5
9128,0.14285714285714285,1.3333333333333333,0.5714285714285714,1.3333333333333333,0.6666666666666666,0.6363636363636364,1.8666666666666667,0.5,1.9,0.5,1.5625
9129,1.3333333333333333,0.5714285714285714,1.3333333333333333,0.6666666666666666,0.6363636363636364,1.8666666666666667,0.5,1.9,0.5,1.5625,1.2727272727272727
9130,0.5714285714285714,1.3333333333333333,0.6666666666666666,0.6363636363636364,1.8666666666666667,0.5,1.9,0.5,1.5625,1.2727272727272727,0.5
9131,1.3333333333333333,0.6666666666666666,0.6363636363636364,1.8666666666666667,0.5,1.9,0.5,1.5625,1.2727272727272727,0.5,1.5
9132,0.6666666666666666,0.6363636363636364,1.8666666666666667,0.5,1.9,0.5,1.5625,1.2727272727272727,0.5,1.5,1.096774193548387
9133,0.6363636363636364,1.8666666666666667,0.5,1.9,0.5,1.5625,1.2727272727272727,0.5,1.5,1.096774193548387,1.4516129032258065
9134,1.8666666666666667,0.5,1.9,0.5,1.5625,1.2727272727272727,0.5,1.5,1.096774193548387,1.4516129032258065,0.7777777777777778
9135,0.5,1.9,0.5,1.5625,1.2727272727272727,0.5,1.5,1.096774193548387,1.4516129032258065,0.7777777777777778,1.236842105263158
9136,1.9,0.5,1.5625,1.2727272727272727,0.5,1.5,1.096774193548387,1.4516129032258065,0.7777777777777778,1.236842105263158,1.2884615384615385
9137,0.5,1.5625,1.2727272727272727,0.5,1.5,1.096774193548387,1.4516129032258065,0.7777777777777778,1.236842105263158,1.2884615384615385,1.9
9138,1.4074074074074074,1.1818181818181819,0.6666666666666666,1.4137931034482758,1.4074074074074074,1.2,1.2,0.8888888888888888,2.176470588235294,1.2222222222222223,1.4666666666666666
9139,1.1818181818181819,0.6666666666666666,1.4137931034482758,1.4074074074074074,1.2,1.2,0.8888888888888888,2.176470588235294,1.2222222222222223,1.4666666666666666,1.2352941176470589
9140,0.6666666666666666,1.4137931034482758,1.4074074074074074,1.2,1.2,0.8888888888888888,2.176470588235294,1.2222222222222223,1.4666666666666666,1.2352941176470589,1.186046511627907
9141,1.4137931034482758,1.4074074074074074,1.2,1.2,0.8888888888888888,2.176470588235294,1.2222222222222223,1.4666666666666666,1.2352941176470589,1.186046511627907,1.0625
9142,1.4074074074074074,1.2,1.2,0.8888888888888888,2.176470588235294,1.2222222222222223,1.4666666666666666,1.2352941176470589,1.186046511627907,1.0625,1.8484848484848484
9143,1.2,1.2,0.8888888888888888,2.176470588235294,1.2222222222222223,1.4666666666666666,1.2352941176470589,1.186046511627907,1.0625,1.8484848484848484,0.0
9144,1.2,0.8888888888888888,2.176470588235294,1.2222222222222223,1.4666666666666666,1.2352941176470589,1.186046511627907,1.0625,1.8484848484848484,0.0,1.8666666666666667
9145,0.8888888888888888,2.176470588235294,1.2222222222222223,1.4666666666666666,1.2352941176470589,1.186046511627907,1.0625,1.8484848484848484,0.0,1.8666666666666667,0.75
9146,2.176470588235294,1.2222222222222223,1.4666666666666666,1.2352941176470589,1.186046511627907,1.0625,1.8484848484848484,0.0,1.8666666666666667,0.75,1.3125
9147,1.2222222222222223,1.4666666666666666,1.2352941176470589,1.186046511627907,1.0625,1.8484848484848484,0.0,1.8666666666666667,0.75,1.3125,3.0714285714285716
9148,1.4666666666666666,1.2352941176470589,1.186046511627907,1.0625,1.8484848484848484,0.0,1.8666666666666667,0.75,1.3125,3.0714285714285716,1.380952380952381
9149,1.2352941176470589,1.186046511627907,1.0625,1.8484848484848484,0.0,1.8666666666666667,0.75,1.3125,3.0714285714285716,1.380952380952381,2.6
9150,1.186046511627907,1.0625,1.8484848484848484,0.0,1.8666666666666667,0.75,1.3125,3.0714285714285716,1.380952380952381,2.6,1.8
9151,1.0625,1.8484848484848484,0.0,1.8666666666666667,0.75,1.3125,3.0714285714285716,1.380952380952381,2.6,1.8,1.0
9152,1.8484848484848484,0.0,1.8666666666666667,0.75,1.3125,3.0714285714285716,1.380952380952381,2.6,1.8,1.0,1.3461538461538463
9153,1.4137931034482758,1.1153846153846154,0.3333333333333333,0.0,1.6666666666666667,0.8,0.6,0.5454545454545454,0.75,1.0,0.6666666666666666
9154,1.1153846153846154,0.3333333333333333,0.0,1.6666666666666667,0.8,0.6,0.5454545454545454,0.75,1.0,0.6666666666666666,0.625
9155,0.875,1.0,1.8095238095238095,1.2608695652173914,0.3333333333333333,1.1176470588235294,2.3076923076923075,0.6666666666666666,1.9166666666666667,1.75,1.25
9156,1.0,1.8095238095238095,1.2608695652173914,0.3333333333333333,1.1176470588235294,2.3076923076923075,0.6666666666666666,1.9166666666666667,1.75,1.25,1.3478260869565217
9157,1.8095238095238095,1.2608695652173914,0.3333333333333333,1.1176470588235294,2.3076923076923075,0.6666666666666666,1.9166666666666667,1.75,1.25,1.3478260869565217,0.5714285714285714
9158,1.2608695652173914,0.3333333333333333,1.1176470588235294,2.3076923076923075,0.6666666666666666,1.9166666666666667,1.75,1.25,1.3478260869565217,0.5714285714285714,2.090909090909091
9159,0.3333333333333333,1.1176470588235294,2.3076923076923075,0.6666666666666666,1.9166666666666667,1.75,1.25,1.3478260869565217,0.5714285714285714,2.090909090909091,1.0689655172413792
9160,1.1176470588235294,2.3076923076923075,0.6666666666666666,1.9166666666666667,1.75,1.25,1.3478260869565217,0.5714285714285714,2.090909090909091,1.0689655172413792,1.0909090909090908
9161,2.3076923076923075,0.6666666666666666,1.9166666666666667,1.75,1.25,1.3478260869565217,0.5714285714285714,2.090909090909091,1.0689655172413792,1.0909090909090908,1.4857142857142858
9162,0.6666666666666666,1.9166666666666667,1.75,1.25,1.3478260869565217,0.5714285714285714,2.090909090909091,1.0689655172413792,1.0909090909090908,1.4857142857142858,1.1666666666666667
9163,1.9166666666666667,1.75,1.25,1.3478260869565217,0.5714285714285714,2.090909090909091,1.0689655172413792,1.0909090909090908,1.4857142857142858,1.1666666666666667,1.0
9164,1.75,1.25,1.3478260869565217,0.5714285714285714,2.090909090909091,1.0689655172413792,1.0909090909090908,1.4857142857142858,1.1666666666666667,1.0,1.0909090909090908
9165,1.25,1.3478260869565217,0.5714285714285714,2.090909090909091,1.0689655172413792,1.0909090909090908,1.4857142857142858,1.1666666666666667,1.0,1.0909090909090908,1.0
9166,1.3478260869565217,0.5714285714285714,2.090909090909091,1.0689655172413792,1.0909090909090908,1.4857142857142858,1.1666666666666667,1.0,1.0909090909090908,1.0,0.4
9167,0.5,0.875,1.45,0.3333333333333333,1.4705882352941178,1.25,0.125,0.7941176470588235,1.375,0.8181818181818182,1.6
9168,0.875,1.45,0.3333333333333333,1.4705882352941178,1.25,0.125,0.7941176470588235,1.375,0.8181818181818182,1.6,1.3125
9169,1.45,0.3333333333333333,1.4705882352941178,1.25,0.125,0.7941176470588235,1.375,0.8181818181818182,1.6,1.3125,2.0
9170,0.3333333333333333,1.4705882352941178,1.25,0.125,0.7941176470588235,1.375,0.8181818181818182,1.6,1.3125,2.0,1.1111111111111112
9171,1.4705882352941178,1.25,0.125,0.7941176470588235,1.375,0.8181818181818182,1.6,1.3125,2.0,1.1111111111111112,1.4833333333333334
9172,1.25,0.125,0.7941176470588235,1.375,0.8181818181818182,1.6,1.3125,2.0,1.1111111111111112,1.4833333333333334,1.2564102564102564
9173,0.125,0.7941176470588235,1.375,0.8181818181818182,1.6,1.3125,2.0,1.1111111111111112,1.4833333333333334,1.2564102564102564,1.1111111111111112
9174,0.7941176470588235,1.375,0.8181818181818182,1.6,1.3125,2.0,1.1111111111111112,1.4833333333333334,1.2564102564102564,1.1111111111111112,1.0666666666666667
9175,1.375,0.8181818181818182,1.6,1.3125,2.0,1.1111111111111112,1.4833333333333334,1.2564102564102564,1.1111111111111112,1.0666666666666667,0.3333333333333333
9176,0.8181818181818182,1.6,1.3125,2.0,1.1111111111111112,1.4833333333333334,1.2564102564102564,1.1111111111111112,1.0666666666666667,0.3333333333333333,0.7777777777777778
9177,1.6,1.3125,2.0,1.1111111111111112,1.4833333333333334,1.2564102564102564,1.1111111111111112,1.0666666666666667,0.3333333333333333,0.7777777777777778,1.375
9178,1.3125,2.0,1.1111111111111112,1.4833333333333334,1.2564102564102564,1.1111111111111112,1.0666666666666667,0.3333333333333333,0.7777777777777778,1.375,0.0
9179,2.0,1.1111111111111112,1.4833333333333334,1.2564102564102564,1.1111111111111112,1.0666666666666667,0.3333333333333333,0.7777777777777778,1.375,0.0,1.2307692307692308
9180,1.1111111111111112,1.4833333333333334,1.2564102564102564,1.1111111111111112,1.0666666666666667,0.3333333333333333,0.7777777777777778,1.375,0.0,1.2307692307692308,0.5384615384615384
9181,1.4833333333333334,1.2564102564102564,1.1111111111111112,1.0666666666666667,0.3333333333333333,0.7777777777777778,1.375,0.0,1.2307692307692308,0.5384615384615384,1.0303030303030303
9182,1.2564102564102564,1.1111111111111112,1.0666666666666667,0.3333333333333333,0.7777777777777778,1.375,0.0,1.2307692307692308,0.5384615384615384,1.0303030303030303,1.3666666666666667
9183,1.1111111111111112,1.0666666666666667,0.3333333333333333,0.7777777777777778,1.375,0.0,1.2307692307692308,0.5384615384615384,1.0303030303030303,1.3666666666666667,0.8333333333333334
9184,1.0666666666666667,0.3333333333333333,0.7777777777777778,1.375,0.0,1.2307692307692308,0.5384615384615384,1.0303030303030303,1.3666666666666667,0.8333333333333334,1.7307692307692308
9185,0.3333333333333333,0.7777777777777778,1.375,0.0,1.2307692307692308,0.5384615384615384,1.0303030303030303,1.3666666666666667,0.8333333333333334,1.7307692307692308,1.619047619047619
9186,0.7777777777777778,1.375,0.0,1.2307692307692308,0.5384615384615384,1.0303030303030303,1.3666666666666667,0.8333333333333334,1.7307692307692308,1.619047619047619,1.0
9187,1.375,0.0,1.2307692307692308,0.5384615384615384,1.0303030303030303,1.3666666666666667,0.8333333333333334,1.7307692307692308,1.619047619047619,1.0,0.8823529411764706
9188,0.0,1.2307692307692308,0.5384615384615384,1.0303030303030303,1.3666666666666667,0.8333333333333334,1.7307692307692308,1.619047619047619,1.0,0.8823529411764706,0.7692307692307693
9189,1.2307692307692308,0.5384615384615384,1.0303030303030303,1.3666666666666667,0.8333333333333334,1.7307692307692308,1.619047619047619,1.0,0.8823529411764706,0.7692307692307693,3.0
9190,0.5384615384615384,1.0303030303030303,1.3666666666666667,0.8333333333333334,1.7307692307692308,1.619047619047619,1.0,0.8823529411764706,0.7692307692307693,3.0,2.1333333333333333
9191,1.0303030303030303,1.3666666666666667,0.8333333333333334,1.7307692307692308,1.619047619047619,1.0,0.8823529411764706,0.7692307692307693,3.0,2.1333333333333333,0.75
9192,1.3666666666666667,0.8333333333333334,1.7307692307692308,1.619047619047619,1.0,0.8823529411764706,0.7692307692307693,3.0,2.1333333333333333,0.75,1.1428571428571428
9193,0.8333333333333334,1.7307692307692308,1.619047619047619,1.0,0.8823529411764706,0.7692307692307693,3.0,2.1333333333333333,0.75,1.1428571428571428,1.24
9194,1.7307692307692308,1.619047619047619,1.0,0.8823529411764706,0.7692307692307693,3.0,2.1333333333333333,0.75,1.1428571428571428,1.24,1.3636363636363635
9195,1.619047619047619,1.0,0.8823529411764706,0.7692307692307693,3.0,2.1333333333333333,0.75,1.1428571428571428,1.24,1.3636363636363635,1.6666666666666667
9196,1.0,0.8823529411764706,0.7692307692307693,3.0,2.1333333333333333,0.75,1.1428571428571428,1.24,1.3636363636363635,1.6666666666666667,1.6666666666666667
9197,0.8823529411764706,0.7692307692307693,3.0,2.1333333333333333,0.75,1.1428571428571428,1.24,1.3636363636363635,1.6666666666666667,1.6666666666666667,1.3
9198,0.7692307692307693,3.0,2.1333333333333333,0.75,1.1428571428571428,1.24,1.3636363636363635,1.6666666666666667,1.6666666666666667,1.3,2.0454545454545454
9199,3.0,2.1333333333333333,0.75,1.1428571428571428,1.24,1.3636363636363635,1.6666666666666667,1.6666666666666667,1.3,2.0454545454545454,1.3571428571428572
9200,2.1333333333333333,0.75,1.1428571428571428,1.24,1.3636363636363635,1.6666666666666667,1.6666666666666667,1.3,2.0454545454545454,1.3571428571428572,1.7619047619047619
9201,0.75,1.1428571428571428,1.24,1.3636363636363635,1.6666666666666667,1.6666666666666667,1.3,2.0454545454545454,1.3571428571428572,1.7619047619047619,1.4166666666666667
9202,1.1428571428571428,1.24,1.3636363636363635,1.6666666666666667,1.6666666666666667,1.3,2.0454545454545454,1.3571428571428572,1.7619047619047619,1.4166666666666667,0.5
9203,1.24,1.3636363636363635,1.6666666666666667,1.6666666666666667,1.3,2.0454545454545454,1.3571428571428572,1.7619047619047619,1.4166666666666667,0.5,0.0
9204,1.3636363636363635,1.6666666666666667,1.6666666666666667,1.3,2.0454545454545454,1.3571428571428572,1.7619047619047619,1.4166666666666667,0.5,0.0,1.0
9205,1.6666666666666667,1.6666666666666667,1.3,2.0454545454545454,1.3571428571428572,1.7619047619047619,1.4166666666666667,0.5,0.0,1.0,0.0
9206,1.6666666666666667,1.3,2.0454545454545454,1.3571428571428572,1.7619047619047619,1.4166666666666667,0.5,0.0,1.0,0.0,1.7058823529411764
9207,1.3,2.0454545454545454,1.3571428571428572,1.7619047619047619,1.4166666666666667,0.5,0.0,1.0,0.0,1.7058823529411764,1.3846153846153846
9208,2.0454545454545454,1.3571428571428572,1.7619047619047619,1.4166666666666667,0.5,0.0,1.0,0.0,1.7058823529411764,1.3846153846153846,1.435897435897436
9209,1.3571428571428572,1.7619047619047619,1.4166666666666667,0.5,0.0,1.0,0.0,1.7058823529411764,1.3846153846153846,1.435897435897436,0.9117647058823529
9210,1.7619047619047619,1.4166666666666667,0.5,0.0,1.0,0.0,1.7058823529411764,1.3846153846153846,1.435897435897436,0.9117647058823529,0.2
9211,1.4166666666666667,0.5,0.0,1.0,0.0,1.7058823529411764,1.3846153846153846,1.435897435897436,0.9117647058823529,0.2,0.6923076923076923
9212,0.5,0.0,1.0,0.0,1.7058823529411764,1.3846153846153846,1.435897435897436,0.9117647058823529,0.2,0.6923076923076923,1.6363636363636365
9213,0.0,1.0,0.0,1.7058823529411764,1.3846153846153846,1.435897435897436,0.9117647058823529,0.2,0.6923076923076923,1.6363636363636365,1.3888888888888888
9214,1.0,0.0,1.7058823529411764,1.3846153846153846,1.435897435897436,0.9117647058823529,0.2,0.6923076923076923,1.6363636363636365,1.3888888888888888,1.5789473684210527
9215,0.0,1.7058823529411764,1.3846153846153846,1.435897435897436,0.9117647058823529,0.2,0.6923076923076923,1.6363636363636365,1.3888888888888888,1.5789473684210527,2.0
9216,1.7058823529411764,1.3846153846153846,1.435897435897436,0.9117647058823529,0.2,0.6923076923076923,1.6363636363636365,1.3888888888888888,1.5789473684210527,2.0,0.8
9217,1.3846153846153846,1.435897435897436,0.9117647058823529,0.2,0.6923076923076923,1.6363636363636365,1.3888888888888888,1.5789473684210527,2.0,0.8,0.3333333333333333
9218,1.435897435897436,0.9117647058823529,0.2,0.6923076923076923,1.6363636363636365,1.3888888888888888,1.5789473684210527,2.0,0.8,0.3333333333333333,0.8333333333333334
9219,0.9117647058823529,0.2,0.6923076923076923,1.6363636363636365,1.3888888888888888,1.5789473684210527,2.0,0.8,0.3333333333333333,0.8333333333333334,2.1666666666666665
9220,0.2,0.6923076923076923,1.6363636363636365,1.3888888888888888,1.5789473684210527,2.0,0.8,0.3333333333333333,0.8333333333333334,2.1666666666666665,1.0
9221,0.6923076923076923,1.6363636363636365,1.3888888888888888,1.5789473684210527,2.0,0.8,0.3333333333333333,0.8333333333333334,2.1666666666666665,1.0,1.4814814814814814
9222,1.6363636363636365,1.3888888888888888,1.5789473684210527,2.0,0.8,0.3333333333333333,0.8333333333333334,2.1666666666666665,1.0,1.4814814814814814,0.8333333333333334
9223,1.3888888888888888,1.5789473684210527,2.0,0.8,0.3333333333333333,0.8333333333333334,2.1666666666666665,1.0,1.4814814814814814,0.8333333333333334,1.5952380952380953
9224,1.5789473684210527,2.0,0.8,0.3333333333333333,0.8333333333333334,2.1666666666666665,1.0,1.4814814814814814,0.8333333333333334,1.5952380952380953,0.25
9225,2.0,0.8,0.3333333333333333,0.8333333333333334,2.1666666666666665,1.0,1.4814814814814814,0.8333333333333334,1.5952380952380953,0.25,1.1428571428571428
9226,0.8,0.3333333333333333,0.8333333333333334,2.1666666666666665,1.0,1.4814814814814814,0.8333333333333334,1.5952380952380953,0.25,1.1428571428571428,1.05
9227,0.3333333333333333,0.8333333333333334,2.1666666666666665,1.0,1.4814814814814814,0.8333333333333334,1.5952380952380953,0.25,1.1428571428571428,1.05,1.170731707317073
9228,0.8333333333333334,2.1666666666666665,1.0,1.4814814814814814,0.8333333333333334,1.5952380952380953,0.25,1.1428571428571428,1.05,1.170731707317073,0.5
9229,2.1666666666666665,1.0,1.4814814814814814,0.8333333333333334,1.5952380952380953,0.25,1.1428571428571428,1.05,1.170731707317073,0.5,1.8444444444444446
9230,1.0,1.4814814814814814,0.8333333333333334,1.5952380952380953,0.25,1.1428571428571428,1.05,1.170731707317073,0.5,1.8444444444444446,1.7
9231,1.4814814814814814,0.8333333333333334,1.5952380952380953,0.25,1.1428571428571428,1.05,1.170731707317073,0.5,1.8444444444444446,1.7,1.2
9232,0.8333333333333334,1.5952380952380953,0.25,1.1428571428571428,1.05,1.170731707317073,0.5,1.8444444444444446,1.7,1.2,0.0
9233,1.5952380952380953,0.25,1.1428571428571428,1.05,1.170731707317073,0.5,1.8444444444444446,1.7,1.2,0.0,0.6666666666666666
9234,0.25,1.1428571428571428,1.05,1.170731707317073,0.5,1.8444444444444446,1.7,1.2,0.0,0.6666666666666666,0.9166666666666666
9235,1.1428571428571428,1.05,1.170731707317073,0.5,1.8444444444444446,1.7,1.2,0.0,0.6666666666666666,0.9166666666666666,3.0
9236,1.05,1.170731707317073,0.5,1.8444444444444446,1.7,1.2,0.0,0.6666666666666666,0.9166666666666666,3.0,1.3
9237,1.170731707317073,0.5,1.8444444444444446,1.7,1.2,0.0,0.6666666666666666,0.9166666666666666,3.0,1.3,1.5714285714285714
9238,0.5,1.8444444444444446,1.7,1.2,0.0,0.6666666666666666,0.9166666666666666,3.0,1.3,1.5714285714285714,0.2222222222222222
9239,1.8444444444444446,1.7,1.2,0.0,0.6666666666666666,0.9166666666666666,3.0,1.3,1.5714285714285714,0.2222222222222222,0.0
9240,1.7,1.2,0.0,0.6666666666666666,0.9166666666666666,3.0,1.3,1.5714285714285714,0.2222222222222222,0.0,0.2
9241,1.2,0.0,0.6666666666666666,0.9166666666666666,3.0,1.3,1.5714285714285714,0.2222222222222222,0.0,0.2,0.0
9242,0.0,0.6666666666666666,0.9166666666666666,3.0,1.3,1.5714285714285714,0.2222222222222222,0.0,0.2,0.0,1.1666666666666667
9243,0.6666666666666666,0.9166666666666666,3.0,1.3,1.5714285714285714,0.2222222222222222,0.0,0.2,0.0,1.1666666666666667,1.7333333333333334
9244,0.9166666666666666,3.0,1.3,1.5714285714285714,0.2222222222222222,0.0,0.2,0.0,1.1666666666666667,1.7333333333333334,0.0
9245,3.0,1.3,1.5714285714285714,0.2222222222222222,0.0,0.2,0.0,1.1666666666666667,1.7333333333333334,0.0,2.0
9246,1.3,1.5714285714285714,0.2222222222222222,0.0,0.2,0.0,1.1666666666666667,1.7333333333333334,0.0,2.0,0.8571428571428571
9247,1.5714285714285714,0.2222222222222222,0.0,0.2,0.0,1.1666666666666667,1.7333333333333334,0.0,2.0,0.8571428571428571,1.173913043478261
9248,0.2222222222222222,0.0,0.2,0.0,1.1666666666666667,1.7333333333333334,0.0,2.0,0.8571428571428571,1.173913043478261,1.5
9249,0.0,0.2,0.0,1.1666666666666667,1.7333333333333334,0.0,2.0,0.8571428571428571,1.173913043478261,1.5,1.5
9250,0.2,0.0,1.1666666666666667,1.7333333333333334,0.0,2.0,0.8571428571428571,1.173913043478261,1.5,1.5,2.0
9251,0.0,1.1666666666666667,1.7333333333333334,0.0,2.0,0.8571428571428571,1.173913043478261,1.5,1.5,2.0,0.88
9252,1.1666666666666667,1.7333333333333334,0.0,2.0,0.8571428571428571,1.173913043478261,1.5,1.5,2.0,0.88,0.5555555555555556
9253,1.7333333333333334,0.0,2.0,0.8571428571428571,1.173913043478261,1.5,1.5,2.0,0.88,0.5555555555555556,1.6
9254,0.0,2.0,0.8571428571428571,1.173913043478261,1.5,1.5,2.0,0.88,0.5555555555555556,1.6,0.6666666666666666
9255,2.0,0.8571428571428571,1.173913043478261,1.5,1.5,2.0,0.88,0.5555555555555556,1.6,0.6666666666666666,1.5555555555555556
9256,0.8571428571428571,1.173913043478261,1.5,1.5,2.0,0.88,0.5555555555555556,1.6,0.6666666666666666,1.5555555555555556,0.2857142857142857
9257,1.173913043478261,1.5,1.5,2.0,0.88,0.5555555555555556,1.6,0.6666666666666666,1.5555555555555556,0.2857142857142857,1.4
9258,1.5,1.5,2.0,0.88,0.5555555555555556,1.6,0.6666666666666666,1.5555555555555556,0.2857142857142857,1.4,2.0476190476190474
9259,1.5,2.0,0.88,0.5555555555555556,1.6,0.6666666666666666,1.5555555555555556,0.2857142857142857,1.4,2.0476190476190474,1.2790697674418605
9260,2.0,0.88,0.5555555555555556,1.6,0.6666666666666666,1.5555555555555556,0.2857142857142857,1.4,2.0476190476190474,1.2790697674418605,1.5833333333333333
9261,0.88,0.5555555555555556,1.6,0.6666666666666666,1.5555555555555556,0.2857142857142857,1.4,2.0476190476190474,1.2790697674418605,1.5833333333333333,0.5555555555555556
9262,0.5555555555555556,1.6,0.6666666666666666,1.5555555555555556,0.2857142857142857,1.4,2.0476190476190474,1.2790697674418605,1.5833333333333333,0.5555555555555556,1.9166666666666667
9263,1.6,0.6666666666666666,1.5555555555555556,0.2857142857142857,1.4,2.0476190476190474,1.2790697674418605,1.5833333333333333,0.5555555555555556,1.9166666666666667,1.25
9264,0.6666666666666666,1.5555555555555556,0.2857142857142857,1.4,2.0476190476190474,1.2790697674418605,1.5833333333333333,0.5555555555555556,1.9166666666666667,1.25,1.706896551724138
9265,1.5555555555555556,0.2857142857142857,1.4,2.0476190476190474,1.2790697674418605,1.5833333333333333,0.5555555555555556,1.9166666666666667,1.25,1.706896551724138,1.625
9266,0.2857142857142857,1.4,2.0476190476190474,1.2790697674418605,1.5833333333333333,0.5555555555555556,1.9166666666666667,1.25,1.706896551724138,1.625,1.1538461538461537
9267,1.4,2.0476190476190474,1.2790697674418605,1.5833333333333333,0.5555555555555556,1.9166666666666667,1.25,1.706896551724138,1.625,1.1538461538461537,0.4
9268,2.0476190476190474,1.2790697674418605,1.5833333333333333,0.5555555555555556,1.9166666666666667,1.25,1.706896551724138,1.625,1.1538461538461537,0.4,1.368421052631579
9269,1.2790697674418605,1.5833333333333333,0.5555555555555556,1.9166666666666667,1.25,1.706896551724138,1.625,1.1538461538461537,0.4,1.368421052631579,1.1875
9270,1.5833333333333333,0.5555555555555556,1.9166666666666667,1.25,1.706896551724138,1.625,1.1538461538461537,0.4,1.368421052631579,1.1875,2.0
9271,0.5555555555555556,1.9166666666666667,1.25,1.706896551724138,1.625,1.1538461538461537,0.4,1.368421052631579,1.1875,2.0,1.3888888888888888
9272,1.9166666666666667,1.25,1.706896551724138,1.625,1.1538461538461537,0.4,1.368421052631579,1.1875,2.0,1.3888888888888888,2.2083333333333335
9273,1.25,1.706896551724138,1.625,1.1538461538461537,0.4,1.368421052631579,1.1875,2.0,1.3888888888888888,2.2083333333333335,0.6
9274,1.3333333333333333,1.2307692307692308,1.5333333333333334,1.1333333333333333,0.8888888888888888,0.9655172413793104,1.5185185185185186,1.05,1.5238095238095237,1.4411764705882353,1.6857142857142857
9275,1.2307692307692308,1.5333333333333334,1.1333333333333333,0.8888888888888888,0.9655172413793104,1.5185185185185186,1.05,1.5238095238095237,1.4411764705882353,1.6857142857142857,1.9038461538461537
9276,1.5333333333333334,1.1333333333333333,0.8888888888888888,0.9655172413793104,1.5185185185185186,1.05,1.5238095238095237,1.4411764705882353,1.6857142857142857,1.9038461538461537,0.5714285714285714
9277,1.1333333333333333,0.8888888888888888,0.9655172413793104,1.5185185185185186,1.05,1.5238095238095237,1.4411764705882353,1.6857142857142857,1.9038461538461537,0.5714285714285714,1.2
9278,0.8888888888888888,0.9655172413793104,1.5185185185185186,1.05,1.5238095238095237,1.4411764705882353,1.6857142857142857,1.9038461538461537,0.5714285714285714,1.2,1.5945945945945945
9279,0.9655172413793104,1.5185185185185186,1.05,1.5238095238095237,1.4411764705882353,1.6857142857142857,1.9038461538461537,0.5714285714285714,1.2,1.5945945945945945,0.8461538461538461
9280,1.5185185185185186,1.05,1.5238095238095237,1.4411764705882353,1.6857142857142857,1.9038461538461537,0.5714285714285714,1.2,1.5945945945945945,0.8461538461538461,1.6
9281,1.05,1.5238095238095237,1.4411764705882353,1.6857142857142857,1.9038461538461537,0.5714285714285714,1.2,1.5945945945945945,0.8461538461538461,1.6,1.875
9282,1.5238095238095237,1.4411764705882353,1.6857142857142857,1.9038461538461537,0.5714285714285714,1.2,1.5945945945945945,0.8461538461538461,1.6,1.875,1.606060606060606
9283,1.4411764705882353,1.6857142857142857,1.9038461538461537,0.5714285714285714,1.2,1.5945945945945945,0.8461538461538461,1.6,1.875,1.606060606060606,0.6363636363636364
9284,1.6857142857142857,1.9038461538461537,0.5714285714285714,1.2,1.5945945945945945,0.8461538461538461,1.6,1.875,1.606060606060606,0.6363636363636364,0.8
9285,1.9038461538461537,0.5714285714285714,1.2,1.5945945945945945,0.8461538461538461,1.6,1.875,1.606060606060606,0.6363636363636364,0.8,1.9375
9286,0.5714285714285714,1.2,1.5945945945945945,0.8461538461538461,1.6,1.875,1.606060606060606,0.6363636363636364,0.8,1.9375,1.1304347826086956
9287,1.2,1.5945945945945945,0.8461538461538461,1.6,1.875,1.606060606060606,0.6363636363636364,0.8,1.9375,1.1304347826086956,1.3157894736842106
9288,1.5945945945945945,0.8461538461538461,1.6,1.875,1.606060606060606,0.6363636363636364,0.8,1.9375,1.1304347826086956,1.3157894736842106,1.5925925925925926
9289,0.8461538461538461,1.6,1.875,1.606060606060606,0.6363636363636364,0.8,1.9375,1.1304347826086956,1.3157894736842106,1.5925925925925926,2.0
9290,1.6,1.875,1.606060606060606,0.6363636363636364,0.8,1.9375,1.1304347826086956,1.3157894736842106,1.5925925925925926,2.0,1.2380952380952381
9291,1.875,1.606060606060606,0.6363636363636364,0.8,1.9375,1.1304347826086956,1.3157894736842106,1.5925925925925926,2.0,1.2380952380952381,0.5
9292,1.606060606060606,0.6363636363636364,0.8,1.9375,1.1304347826086956,1.3157894736842106,1.5925925925925926,2.0,1.2380952380952381,0.5,1.25
9293,0.6363636363636364,0.8,1.9375,1.1304347826086956,1.3157894736842106,1.5925925925925926,2.0,1.2380952380952381,0.5,1.25,1.25
9294,0.8,1.9375,1.1304347826086956,1.3157894736842106,1.5925925925925926,2.0,1.2380952380952381,0.5,1.25,1.25,1.3157894736842106
9295,1.9375,1.1304347826086956,1.3157894736842106,1.5925925925925926,2.0,1.2380952380952381,0.5,1.25,1.25,1.3157894736842106,1.1666666666666667
9296,1.1304347826086956,1.3157894736842106,1.5925925925925926,2.0,1.2380952380952381,0.5,1.25,1.25,1.3157894736842106,1.1666666666666667,1.8571428571428572
9297,1.3157894736842106,1.5925925925925926,2.0,1.2380952380952381,0.5,1.25,1.25,1.3157894736842106,1.1666666666666667,1.8571428571428572,2.2285714285714286
9298,1.5925925925925926,2.0,1.2380952380952381,0.5,1.25,1.25,1.3157894736842106,1.1666666666666667,1.8571428571428572,2.2285714285714286,0.9375
9299,2.0,1.2380952380952381,0.5,1.25,1.25,1.3157894736842106,1.1666666666666667,1.8571428571428572,2.2285714285714286,0.9375,1.26
9300,1.2380952380952381,0.5,1.25,1.25,1.3157894736842106,1.1666666666666667,1.8571428571428572,2.2285714285714286,0.9375,1.26,1.4
9301,0.5,1.25,1.25,1.3157894736842106,1.1666666666666667,1.8571428571428572,2.2285714285714286,0.9375,1.26,1.4,0.75
9302,1.25,1.25,1.3157894736842106,1.1666666666666667,1.8571428571428572,2.2285714285714286,0.9375,1.26,1.4,0.75,0.5
9303,1.25,1.3157894736842106,1.1666666666666667,1.8571428571428572,2.2285714285714286,0.9375,1.26,1.4,0.75,0.5,1.8125
9304,1.3157894736842106,1.1666666666666667,1.8571428571428572,2.2285714285714286,0.9375,1.26,1.4,0.75,0.5,1.8125,0.6666666666666666
9305,1.1666666666666667,1.8571428571428572,2.2285714285714286,0.9375,1.26,1.4,0.75,0.5,1.8125,0.6666666666666666,1.46
9306,1.8571428571428572,2.2285714285714286,0.9375,1.26,1.4,0.75,0.5,1.8125,0.6666666666666666,1.46,1.6428571428571428
9307,2.2285714285714286,0.9375,1.26,1.4,0.75,0.5,1.8125,0.6666666666666666,1.46,1.6428571428571428,1.3636363636363635
9308,0.9375,1.26,1.4,0.75,0.5,1.8125,0.6666666666666666,1.46,1.6428571428571428,1.3636363636363635,0.0
9309,1.26,1.4,0.75,0.5,1.8125,0.6666666666666666,1.46,1.6428571428571428,1.3636363636363635,0.0,1.2916666666666667
9310,1.4,0.75,0.5,1.8125,0.6666666666666666,1.46,1.6428571428571428,1.3636363636363635,0.0,1.2916666666666667,1.0
9311,0.75,0.5,1.8125,0.6666666666666666,1.46,1.6428571428571428,1.3636363636363635,0.0,1.2916666666666667,1.0,0.0
9312,0.5,1.8125,0.6666666666666666,1.46,1.6428571428571428,1.3636363636363635,0.0,1.2916666666666667,1.0,0.0,1.1666666666666667
9313,1.8125,0.6666666666666666,1.46,1.6428571428571428,1.3636363636363635,0.0,1.2916666666666667,1.0,0.0,1.1666666666666667,0.1111111111111111
9314,0.6666666666666666,1.46,1.6428571428571428,1.3636363636363635,0.0,1.2916666666666667,1.0,0.0,1.1666666666666667,0.1111111111111111,1.2222222222222223
9315,1.46,1.6428571428571428,1.3636363636363635,0.0,1.2916666666666667,1.0,0.0,1.1666666666666667,0.1111111111111111,1.2222222222222223,1.1904761904761905
9316,1.6428571428571428,1.3636363636363635,0.0,1.2916666666666667,1.0,0.0,1.1666666666666667,0.1111111111111111,1.2222222222222223,1.1904761904761905,0.9047619047619048
9317,1.3636363636363635,0.0,1.2916666666666667,1.0,0.0,1.1666666666666667,0.1111111111111111,1.2222222222222223,1.1904761904761905,0.9047619047619048,0.0
9318,0.0,1.2916666666666667,1.0,0.0,1.1666666666666667,0.1111111111111111,1.2222222222222223,1.1904761904761905,0.9047619047619048,0.0,1.3333333333333333
9319,1.2916666666666667,1.0,0.0,1.1666666666666667,0.1111111111111111,1.2222222222222223,1.1904761904761905,0.9047619047619048,0.0,1.3333333333333333,1.7
9320,1.0,0.0,1.1666666666666667,0.1111111111111111,1.2222222222222223,1.1904761904761905,0.9047619047619048,0.0,1.3333333333333333,1.7,1.5238095238095237
9321,0.0,1.1666666666666667,0.1111111111111111,1.2222222222222223,1.1904761904761905,0.9047619047619048,0.0,1.3333333333333333,1.7,1.5238095238095237,1.255813953488372
9322,1.1666666666666667,0.1111111111111111,1.2222222222222223,1.1904761904761905,0.9047619047619048,0.0,1.3333333333333333,1.7,1.5238095238095237,1.255813953488372,1.6842105263157894
9323,0.1111111111111111,1.2222222222222223,1.1904761904761905,0.9047619047619048,0.0,1.3333333333333333,1.7,1.5238095238095237,1.255813953488372,1.6842105263157894,0.0
9324,1.2222222222222223,1.1904761904761905,0.9047619047619048,0.0,1.3333333333333333,1.7,1.5238095238095237,1.255813953488372,1.6842105263157894,0.0,1.3076923076923077
9325,1.1904761904761905,0.9047619047619048,0.0,1.3333333333333333,1.7,1.5238095238095237,1.255813953488372,1.6842105263157894,0.0,1.3076923076923077,0.5
9326,0.9047619047619048,0.0,1.3333333333333333,1.7,1.5238095238095237,1.255813953488372,1.6842105263157894,0.0,1.3076923076923077,0.5,0.6666666666666666
9327,0.0,1.3333333333333333,1.7,1.5238095238095237,1.255813953488372,1.6842105263157894,0.0,1.3076923076923077,0.5,0.6666666666666666,1.7818181818181817
9328,1.3333333333333333,1.7,1.5238095238095237,1.255813953488372,1.6842105263157894,0.0,1.3076923076923077,0.5,0.6666666666666666,1.7818181818181817,0.9
9329,1.7,1.5238095238095237,1.255813953488372,1.6842105263157894,0.0,1.3076923076923077,0.5,0.6666666666666666,1.7818181818181817,0.9,0.0
9330,1.5238095238095237,1.255813953488372,1.6842105263157894,0.0,1.3076923076923077,0.5,0.6666666666666666,1.7818181818181817,0.9,0.0,1.2272727272727273
9331,1.255813953488372,1.6842105263157894,0.0,1.3076923076923077,0.5,0.6666666666666666,1.7818181818181817,0.9,0.0,1.2272727272727273,1.4705882352941178
9332,1.6842105263157894,0.0,1.3076923076923077,0.5,0.6666666666666666,1.7818181818181817,0.9,0.0,1.2272727272727273,1.4705882352941178,1.3333333333333333
9333,0.0,1.3076923076923077,0.5,0.6666666666666666,1.7818181818181817,0.9,0.0,1.2272727272727273,1.4705882352941178,1.3333333333333333,1.588235294117647
9334,1.3076923076923077,0.5,0.6666666666666666,1.7818181818181817,0.9,0.0,1.2272727272727273,1.4705882352941178,1.3333333333333333,1.588235294117647,1.24
9335,0.5,0.6666666666666666,1.7818181818181817,0.9,0.0,1.2272727272727273,1.4705882352941178,1.3333333333333333,1.588235294117647,1.24,0.8095238095238095
9336,0.6666666666666666,1.7818181818181817,0.9,0.0,1.2272727272727273,1.4705882352941178,1.3333333333333333,1.588235294117647,1.24,0.8095238095238095,1.1666666666666667
9337,1.7818181818181817,0.9,0.0,1.2272727272727273,1.4705882352941178,1.3333333333333333,1.588235294117647,1.24,0.8095238095238095,1.1666666666666667,1.0769230769230769
9338,0.9,0.0,1.2272727272727273,1.4705882352941178,1.3333333333333333,1.588235294117647,1.24,0.8095238095238095,1.1666666666666667,1.0769230769230769,1.380952380952381
9339,0.0,1.2272727272727273,1.4705882352941178,1.3333333333333333,1.588235294117647,1.24,0.8095238095238095,1.1666666666666667,1.0769230769230769,1.380952380952381,1.5714285714285714
9340,1.2272727272727273,1.4705882352941178,1.3333333333333333,1.588235294117647,1.24,0.8095238095238095,1.1666666666666667,1.0769230769230769,1.380952380952381,1.5714285714285714,0.6666666666666666
9341,1.4705882352941178,1.3333333333333333,1.588235294117647,1.24,0.8095238095238095,1.1666666666666667,1.0769230769230769,1.380952380952381,1.5714285714285714,0.6666666666666666,0.8
9342,1.3333333333333333,1.588235294117647,1.24,0.8095238095238095,1.1666666666666667,1.0769230769230769,1.380952380952381,1.5714285714285714,0.6666666666666666,0.8,1.4
9343,1.588235294117647,1.24,0.8095238095238095,1.1666666666666667,1.0769230769230769,1.380952380952381,1.5714285714285714,0.6666666666666666,0.8,1.4,0.5714285714285714
9344,1.24,0.8095238095238095,1.1666666666666667,1.0769230769230769,1.380952380952381,1.5714285714285714,0.6666666666666666,0.8,1.4,0.5714285714285714,2.2222222222222223
9345,0.8095238095238095,1.1666666666666667,1.0769230769230769,1.380952380952381,1.5714285714285714,0.6666666666666666,0.8,1.4,0.5714285714285714,2.2222222222222223,1.0434782608695652
9346,1.1666666666666667,1.0769230769230769,1.380952380952381,1.5714285714285714,0.6666666666666666,0.8,1.4,0.5714285714285714,2.2222222222222223,1.0434782608695652,1.2
9347,1.0769230769230769,1.380952380952381,1.5714285714285714,0.6666666666666666,0.8,1.4,0.5714285714285714,2.2222222222222223,1.0434782608695652,1.2,2.0
9348,1.380952380952381,1.5714285714285714,0.6666666666666666,0.8,1.4,0.5714285714285714,2.2222222222222223,1.0434782608695652,1.2,2.0,0.7777777777777778
9349,1.5714285714285714,0.6666666666666666,0.8,1.4,0.5714285714285714,2.2222222222222223,1.0434782608695652,1.2,2.0,0.7777777777777778,1.65625
9350,0.6666666666666666,0.8,1.4,0.5714285714285714,2.2222222222222223,1.0434782608695652,1.2,2.0,0.7777777777777778,1.65625,1.6111111111111112
9351,0.8,1.4,0.5714285714285714,2.2222222222222223,1.0434782608695652,1.2,2.0,0.7777777777777778,1.65625,1.6111111111111112,0.2
9352,1.4,0.5714285714285714,2.2222222222222223,1.0434782608695652,1.2,2.0,0.7777777777777778,1.65625,1.6111111111111112,0.2,1.3333333333333333
9353,0.5714285714285714,2.2222222222222223,1.0434782608695652,1.2,2.0,0.7777777777777778,1.65625,1.6111111111111112,0.2,1.3333333333333333,0.625
9354,2.2222222222222223,1.0434782608695652,1.2,2.0,0.7777777777777778,1.65625,1.6111111111111112,0.2,1.3333333333333333,0.625,1.5909090909090908
9355,1.0434782608695652,1.2,2.0,0.7777777777777778,1.65625,1.6111111111111112,0.2,1.3333333333333333,0.625,1.5909090909090908,2.875
9356,1.2,2.0,0.7777777777777778,1.65625,1.6111111111111112,0.2,1.3333333333333333,0.625,1.5909090909090908,2.875,1.826086956521739
9357,2.0,0.7777777777777778,1.65625,1.6111111111111112,0.2,1.3333333333333333,0.625,1.5909090909090908,2.875,1.826086956521739,0.3333333333333333
9358,0.7777777777777778,1.65625,1.6111111111111112,0.2,1.3333333333333333,0.625,1.5909090909090908,2.875,1.826086956521739,0.3333333333333333,1.0
9359,1.65625,1.6111111111111112,0.2,1.3333333333333333,0.625,1.5909090909090908,2.875,1.826086956521739,0.3333333333333333,1.0,1.7906976744186047
9360,1.6111111111111112,0.2,1.3333333333333333,0.625,1.5909090909090908,2.875,1.826086956521739,0.3333333333333333,1.0,1.7906976744186047,1.56
9361,0.2,1.3333333333333333,0.625,1.5909090909090908,2.875,1.826086956521739,0.3333333333333333,1.0,1.7906976744186047,1.56,0.4
9362,1.3333333333333333,0.625,1.5909090909090908,2.875,1.826086956521739,0.3333333333333333,1.0,1.7906976744186047,1.56,0.4,1.2708333333333333
9363,0.625,1.5909090909090908,2.875,1.826086956521739,0.3333333333333333,1.0,1.7906976744186047,1.56,0.4,1.2708333333333333,1.196078431372549
9364,1.5909090909090908,2.875,1.826086956521739,0.3333333333333333,1.0,1.7906976744186047,1.56,0.4,1.2708333333333333,1.196078431372549,1.0833333333333333
9365,2.875,1.826086956521739,0.3333333333333333,1.0,1.7906976744186047,1.56,0.4,1.2708333333333333,1.196078431372549,1.0833333333333333,1.4375
9366,1.826086956521739,0.3333333333333333,1.0,1.7906976744186047,1.56,0.4,1.2708333333333333,1.196078431372549,1.0833333333333333,1.4375,1.6666666666666667
9367,0.3333333333333333,1.0,1.7906976744186047,1.56,0.4,1.2708333333333333,1.196078431372549,1.0833333333333333,1.4375,1.6666666666666667,1.6285714285714286
9368,1.0,1.7906976744186047,1.56,0.4,1.2708333333333333,1.196078431372549,1.0833333333333333,1.4375,1.6666666666666667,1.6285714285714286,0.4444444444444444
9369,1.7906976744186047,1.56,0.4,1.2708333333333333,1.196078431372549,1.0833333333333333,1.4375,1.6666666666666667,1.6285714285714286,0.4444444444444444,1.457142857142857
9370,1.56,0.4,1.2708333333333333,1.196078431372549,1.0833333333333333,1.4375,1.6666666666666667,1.6285714285714286,0.4444444444444444,1.457142857142857,0.5
9371,0.4,1.2708333333333333,1.196078431372549,1.0833333333333333,1.4375,1.6666666666666667,1.6285714285714286,0.4444444444444444,1.457142857142857,0.5,0.6666666666666666
9372,1.2708333333333333,1.196078431372549,1.0833333333333333,1.4375,1.6666666666666667,1.6285714285714286,0.4444444444444444,1.457142857142857,0.5,0.6666666666666666,0.5
9373,1.196078431372549,1.0833333333333333,1.4375,1.6666666666666667,1.6285714285714286,0.4444444444444444,1.457142857142857,0.5,0.6666666666666666,0.5,0.5
9374,1.0833333333333333,1.4375,1.6666666666666667,1.6285714285714286,0.4444444444444444,1.457142857142857,0.5,0.6666666666666666,0.5,0.5,1.2142857142857142
9375,1.4375,1.6666666666666667,1.6285714285714286,0.4444444444444444,1.457142857142857,0.5,0.6666666666666666,0.5,0.5,1.2142857142857142,1.5862068965517242
9376,1.6666666666666667,1.6285714285714286,0.4444444444444444,1.457142857142857,0.5,0.6666666666666666,0.5,0.5,1.2142857142857142,1.5862068965517242,1.4857142857142858
9377,1.6285714285714286,0.4444444444444444,1.457142857142857,0.5,0.6666666666666666,0.5,0.5,1.2142857142857142,1.5862068965517242,1.4857142857142858,1.125
9378,0.4444444444444444,1.457142857142857,0.5,0.6666666666666666,0.5,0.5,1.2142857142857142,1.5862068965517242,1.4857142857142858,1.125,1.0
9379,1.457142857142857,0.5,0.6666666666666666,0.5,0.5,1.2142857142857142,1.5862068965517242,1.4857142857142858,1.125,1.0,1.6428571428571428
9380,0.5,0.6666666666666666,0.5,0.5,1.2142857142857142,1.5862068965517242,1.4857142857142858,1.125,1.0,1.6428571428571428,1.9523809523809523
9381,0.6666666666666666,0.5,0.5,1.2142857142857142,1.5862068965517242,1.4857142857142858,1.125,1.0,1.6428571428571428,1.9523809523809523,0.0
9382,0.5,0.5,1.2142857142857142,1.5862068965517242,1.4857142857142858,1.125,1.0,1.6428571428571428,1.9523809523809523,0.0,0.25
9383,0.5,1.2142857142857142,1.5862068965517242,1.4857142857142858,1.125,1.0,1.6428571428571428,1.9523809523809523,0.0,0.25,1.7272727272727273
9384,1.2142857142857142,1.5862068965517242,1.4857142857142858,1.125,1.0,1.6428571428571428,1.9523809523809523,0.0,0.25,1.7272727272727273,1.6363636363636365
9385,1.5862068965517242,1.4857142857142858,1.125,1.0,1.6428571428571428,1.9523809523809523,0.0,0.25,1.7272727272727273,1.6363636363636365,1.263157894736842
9386,1.4857142857142858,1.125,1.0,1.6428571428571428,1.9523809523809523,0.0,0.25,1.7272727272727273,1.6363636363636365,1.263157894736842,1.1153846153846154
9387,1.125,1.0,1.6428571428571428,1.9523809523809523,0.0,0.25,1.7272727272727273,1.6363636363636365,1.263157894736842,1.1153846153846154,1.2424242424242424
9388,1.0,1.6428571428571428,1.9523809523809523,0.0,0.25,1.7272727272727273,1.6363636363636365,1.263157894736842,1.1153846153846154,1.2424242424242424,1.2
9389,1.6428571428571428,1.9523809523809523,0.0,0.25,1.7272727272727273,1.6363636363636365,1.263157894736842,1.1153846153846154,1.2424242424242424,1.2,1.875
9390,1.9523809523809523,0.0,0.25,1.7272727272727273,1.6363636363636365,1.263157894736842,1.1153846153846154,1.2424242424242424,1.2,1.875,1.4285714285714286
9391,0.0,0.25,1.7272727272727273,1.6363636363636365,1.263157894736842,1.1153846153846154,1.2424242424242424,1.2,1.875,1.4285714285714286,1.1818181818181819
9392,0.25,1.7272727272727273,1.6363636363636365,1.263157894736842,1.1153846153846154,1.2424242424242424,1.2,1.875,1.4285714285714286,1.1818181818181819,1.3846153846153846
9393,1.7272727272727273,1.6363636363636365,1.263157894736842,1.1153846153846154,1.2424242424242424,1.2,1.875,1.4285714285714286,1.1818181818181819,1.3846153846153846,1.7142857142857142
9394,1.6363636363636365,1.263157894736842,1.1153846153846154,1.2424242424242424,1.2,1.875,1.4285714285714286,1.1818181818181819,1.3846153846153846,1.7142857142857142,0.0
9395,1.263157894736842,1.1153846153846154,1.2424242424242424,1.2,1.875,1.4285714285714286,1.1818181818181819,1.3846153846153846,1.7142857142857142,0.0,0.0
9396,1.1153846153846154,1.2424242424242424,1.2,1.875,1.4285714285714286,1.1818181818181819,1.3846153846153846,1.7142857142857142,0.0,0.0,1.4827586206896552
9397,1.2424242424242424,1.2,1.875,1.4285714285714286,1.1818181818181819,1.3846153846153846,1.7142857142857142,0.0,0.0,1.4827586206896552,1.0
9398,1.2,1.875,1.4285714285714286,1.1818181818181819,1.3846153846153846,1.7142857142857142,0.0,0.0,1.4827586206896552,1.0,1.4736842105263157
9399,1.875,1.4285714285714286,1.1818181818181819,1.3846153846153846,1.7142857142857142,0.0,0.0,1.4827586206896552,1.0,1.4736842105263157,0.6666666666666666
9400,1.4285714285714286,1.1818181818181819,1.3846153846153846,1.7142857142857142,0.0,0.0,1.4827586206896552,1.0,1.4736842105263157,0.6666666666666666,1.255813953488372
9401,1.1818181818181819,1.3846153846153846,1.7142857142857142,0.0,0.0,1.4827586206896552,1.0,1.4736842105263157,0.6666666666666666,1.255813953488372,1.5957446808510638
9402,1.3846153846153846,1.7142857142857142,0.0,0.0,1.4827586206896552,1.0,1.4736842105263157,0.6666666666666666,1.255813953488372,1.5957446808510638,0.5
9403,1.7142857142857142,0.0,0.0,1.4827586206896552,1.0,1.4736842105263157,0.6666666666666666,1.255813953488372,1.5957446808510638,0.5,1.1923076923076923
9404,0.0,0.0,1.4827586206896552,1.0,1.4736842105263157,0.6666666666666666,1.255813953488372,1.5957446808510638,0.5,1.1923076923076923,0.8333333333333334
9405,0.0,1.4827586206896552,1.0,1.4736842105263157,0.6666666666666666,1.255813953488372,1.5957446808510638,0.5,1.1923076923076923,0.8333333333333334,1.6923076923076923
9406,1.4827586206896552,1.0,1.4736842105263157,0.6666666666666666,1.255813953488372,1.5957446808510638,0.5,1.1923076923076923,0.8333333333333334,1.6923076923076923,1.3333333333333333
9407,1.0,1.4736842105263157,0.6666666666666666,1.255813953488372,1.5957446808510638,0.5,1.1923076923076923,0.8333333333333334,1.6923076923076923,1.3333333333333333,1.0666666666666667
9408,1.4736842105263157,0.6666666666666666,1.255813953488372,1.5957446808510638,0.5,1.1923076923076923,0.8333333333333334,1.6923076923076923,1.3333333333333333,1.0666666666666667,0.85
9409,0.6666666666666666,1.255813953488372,1.5957446808510638,0.5,1.1923076923076923,0.8333333333333334,1.6923076923076923,1.3333333333333333,1.0666666666666667,0.85,1.0
9410,1.255813953488372,1.5957446808510638,0.5,1.1923076923076923,0.8333333333333334,1.6923076923076923,1.3333333333333333,1.0666666666666667,0.85,1.0,1.5833333333333333
9411,1.5957446808510638,0.5,1.1923076923076923,0.8333333333333334,1.6923076923076923,1.3333333333333333,1.0666666666666667,0.85,1.0,1.5833333333333333,0.5
9412,0.5,1.1923076923076923,0.8333333333333334,1.6923076923076923,1.3333333333333333,1.0666666666666667,0.85,1.0,1.5833333333333333,0.5,1.394736842105263
9413,1.1923076923076923,0.8333333333333334,1.6923076923076923,1.3333333333333333,1.0666666666666667,0.85,1.0,1.5833333333333333,0.5,1.394736842105263,0.7142857142857143
9414,0.8333333333333334,1.6923076923076923,1.3333333333333333,1.0666666666666667,0.85,1.0,1.5833333333333333,0.5,1.394736842105263,0.7142857142857143,0.7142857142857143
9415,1.6923076923076923,1.3333333333333333,1.0666666666666667,0.85,1.0,1.5833333333333333,0.5,1.394736842105263,0.7142857142857143,0.7142857142857143,0.5714285714285714
9416,1.3333333333333333,1.0666666666666667,0.85,1.0,1.5833333333333333,0.5,1.394736842105263,0.7142857142857143,0.7142857142857143,0.5714285714285714,1.5
9417,1.0666666666666667,0.85,1.0,1.5833333333333333,0.5,1.394736842105263,0.7142857142857143,0.7142857142857143,0.5714285714285714,1.5,0.8888888888888888
9418,0.85,1.0,1.5833333333333333,0.5,1.394736842105263,0.7142857142857143,0.7142857142857143,0.5714285714285714,1.5,0.8888888888888888,1.2
9419,1.0,1.5833333333333333,0.5,1.394736842105263,0.7142857142857143,0.7142857142857143,0.5714285714285714,1.5,0.8888888888888888,1.2,0.5
9420,1.5833333333333333,0.5,1.394736842105263,0.7142857142857143,0.7142857142857143,0.5714285714285714,1.5,0.8888888888888888,1.2,0.5,0.6
9421,0.5,1.394736842105263,0.7142857142857143,0.7142857142857143,0.5714285714285714,1.5,0.8888888888888888,1.2,0.5,0.6,0.6666666666666666
9422,1.394736842105263,0.7142857142857143,0.7142857142857143,0.5714285714285714,1.5,0.8888888888888888,1.2,0.5,0.6,0.6666666666666666,1.3333333333333333
9423,0.7142857142857143,0.7142857142857143,0.5714285714285714,1.5,0.8888888888888888,1.2,0.5,0.6,0.6666666666666666,1.3333333333333333,0.8823529411764706
9424,0.7142857142857143,0.5714285714285714,1.5,0.8888888888888888,1.2,0.5,0.6,0.6666666666666666,1.3333333333333333,0.8823529411764706,1.6470588235294117
9425,0.5714285714285714,1.5,0.8888888888888888,1.2,0.5,0.6,0.6666666666666666,1.3333333333333333,0.8823529411764706,1.6470588235294117,1.3
9426,1.5,0.8888888888888888,1.2,0.5,0.6,0.6666666666666666,1.3333333333333333,0.8823529411764706,1.6470588235294117,1.3,0.9523809523809523
9427,0.8888888888888888,1.2,0.5,0.6,0.6666666666666666,1.3333333333333333,0.8823529411764706,1.6470588235294117,1.3,0.9523809523809523,1.4444444444444444
9428,1.2,0.5,0.6,0.6666666666666666,1.3333333333333333,0.8823529411764706,1.6470588235294117,1.3,0.9523809523809523,1.4444444444444444,1.25
9429,0.5,0.6,0.6666666666666666,1.3333333333333333,0.8823529411764706,1.6470588235294117,1.3,0.9523809523809523,1.4444444444444444,1.25,1.4615384615384615
9430,0.6,0.6666666666666666,1.3333333333333333,0.8823529411764706,1.6470588235294117,1.3,0.9523809523809523,1.4444444444444444,1.25,1.4615384615384615,1.2941176470588236
9431,0.6666666666666666,1.3333333333333333,0.8823529411764706,1.6470588235294117,1.3,0.9523809523809523,1.4444444444444444,1.25,1.4615384615384615,1.2941176470588236,0.8
9432,1.3333333333333333,0.8823529411764706,1.6470588235294117,1.3,0.9523809523809523,1.4444444444444444,1.25,1.4615384615384615,1.2941176470588236,0.8,1.76
9433,0.8823529411764706,1.6470588235294117,1.3,0.9523809523809523,1.4444444444444444,1.25,1.4615384615384615,1.2941176470588236,0.8,1.76,1.3658536585365855
9434,1.6470588235294117,1.3,0.9523809523809523,1.4444444444444444,1.25,1.4615384615384615,1.2941176470588236,0.8,1.76,1.3658536585365855,1.7407407407407407
9435,1.3,0.9523809523809523,1.4444444444444444,1.25,1.4615384615384615,1.2941176470588236,0.8,1.76,1.3658536585365855,1.7407407407407407,1.2962962962962963
9436,0.9523809523809523,1.4444444444444444,1.25,1.4615384615384615,1.2941176470588236,0.8,1.76,1.3658536585365855,1.7407407407407407,1.2962962962962963,1.25
9437,1.4444444444444444,1.25,1.4615384615384615,1.2941176470588236,0.8,1.76,1.3658536585365855,1.7407407407407407,1.2962962962962963,1.25,3.48
9438,1.25,1.4615384615384615,1.2941176470588236,0.8,1.76,1.3658536585365855,1.7407407407407407,1.2962962962962963,1.25,3.48,1.1666666666666667
9439,1.4615384615384615,1.2941176470588236,0.8,1.76,1.3658536585365855,1.7407407407407407,1.2962962962962963,1.25,3.48,1.1666666666666667,1.375
9440,1.2941176470588236,0.8,1.76,1.3658536585365855,1.7407407407407407,1.2962962962962963,1.25,3.48,1.1666666666666667,1.375,0.4
9441,0.8,1.76,1.3658536585365855,1.7407407407407407,1.2962962962962963,1.25,3.48,1.1666666666666667,1.375,0.4,0.9655172413793104
9442,1.76,1.3658536585365855,1.7407407407407407,1.2962962962962963,1.25,3.48,1.1666666666666667,1.375,0.4,0.9655172413793104,0.16666666666666666
9443,1.3658536585365855,1.7407407407407407,1.2962962962962963,1.25,3.48,1.1666666666666667,1.375,0.4,0.9655172413793104,0.16666666666666666,1.4333333333333333
9444,1.7407407407407407,1.2962962962962963,1.25,3.48,1.1666666666666667,1.375,0.4,0.9655172413793104,0.16666666666666666,1.4333333333333333,1.1764705882352942
9445,1.2962962962962963,1.25,3.48,1.1666666666666667,1.375,0.4,0.9655172413793104,0.16666666666666666,1.4333333333333333,1.1764705882352942,1.8867924528301887
9446,1.25,3.48,1.1666666666666667,1.375,0.4,0.9655172413793104,0.16666666666666666,1.4333333333333333,1.1764705882352942,1.8867924528301887,0.8823529411764706
9447,3.48,1.1666666666666667,1.375,0.4,0.9655172413793104,0.16666666666666666,1.4333333333333333,1.1764705882352942,1.8867924528301887,0.8823529411764706,1.4
9448,1.1666666666666667,1.375,0.4,0.9655172413793104,0.16666666666666666,1.4333333333333333,1.1764705882352942,1.8867924528301887,0.8823529411764706,1.4,1.1333333333333333
9449,1.375,0.4,0.9655172413793104,0.16666666666666666,1.4333333333333333,1.1764705882352942,1.8867924528301887,0.8823529411764706,1.4,1.1333333333333333,0.875
9450,0.4,0.9655172413793104,0.16666666666666666,1.4333333333333333,1.1764705882352942,1.8867924528301887,0.8823529411764706,1.4,1.1333333333333333,0.875,1.5961538461538463
9451,0.9655172413793104,0.16666666666666666,1.4333333333333333,1.1764705882352942,1.8867924528301887,0.8823529411764706,1.4,1.1333333333333333,0.875,1.5961538461538463,1.0625
9452,0.16666666666666666,1.4333333333333333,1.1764705882352942,1.8867924528301887,0.8823529411764706,1.4,1.1333333333333333,0.875,1.5961538461538463,1.0625,1.0526315789473684
9453,1.4333333333333333,1.1764705882352942,1.8867924528301887,0.8823529411764706,1.4,1.1333333333333333,0.875,1.5961538461538463,1.0625,1.0526315789473684,1.5294117647058822
9454,1.1764705882352942,1.8867924528301887,0.8823529411764706,1.4,1.1333333333333333,0.875,1.5961538461538463,1.0625,1.0526315789473684,1.5294117647058822,1.6176470588235294
9455,1.8867924528301887,0.8823529411764706,1.4,1.1333333333333333,0.875,1.5961538461538463,1.0625,1.0526315789473684,1.5294117647058822,1.6176470588235294,1.6
9456,0.8823529411764706,1.4,1.1333333333333333,0.875,1.5961538461538463,1.0625,1.0526315789473684,1.5294117647058822,1.6176470588235294,1.6,1.6428571428571428
9457,1.4,1.1333333333333333,0.875,1.5961538461538463,1.0625,1.0526315789473684,1.5294117647058822,1.6176470588235294,1.6,1.6428571428571428,1.7037037037037037
9458,1.1333333333333333,0.875,1.5961538461538463,1.0625,1.0526315789473684,1.5294117647058822,1.6176470588235294,1.6,1.6428571428571428,1.7037037037037037,1.2857142857142858
9459,0.875,1.5961538461538463,1.0625,1.0526315789473684,1.5294117647058822,1.6176470588235294,1.6,1.6428571428571428,1.7037037037037037,1.2857142857142858,1.1379310344827587
9460,1.5961538461538463,1.0625,1.0526315789473684,1.5294117647058822,1.6176470588235294,1.6,1.6428571428571428,1.7037037037037037,1.2857142857142858,1.1379310344827587,0.4444444444444444
9461,1.0625,1.0526315789473684,1.5294117647058822,1.6176470588235294,1.6,1.6428571428571428,1.7037037037037037,1.2857142857142858,1.1379310344827587,0.4444444444444444,1.9210526315789473
9462,1.0526315789473684,1.5294117647058822,1.6176470588235294,1.6,1.6428571428571428,1.7037037037037037,1.2857142857142858,1.1379310344827587,0.4444444444444444,1.9210526315789473,1.0
9463,1.5294117647058822,1.6176470588235294,1.6,1.6428571428571428,1.7037037037037037,1.2857142857142858,1.1379310344827587,0.4444444444444444,1.9210526315789473,1.0,2.4615384615384617
9464,1.6176470588235294,1.6,1.6428571428571428,1.7037037037037037,1.2857142857142858,1.1379310344827587,0.4444444444444444,1.9210526315789473,1.0,2.4615384615384617,1.0526315789473684
9465,1.6,1.6428571428571428,1.7037037037037037,1.2857142857142858,1.1379310344827587,0.4444444444444444,1.9210526315789473,1.0,2.4615384615384617,1.0526315789473684,1.36
9466,0.3333333333333333,1.625,1.0,1.4545454545454546,1.125,0.8947368421052632,1.5,0.9285714285714286,0.8333333333333334,0.8,1.6774193548387097
9467,1.625,1.0,1.4545454545454546,1.125,0.8947368421052632,1.5,0.9285714285714286,0.8333333333333334,0.8,1.6774193548387097,2.3157894736842106
9468,1.0,1.4545454545454546,1.125,0.8947368421052632,1.5,0.9285714285714286,0.8333333333333334,0.8,1.6774193548387097,2.3157894736842106,0.0
9469,1.4545454545454546,1.125,0.8947368421052632,1.5,0.9285714285714286,0.8333333333333334,0.8,1.6774193548387097,2.3157894736842106,0.0,1.125
9470,1.125,0.8947368421052632,1.5,0.9285714285714286,0.8333333333333334,0.8,1.6774193548387097,2.3157894736842106,0.0,1.125,2.6666666666666665
9471,0.8947368421052632,1.5,0.9285714285714286,0.8333333333333334,0.8,1.6774193548387097,2.3157894736842106,0.0,1.125,2.6666666666666665,1.3571428571428572
9472,1.5,0.9285714285714286,0.8333333333333334,0.8,1.6774193548387097,2.3157894736842106,0.0,1.125,2.6666666666666665,1.3571428571428572,1.7037037037037037
9473,0.9285714285714286,0.8333333333333334,0.8,1.6774193548387097,2.3157894736842106,0.0,1.125,2.6666666666666665,1.3571428571428572,1.7037037037037037,1.1764705882352942
9474,0.8333333333333334,0.8,1.6774193548387097,2.3157894736842106,0.0,1.125,2.6666666666666665,1.3571428571428572,1.7037037037037037,1.1764705882352942,0.4857142857142857
9475,0.8,1.6774193548387097,2.3157894736842106,0.0,1.125,2.6666666666666665,1.3571428571428572,1.7037037037037037,1.1764705882352942,0.4857142857142857,0.7857142857142857
9476,1.6774193548387097,2.3157894736842106,0.0,1.125,2.6666666666666665,1.3571428571428572,1.7037037037037037,1.1764705882352942,0.4857142857142857,0.7857142857142857,0.5
9477,2.3157894736842106,0.0,1.125,2.6666666666666665,1.3571428571428572,1.7037037037037037,1.1764705882352942,0.4857142857142857,0.7857142857142857,0.5,0.6
9478,0.0,1.125,2.6666666666666665,1.3571428571428572,1.7037037037037037,1.1764705882352942,0.4857142857142857,0.7857142857142857,0.5,0.6,1.1666666666666667
9479,1.125,2.6666666666666665,1.3571428571428572,1.7037037037037037,1.1764705882352942,0.4857142857142857,0.7857142857142857,0.5,0.6,1.1666666666666667,1.4285714285714286
9480,2.6666666666666665,1.3571428571428572,1.7037037037037037,1.1764705882352942,0.4857142857142857,0.7857142857142857,0.5,0.6,1.1666666666666667,1.4285714285714286,1.3333333333333333
9481,1.3571428571428572,1.7037037037037037,1.1764705882352942,0.4857142857142857,0.7857142857142857,0.5,0.6,1.1666666666666667,1.4285714285714286,1.3333333333333333,1.103448275862069
9482,1.7037037037037037,1.1764705882352942,0.4857142857142857,0.7857142857142857,0.5,0.6,1.1666666666666667,1.4285714285714286,1.3333333333333333,1.103448275862069,1.7916666666666667
9483,1.1764705882352942,0.4857142857142857,0.7857142857142857,0.5,0.6,1.1666666666666667,1.4285714285714286,1.3333333333333333,1.103448275862069,1.7916666666666667,0.9090909090909091
9484,0.4857142857142857,0.7857142857142857,0.5,0.6,1.1666666666666667,1.4285714285714286,1.3333333333333333,1.103448275862069,1.7916666666666667,0.9090909090909091,1.15
9485,0.7857142857142857,0.5,0.6,1.1666666666666667,1.4285714285714286,1.3333333333333333,1.103448275862069,1.7916666666666667,0.9090909090909091,1.15,0.0
9486,0.5,0.6,1.1666666666666667,1.4285714285714286,1.3333333333333333,1.103448275862069,1.7916666666666667,0.9090909090909091,1.15,0.0,2.090909090909091
9487,0.6,1.1666666666666667,1.4285714285714286,1.3333333333333333,1.103448275862069,1.7916666666666667,0.9090909090909091,1.15,0.0,2.090909090909091,0.0
9488,1.1666666666666667,1.4285714285714286,1.3333333333333333,1.103448275862069,1.7916666666666667,0.9090909090909091,1.15,0.0,2.090909090909091,0.0,0.5
9489,1.4285714285714286,1.3333333333333333,1.103448275862069,1.7916666666666667,0.9090909090909091,1.15,0.0,2.090909090909091,0.0,0.5,1.2916666666666667
9490,1.3333333333333333,1.103448275862069,1.7916666666666667,0.9090909090909091,1.15,0.0,2.090909090909091,0.0,0.5,1.2916666666666667,0.8846153846153846
9491,1.103448275862069,1.7916666666666667,0.9090909090909091,1.15,0.0,2.090909090909091,0.0,0.5,1.2916666666666667,0.8846153846153846,0.0
9492,1.7916666666666667,0.9090909090909091,1.15,0.0,2.090909090909091,0.0,0.5,1.2916666666666667,0.8846153846153846,0.0,1.3666666666666667
9493,0.9090909090909091,1.15,0.0,2.090909090909091,0.0,0.5,1.2916666666666667,0.8846153846153846,0.0,1.3666666666666667,1.8157894736842106
9494,1.15,0.0,2.090909090909091,0.0,0.5,1.2916666666666667,0.8846153846153846,0.0,1.3666666666666667,1.8157894736842106,1.1111111111111112
9495,0.0,2.090909090909091,0.0,0.5,1.2916666666666667,0.8846153846153846,0.0,1.3666666666666667,1.8157894736842106,1.1111111111111112,0.7727272727272727
9496,2.090909090909091,0.0,0.5,1.2916666666666667,0.8846153846153846,0.0,1.3666666666666667,1.8157894736842106,1.1111111111111112,0.7727272727272727,0.0
9497,0.0,0.5,1.2916666666666667,0.8846153846153846,0.0,1.3666666666666667,1.8157894736842106,1.1111111111111112,0.7727272727272727,0.0,1.0689655172413792
9498,0.5,1.2916666666666667,0.8846153846153846,0.0,1.3666666666666667,1.8157894736842106,1.1111111111111112,0.7727272727272727,0.0,1.0689655172413792,1.2173913043478262
9499,1.2916666666666667,0.8846153846153846,0.0,1.3666666666666667,1.8157894736842106,1.1111111111111112,0.7727272727272727,0.0,1.0689655172413792,1.2173913043478262,2.0
9500,0.8846153846153846,0.0,1.3666666666666667,1.8157894736842106,1.1111111111111112,0.7727272727272727,0.0,1.0689655172413792,1.2173913043478262,2.0,1.5
9501,0.0,1.3666666666666667,1.8157894736842106,1.1111111111111112,0.7727272727272727,0.0,1.0689655172413792,1.2173913043478262,2.0,1.5,1.3333333333333333
9502,1.3666666666666667,1.8157894736842106,1.1111111111111112,0.7727272727272727,0.0,1.0689655172413792,1.2173913043478262,2.0,1.5,1.3333333333333333,1.6666666666666667
9503,1.8157894736842106,1.1111111111111112,0.7727272727272727,0.0,1.0689655172413792,1.2173913043478262,2.0,1.5,1.3333333333333333,1.6666666666666667,1.1111111111111112
9504,1.1111111111111112,0.7727272727272727,0.0,1.0689655172413792,1.2173913043478262,2.0,1.5,1.3333333333333333,1.6666666666666667,1.1111111111111112,1.1428571428571428
9505,0.7727272727272727,0.0,1.0689655172413792,1.2173913043478262,2.0,1.5,1.3333333333333333,1.6666666666666667,1.1111111111111112,1.1428571428571428,1.303030303030303
9506,0.0,1.0689655172413792,1.2173913043478262,2.0,1.5,1.3333333333333333,1.6666666666666667,1.1111111111111112,1.1428571428571428,1.303030303030303,0.5
9507,1.0689655172413792,1.2173913043478262,2.0,1.5,1.3333333333333333,1.6666666666666667,1.1111111111111112,1.1428571428571428,1.303030303030303,0.5,0.75
9508,1.2173913043478262,2.0,1.5,1.3333333333333333,1.6666666666666667,1.1111111111111112,1.1428571428571428,1.303030303030303,0.5,0.75,0.8181818181818182
9509,2.0,1.5,1.3333333333333333,1.6666666666666667,1.1111111111111112,1.1428571428571428,1.303030303030303,0.5,0.75,0.8181818181818182,1.6363636363636365
9510,1.5,1.3333333333333333,1.6666666666666667,1.1111111111111112,1.1428571428571428,1.303030303030303,0.5,0.75,0.8181818181818182,1.6363636363636365,1.5
9511,1.3333333333333333,1.6666666666666667,1.1111111111111112,1.1428571428571428,1.303030303030303,0.5,0.75,0.8181818181818182,1.6363636363636365,1.5,2.6666666666666665
9512,1.6666666666666667,1.1111111111111112,1.1428571428571428,1.303030303030303,0.5,0.75,0.8181818181818182,1.6363636363636365,1.5,2.6666666666666665,0.5
9513,1.1111111111111112,1.1428571428571428,1.303030303030303,0.5,0.75,0.8181818181818182,1.6363636363636365,1.5,2.6666666666666665,0.5,1.0
9514,1.1428571428571428,1.303030303030303,0.5,0.75,0.8181818181818182,1.6363636363636365,1.5,2.6666666666666665,0.5,1.0,2.6666666666666665
9515,1.303030303030303,0.5,0.75,0.8181818181818182,1.6363636363636365,1.5,2.6666666666666665,0.5,1.0,2.6666666666666665,1.0769230769230769
9516,0.5,0.75,0.8181818181818182,1.6363636363636365,1.5,2.6666666666666665,0.5,1.0,2.6666666666666665,1.0769230769230769,1.2820512820512822
9517,0.75,0.8181818181818182,1.6363636363636365,1.5,2.6666666666666665,0.5,1.0,2.6666666666666665,1.0769230769230769,1.2820512820512822,0.5
9518,0.8181818181818182,1.6363636363636365,1.5,2.6666666666666665,0.5,1.0,2.6666666666666665,1.0769230769230769,1.2820512820512822,0.5,0.8666666666666667
9519,1.6363636363636365,1.5,2.6666666666666665,0.5,1.0,2.6666666666666665,1.0769230769230769,1.2820512820512822,0.5,0.8666666666666667,1.206896551724138
9520,1.5,2.6666666666666665,0.5,1.0,2.6666666666666665,1.0769230769230769,1.2820512820512822,0.5,0.8666666666666667,1.206896551724138,1.2666666666666666
9521,2.6666666666666665,0.5,1.0,2.6666666666666665,1.0769230769230769,1.2820512820512822,0.5,0.8666666666666667,1.206896551724138,1.2666666666666666,0.5
9522,0.5,1.0,2.6666666666666665,1.0769230769230769,1.2820512820512822,0.5,0.8666666666666667,1.206896551724138,1.2666666666666666,0.5,0.4
9523,1.0,2.6666666666666665,1.0769230769230769,1.2820512820512822,0.5,0.8666666666666667,1.206896551724138,1.2666666666666666,0.5,0.4,0.8333333333333334
9524,2.6666666666666665,1.0769230769230769,1.2820512820512822,0.5,0.8666666666666667,1.206896551724138,1.2666666666666666,0.5,0.4,0.8333333333333334,1.4285714285714286
9525,1.0769230769230769,1.2820512820512822,0.5,0.8666666666666667,1.206896551724138,1.2666666666666666,0.5,0.4,0.8333333333333334,1.4285714285714286,0.0
9526,1.2820512820512822,0.5,0.8666666666666667,1.206896551724138,1.2666666666666666,0.5,0.4,0.8333333333333334,1.4285714285714286,0.0,1.9090909090909092
9527,0.5,0.8666666666666667,1.206896551724138,1.2666666666666666,0.5,0.4,0.8333333333333334,1.4285714285714286,0.0,1.9090909090909092,1.3125
9528,0.8666666666666667,1.206896551724138,1.2666666666666666,0.5,0.4,0.8333333333333334,1.4285714285714286,0.0,1.9090909090909092,1.3125,1.2
9529,1.206896551724138,1.2666666666666666,0.5,0.4,0.8333333333333334,1.4285714285714286,0.0,1.9090909090909092,1.3125,1.2,1.0
9530,1.2666666666666666,0.5,0.4,0.8333333333333334,1.4285714285714286,0.0,1.9090909090909092,1.3125,1.2,1.0,2.090909090909091
9531,0.5,0.4,0.8333333333333334,1.4285714285714286,0.0,1.9090909090909092,1.3125,1.2,1.0,2.090909090909091,1.4210526315789473
9532,0.4,0.8333333333333334,1.4285714285714286,0.0,1.9090909090909092,1.3125,1.2,1.0,2.090909090909091,1.4210526315789473,0.7857142857142857
9533,0.8333333333333334,1.4285714285714286,0.0,1.9090909090909092,1.3125,1.2,1.0,2.090909090909091,1.4210526315789473,0.7857142857142857,0.0
9534,1.4285714285714286,0.0,1.9090909090909092,1.3125,1.2,1.0,2.090909090909091,1.4210526315789473,0.7857142857142857,0.0,1.4137931034482758
9535,0.0,1.9090909090909092,1.3125,1.2,1.0,2.090909090909091,1.4210526315789473,0.7857142857142857,0.0,1.4137931034482758,0.68
9536,1.9090909090909092,1.3125,1.2,1.0,2.090909090909091,1.4210526315789473,0.7857142857142857,0.0,1.4137931034482758,0.68,0.8181818181818182
9537,1.3125,1.2,1.0,2.090909090909091,1.4210526315789473,0.7857142857142857,0.0,1.4137931034482758,0.68,0.8181818181818182,0.8888888888888888
9538,1.2,1.0,2.090909090909091,1.4210526315789473,0.7857142857142857,0.0,1.4137931034482758,0.68,0.8181818181818182,0.8888888888888888,1.3181818181818181
9539,1.0,2.090909090909091,1.4210526315789473,0.7857142857142857,0.0,1.4137931034482758,0.68,0.8181818181818182,0.8888888888888888,1.3181818181818181,1.04
9540,2.090909090909091,1.4210526315789473,0.7857142857142857,0.0,1.4137931034482758,0.68,0.8181818181818182,0.8888888888888888,1.3181818181818181,1.04,1.0740740740740742
9541,1.4210526315789473,0.7857142857142857,0.0,1.4137931034482758,0.68,0.8181818181818182,0.8888888888888888,1.3181818181818181,1.04,1.0740740740740742,1.9
9542,0.7857142857142857,0.0,1.4137931034482758,0.68,0.8181818181818182,0.8888888888888888,1.3181818181818181,1.04,1.0740740740740742,1.9,1.5357142857142858
9543,0.0,1.4137931034482758,0.68,0.8181818181818182,0.8888888888888888,1.3181818181818181,1.04,1.0740740740740742,1.9,1.5357142857142858,1.0
9544,1.4137931034482758,0.68,0.8181818181818182,0.8888888888888888,1.3181818181818181,1.04,1.0740740740740742,1.9,1.5357142857142858,1.0,2.3
9545,0.68,0.8181818181818182,0.8888888888888888,1.3181818181818181,1.04,1.0740740740740742,1.9,1.5357142857142858,1.0,2.3,1.3846153846153846
9546,0.8181818181818182,0.8888888888888888,1.3181818181818181,1.04,1.0740740740740742,1.9,1.5357142857142858,1.0,2.3,1.3846153846153846,1.6666666666666667
9547,0.8888888888888888,1.3181818181818181,1.04,1.0740740740740742,1.9,1.5357142857142858,1.0,2.3,1.3846153846153846,1.6666666666666667,2.1739130434782608
9548,1.3181818181818181,1.04,1.0740740740740742,1.9,1.5357142857142858,1.0,2.3,1.3846153846153846,1.6666666666666667,2.1739130434782608,1.3225806451612903
9549,1.04,1.0740740740740742,1.9,1.5357142857142858,1.0,2.3,1.3846153846153846,1.6666666666666667,2.1739130434782608,1.3225806451612903,1.1818181818181819
9550,1.0740740740740742,1.9,1.5357142857142858,1.0,2.3,1.3846153846153846,1.6666666666666667,2.1739130434782608,1.3225806451612903,1.1818181818181819,1.368421052631579
9551,1.9,1.5357142857142858,1.0,2.3,1.3846153846153846,1.6666666666666667,2.1739130434782608,1.3225806451612903,1.1818181818181819,1.368421052631579,1.3333333333333333
9552,1.5357142857142858,1.0,2.3,1.3846153846153846,1.6666666666666667,2.1739130434782608,1.3225806451612903,1.1818181818181819,1.368421052631579,1.3333333333333333,0.5
9553,1.0,2.3,1.3846153846153846,1.6666666666666667,2.1739130434782608,1.3225806451612903,1.1818181818181819,1.368421052631579,1.3333333333333333,0.5,1.0
9554,2.3,1.3846153846153846,1.6666666666666667,2.1739130434782608,1.3225806451612903,1.1818181818181819,1.368421052631579,1.3333333333333333,0.5,1.0,1.3783783783783783
9555,1.3846153846153846,1.6666666666666667,2.1739130434782608,1.3225806451612903,1.1818181818181819,1.368421052631579,1.3333333333333333,0.5,1.0,1.3783783783783783,0.9047619047619048
9556,1.6666666666666667,2.1739130434782608,1.3225806451612903,1.1818181818181819,1.368421052631579,1.3333333333333333,0.5,1.0,1.3783783783783783,0.9047619047619048,0.6666666666666666
9557,2.1739130434782608,1.3225806451612903,1.1818181818181819,1.368421052631579,1.3333333333333333,0.5,1.0,1.3783783783783783,0.9047619047619048,0.6666666666666666,1.3846153846153846
9558,1.3225806451612903,1.1818181818181819,1.368421052631579,1.3333333333333333,0.5,1.0,1.3783783783783783,0.9047619047619048,0.6666666666666666,1.3846153846153846,1.5
9559,1.1818181818181819,1.368421052631579,1.3333333333333333,0.5,1.0,1.3783783783783783,0.9047619047619048,0.6666666666666666,1.3846153846153846,1.5,1.94
9560,1.368421052631579,1.3333333333333333,0.5,1.0,1.3783783783783783,0.9047619047619048,0.6666666666666666,1.3846153846153846,1.5,1.94,2.142857142857143
9561,1.3333333333333333,0.5,1.0,1.3783783783783783,0.9047619047619048,0.6666666666666666,1.3846153846153846,1.5,1.94,2.142857142857143,2.3333333333333335
9562,0.5,1.0,1.3783783783783783,0.9047619047619048,0.6666666666666666,1.3846153846153846,1.5,1.94,2.142857142857143,2.3333333333333335,0.3333333333333333
9563,1.0,1.3783783783783783,0.9047619047619048,0.6666666666666666,1.3846153846153846,1.5,1.94,2.142857142857143,2.3333333333333335,0.3333333333333333,1.0909090909090908
9564,1.3783783783783783,0.9047619047619048,0.6666666666666666,1.3846153846153846,1.5,1.94,2.142857142857143,2.3333333333333335,0.3333333333333333,1.0909090909090908,0.3333333333333333
9565,0.9047619047619048,0.6666666666666666,1.3846153846153846,1.5,1.94,2.142857142857143,2.3333333333333335,0.3333333333333333,1.0909090909090908,0.3333333333333333,1.3043478260869565
9566,0.6666666666666666,1.3846153846153846,1.5,1.94,2.142857142857143,2.3333333333333335,0.3333333333333333,1.0909090909090908,0.3333333333333333,1.3043478260869565,1.8125
9567,1.3846153846153846,1.5,1.94,2.142857142857143,2.3333333333333335,0.3333333333333333,1.0909090909090908,0.3333333333333333,1.3043478260869565,1.8125,0.75
9568,1.5,1.94,2.142857142857143,2.3333333333333335,0.3333333333333333,1.0909090909090908,0.3333333333333333,1.3043478260869565,1.8125,0.75,2.0
9569,1.94,2.142857142857143,2.3333333333333335,0.3333333333333333,1.0909090909090908,0.3333333333333333,1.3043478260869565,1.8125,0.75,2.0,0.5
9570,2.142857142857143,2.3333333333333335,0.3333333333333333,1.0909090909090908,0.3333333333333333,1.3043478260869565,1.8125,0.75,2.0,0.5,0.0
9571,2.3333333333333335,0.3333333333333333,1.0909090909090908,0.3333333333333333,1.3043478260869565,1.8125,0.75,2.0,0.5,0.0,2.4444444444444446
9572,0.3333333333333333,1.0909090909090908,0.3333333333333333,1.3043478260869565,1.8125,0.75,2.0,0.5,0.0,2.4444444444444446,0.7272727272727273
9573,1.0909090909090908,0.3333333333333333,1.3043478260869565,1.8125,0.75,2.0,0.5,0.0,2.4444444444444446,0.7272727272727273,1.6666666666666667
9574,0.3333333333333333,1.3043478260869565,1.8125,0.75,2.0,0.5,0.0,2.4444444444444446,0.7272727272727273,1.6666666666666667,1.0416666666666667
9575,1.3043478260869565,1.8125,0.75,2.0,0.5,0.0,2.4444444444444446,0.7272727272727273,1.6666666666666667,1.0416666666666667,2.0
9576,1.8125,0.75,2.0,0.5,0.0,2.4444444444444446,0.7272727272727273,1.6666666666666667,1.0416666666666667,2.0,1.4
9577,0.75,2.0,0.5,0.0,2.4444444444444446,0.7272727272727273,1.6666666666666667,1.0416666666666667,2.0,1.4,2.3636363636363638
9578,2.0,0.5,0.0,2.4444444444444446,0.7272727272727273,1.6666666666666667,1.0416666666666667,2.0,1.4,2.3636363636363638,2.0
9579,0.5,0.0,2.4444444444444446,0.7272727272727273,1.6666666666666667,1.0416666666666667,2.0,1.4,2.3636363636363638,2.0,1.125
9580,0.0,2.4444444444444446,0.7272727272727273,1.6666666666666667,1.0416666666666667,2.0,1.4,2.3636363636363638,2.0,1.125,1.2222222222222223
9581,2.4444444444444446,0.7272727272727273,1.6666666666666667,1.0416666666666667,2.0,1.4,2.3636363636363638,2.0,1.125,1.2222222222222223,1.0714285714285714
9582,0.7272727272727273,1.6666666666666667,1.0416666666666667,2.0,1.4,2.3636363636363638,2.0,1.125,1.2222222222222223,1.0714285714285714,1.3
9583,1.6666666666666667,1.0416666666666667,2.0,1.4,2.3636363636363638,2.0,1.125,1.2222222222222223,1.0714285714285714,1.3,1.5769230769230769
9584,1.0416666666666667,2.0,1.4,2.3636363636363638,2.0,1.125,1.2222222222222223,1.0714285714285714,1.3,1.5769230769230769,1.2325581395348837
9585,2.0,1.4,2.3636363636363638,2.0,1.125,1.2222222222222223,1.0714285714285714,1.3,1.5769230769230769,1.2325581395348837,0.0
9586,1.4,2.3636363636363638,2.0,1.125,1.2222222222222223,1.0714285714285714,1.3,1.5769230769230769,1.2325581395348837,0.0,1.7586206896551724
9587,2.3636363636363638,2.0,1.125,1.2222222222222223,1.0714285714285714,1.3,1.5769230769230769,1.2325581395348837,0.0,1.7586206896551724,1.5
9588,2.0,1.125,1.2222222222222223,1.0714285714285714,1.3,1.5769230769230769,1.2325581395348837,0.0,1.7586206896551724,1.5,0.75
9589,1.125,1.2222222222222223,1.0714285714285714,1.3,1.5769230769230769,1.2325581395348837,0.0,1.7586206896551724,1.5,0.75,1.368421052631579
9590,1.2222222222222223,1.0714285714285714,1.3,1.5769230769230769,1.2325581395348837,0.0,1.7586206896551724,1.5,0.75,1.368421052631579,1.88
9591,1.0714285714285714,1.3,1.5769230769230769,1.2325581395348837,0.0,1.7586206896551724,1.5,0.75,1.368421052631579,1.88,0.9375
9592,1.3,1.5769230769230769,1.2325581395348837,0.0,1.7586206896551724,1.5,0.75,1.368421052631579,1.88,0.9375,0.6
9593,1.5769230769230769,1.2325581395348837,0.0,1.7586206896551724,1.5,0.75,1.368421052631579,1.88,0.9375,0.6,0.25
9594,1.2325581395348837,0.0,1.7586206896551724,1.5,0.75,1.368421052631579,1.88,0.9375,0.6,0.25,1.0
9595,0.0,1.7586206896551724,1.5,0.75,1.368421052631579,1.88,0.9375,0.6,0.25,1.0,0.25
9596,1.7586206896551724,1.5,0.75,1.368421052631579,1.88,0.9375,0.6,0.25,1.0,0.25,1.1153846153846154
9597,1.5,0.75,1.368421052631579,1.88,0.9375,0.6,0.25,1.0,0.25,1.1153846153846154,1.911764705882353
9598,0.75,1.368421052631579,1.88,0.9375,0.6,0.25,1.0,0.25,1.1153846153846154,1.911764705882353,1.5217391304347827
9599,1.368421052631579,1.88,0.9375,0.6,0.25,1.0,0.25,1.1153846153846154,1.911764705882353,1.5217391304347827,0.0
9600,1.88,0.9375,0.6,0.25,1.0,0.25,1.1153846153846154,1.911764705882353,1.5217391304347827,0.0,0.2857142857142857
9601,0.9375,0.6,0.25,1.0,0.25,1.1153846153846154,1.911764705882353,1.5217391304347827,0.0,0.2857142857142857,1.0
9602,0.6,0.25,1.0,0.25,1.1153846153846154,1.911764705882353,1.5217391304347827,0.0,0.2857142857142857,1.0,3.75
9603,0.25,1.0,0.25,1.1153846153846154,1.911764705882353,1.5217391304347827,0.0,0.2857142857142857,1.0,3.75,1.75
9604,1.0,0.25,1.1153846153846154,1.911764705882353,1.5217391304347827,0.0,0.2857142857142857,1.0,3.75,1.75,0.9375
9605,0.25,1.1153846153846154,1.911764705882353,1.5217391304347827,0.0,0.2857142857142857,1.0,3.75,1.75,0.9375,1.0
9606,1.1153846153846154,1.911764705882353,1.5217391304347827,0.0,0.2857142857142857,1.0,3.75,1.75,0.9375,1.0,1.2941176470588236
9607,1.911764705882353,1.5217391304347827,0.0,0.2857142857142857,1.0,3.75,1.75,0.9375,1.0,1.2941176470588236,0.75
9608,1.5217391304347827,0.0,0.2857142857142857,1.0,3.75,1.75,0.9375,1.0,1.2941176470588236,0.75,0.375
9609,0.0,0.2857142857142857,1.0,3.75,1.75,0.9375,1.0,1.2941176470588236,0.75,0.375,1.65
9610,0.2857142857142857,1.0,3.75,1.75,0.9375,1.0,1.2941176470588236,0.75,0.375,1.65,1.826086956521739
9611,1.0,3.75,1.75,0.9375,1.0,1.2941176470588236,0.75,0.375,1.65,1.826086956521739,0.5
9612,3.75,1.75,0.9375,1.0,1.2941176470588236,0.75,0.375,1.65,1.826086956521739,0.5,2.0
9613,1.75,0.9375,1.0,1.2941176470588236,0.75,0.375,1.65,1.826086956521739,0.5,2.0,0.6111111111111112
9614,0.9375,1.0,1.2941176470588236,0.75,0.375,1.65,1.826086956521739,0.5,2.0,0.6111111111111112,0.8076923076923077
9615,1.0,1.2941176470588236,0.75,0.375,1.65,1.826086956521739,0.5,2.0,0.6111111111111112,0.8076923076923077,0.6666666666666666
9616,1.2941176470588236,0.75,0.375,1.65,1.826086956521739,0.5,2.0,0.6111111111111112,0.8076923076923077,0.6666666666666666,0.5384615384615384
9617,0.75,0.375,1.65,1.826086956521739,0.5,2.0,0.6111111111111112,0.8076923076923077,0.6666666666666666,0.5384615384615384,1.5681818181818181
9618,0.375,1.65,1.826086956521739,0.5,2.0,0.6111111111111112,0.8076923076923077,0.6666666666666666,0.5384615384615384,1.5681818181818181,0.5
9619,1.65,1.826086956521739,0.5,2.0,0.6111111111111112,0.8076923076923077,0.6666666666666666,0.5384615384615384,1.5681818181818181,0.5,0.8571428571428571
9620,1.826086956521739,0.5,2.0,0.6111111111111112,0.8076923076923077,0.6666666666666666,0.5384615384615384,1.5681818181818181,0.5,0.8571428571428571,0.0
9621,0.5,2.0,0.6111111111111112,0.8076923076923077,0.6666666666666666,0.5384615384615384,1.5681818181818181,0.5,0.8571428571428571,0.0,1.9411764705882353
9622,2.0,0.6111111111111112,0.8076923076923077,0.6666666666666666,0.5384615384615384,1.5681818181818181,0.5,0.8571428571428571,0.0,1.9411764705882353,1.2222222222222223
9623,0.6111111111111112,0.8076923076923077,0.6666666666666666,0.5384615384615384,1.5681818181818181,0.5,0.8571428571428571,0.0,1.9411764705882353,1.2222222222222223,1.48
9624,0.8076923076923077,0.6666666666666666,0.5384615384615384,1.5681818181818181,0.5,0.8571428571428571,0.0,1.9411764705882353,1.2222222222222223,1.48,1.0
9625,0.6666666666666666,0.5384615384615384,1.5681818181818181,0.5,0.8571428571428571,0.0,1.9411764705882353,1.2222222222222223,1.48,1.0,0.75
9626,0.5384615384615384,1.5681818181818181,0.5,0.8571428571428571,0.0,1.9411764705882353,1.2222222222222223,1.48,1.0,0.75,1.75
9627,1.5681818181818181,0.5,0.8571428571428571,0.0,1.9411764705882353,1.2222222222222223,1.48,1.0,0.75,1.75,0.5
9628,0.5,0.8571428571428571,0.0,1.9411764705882353,1.2222222222222223,1.48,1.0,0.75,1.75,0.5,0.8181818181818182
9629,0.8571428571428571,0.0,1.9411764705882353,1.2222222222222223,1.48,1.0,0.75,1.75,0.5,0.8181818181818182,2.2
9630,0.0,1.9411764705882353,1.2222222222222223,1.48,1.0,0.75,1.75,0.5,0.8181818181818182,2.2,1.1282051282051282
9631,1.9411764705882353,1.2222222222222223,1.48,1.0,0.75,1.75,0.5,0.8181818181818182,2.2,1.1282051282051282,0.8076923076923077
9632,1.2222222222222223,1.48,1.0,0.75,1.75,0.5,0.8181818181818182,2.2,1.1282051282051282,0.8076923076923077,1.5
9633,1.48,1.0,0.75,1.75,0.5,0.8181818181818182,2.2,1.1282051282051282,0.8076923076923077,1.5,1.6216216216216217
9634,1.0,0.75,1.75,0.5,0.8181818181818182,2.2,1.1282051282051282,0.8076923076923077,1.5,1.6216216216216217,0.3333333333333333
9635,0.75,1.75,0.5,0.8181818181818182,2.2,1.1282051282051282,0.8076923076923077,1.5,1.6216216216216217,0.3333333333333333,1.1666666666666667
9636,1.75,0.5,0.8181818181818182,2.2,1.1282051282051282,0.8076923076923077,1.5,1.6216216216216217,0.3333333333333333,1.1666666666666667,0.0
9637,0.5,0.8181818181818182,2.2,1.1282051282051282,0.8076923076923077,1.5,1.6216216216216217,0.3333333333333333,1.1666666666666667,0.0,1.0
9638,0.8181818181818182,2.2,1.1282051282051282,0.8076923076923077,1.5,1.6216216216216217,0.3333333333333333,1.1666666666666667,0.0,1.0,1.3636363636363635
9639,2.2,1.1282051282051282,0.8076923076923077,1.5,1.6216216216216217,0.3333333333333333,1.1666666666666667,0.0,1.0,1.3636363636363635,2.5
9640,1.1282051282051282,0.8076923076923077,1.5,1.6216216216216217,0.3333333333333333,1.1666666666666667,0.0,1.0,1.3636363636363635,2.5,2.1
9641,0.8076923076923077,1.5,1.6216216216216217,0.3333333333333333,1.1666666666666667,0.0,1.0,1.3636363636363635,2.5,2.1,1.5294117647058822
9642,1.5,1.6216216216216217,0.3333333333333333,1.1666666666666667,0.0,1.0,1.3636363636363635,2.5,2.1,1.5294117647058822,1.2307692307692308
9643,1.6216216216216217,0.3333333333333333,1.1666666666666667,0.0,1.0,1.3636363636363635,2.5,2.1,1.5294117647058822,1.2307692307692308,1.5
9644,0.3333333333333333,1.1666666666666667,0.0,1.0,1.3636363636363635,2.5,2.1,1.5294117647058822,1.2307692307692308,1.5,0.0
9645,1.1666666666666667,0.0,1.0,1.3636363636363635,2.5,2.1,1.5294117647058822,1.2307692307692308,1.5,0.0,0.0
9646,0.0,1.0,1.3636363636363635,2.5,2.1,1.5294117647058822,1.2307692307692308,1.5,0.0,0.0,2.4285714285714284
9647,1.0,1.3636363636363635,2.5,2.1,1.5294117647058822,1.2307692307692308,1.5,0.0,0.0,2.4285714285714284,1.2727272727272727
9648,1.3636363636363635,2.5,2.1,1.5294117647058822,1.2307692307692308,1.5,0.0,0.0,2.4285714285714284,1.2727272727272727,2.2857142857142856
9649,2.5,2.1,1.5294117647058822,1.2307692307692308,1.5,0.0,0.0,2.4285714285714284,1.2727272727272727,2.2857142857142856,1.9130434782608696
9650,2.1,1.5294117647058822,1.2307692307692308,1.5,0.0,0.0,2.4285714285714284,1.2727272727272727,2.2857142857142856,1.9130434782608696,1.9130434782608696
9651,1.5294117647058822,1.2307692307692308,1.5,0.0,0.0,2.4285714285714284,1.2727272727272727,2.2857142857142856,1.9130434782608696,1.9130434782608696,3.5
9652,1.2307692307692308,1.5,0.0,0.0,2.4285714285714284,1.2727272727272727,2.2857142857142856,1.9130434782608696,1.9130434782608696,3.5,1.6666666666666667
9653,1.5,0.0,0.0,2.4285714285714284,1.2727272727272727,2.2857142857142856,1.9130434782608696,1.9130434782608696,3.5,1.6666666666666667,0.0
9654,0.0,0.0,2.4285714285714284,1.2727272727272727,2.2857142857142856,1.9130434782608696,1.9130434782608696,3.5,1.6666666666666667,0.0,0.0
9655,0.0,2.4285714285714284,1.2727272727272727,2.2857142857142856,1.9130434782608696,1.9130434782608696,3.5,1.6666666666666667,0.0,0.0,1.4
9656,2.4285714285714284,1.2727272727272727,2.2857142857142856,1.9130434782608696,1.9130434782608696,3.5,1.6666666666666667,0.0,0.0,1.4,1.3157894736842106
9657,1.2727272727272727,2.2857142857142856,1.9130434782608696,1.9130434782608696,3.5,1.6666666666666667,0.0,0.0,1.4,1.3157894736842106,1.7142857142857142
9658,2.2857142857142856,1.9130434782608696,1.9130434782608696,3.5,1.6666666666666667,0.0,0.0,1.4,1.3157894736842106,1.7142857142857142,0.6666666666666666
9659,1.9130434782608696,1.9130434782608696,3.5,1.6666666666666667,0.0,0.0,1.4,1.3157894736842106,1.7142857142857142,0.6666666666666666,0.9545454545454546
9660,1.9130434782608696,3.5,1.6666666666666667,0.0,0.0,1.4,1.3157894736842106,1.7142857142857142,0.6666666666666666,0.9545454545454546,1.4166666666666667
9661,3.5,1.6666666666666667,0.0,0.0,1.4,1.3157894736842106,1.7142857142857142,0.6666666666666666,0.9545454545454546,1.4166666666666667,1.1176470588235294
9662,1.6666666666666667,0.0,0.0,1.4,1.3157894736842106,1.7142857142857142,0.6666666666666666,0.9545454545454546,1.4166666666666667,1.1176470588235294,2.1818181818181817
9663,0.0,0.0,1.4,1.3157894736842106,1.7142857142857142,0.6666666666666666,0.9545454545454546,1.4166666666666667,1.1176470588235294,2.1818181818181817,0.0
9664,0.0,1.4,1.3157894736842106,1.7142857142857142,0.6666666666666666,0.9545454545454546,1.4166666666666667,1.1176470588235294,2.1818181818181817,0.0,1.5
9665,1.4,1.3157894736842106,1.7142857142857142,0.6666666666666666,0.9545454545454546,1.4166666666666667,1.1176470588235294,2.1818181818181817,0.0,1.5,0.8571428571428571
9666,1.3157894736842106,1.7142857142857142,0.6666666666666666,0.9545454545454546,1.4166666666666667,1.1176470588235294,2.1818181818181817,0.0,1.5,0.8571428571428571,1.8571428571428572
9667,1.7142857142857142,0.6666666666666666,0.9545454545454546,1.4166666666666667,1.1176470588235294,2.1818181818181817,0.0,1.5,0.8571428571428571,1.8571428571428572,1.0
9668,0.6666666666666666,0.9545454545454546,1.4166666666666667,1.1176470588235294,2.1818181818181817,0.0,1.5,0.8571428571428571,1.8571428571428572,1.0,0.8666666666666667
9669,0.9545454545454546,1.4166666666666667,1.1176470588235294,2.1818181818181817,0.0,1.5,0.8571428571428571,1.8571428571428572,1.0,0.8666666666666667,1.8888888888888888
9670,1.4166666666666667,1.1176470588235294,2.1818181818181817,0.0,1.5,0.8571428571428571,1.8571428571428572,1.0,0.8666666666666667,1.8888888888888888,1.9473684210526316
9671,1.1176470588235294,2.1818181818181817,0.0,1.5,0.8571428571428571,1.8571428571428572,1.0,0.8666666666666667,1.8888888888888888,1.9473684210526316,1.2857142857142858
9672,2.1818181818181817,0.0,1.5,0.8571428571428571,1.8571428571428572,1.0,0.8666666666666667,1.8888888888888888,1.9473684210526316,1.2857142857142858,1.0
9673,0.0,1.5,0.8571428571428571,1.8571428571428572,1.0,0.8666666666666667,1.8888888888888888,1.9473684210526316,1.2857142857142858,1.0,0.5
9674,1.5,0.8571428571428571,1.8571428571428572,1.0,0.8666666666666667,1.8888888888888888,1.9473684210526316,1.2857142857142858,1.0,0.5,1.4
9675,0.8571428571428571,1.8571428571428572,1.0,0.8666666666666667,1.8888888888888888,1.9473684210526316,1.2857142857142858,1.0,0.5,1.4,1.6363636363636365
9676,1.8571428571428572,1.0,0.8666666666666667,1.8888888888888888,1.9473684210526316,1.2857142857142858,1.0,0.5,1.4,1.6363636363636365,0.0
9677,1.631578947368421,1.5238095238095237,1.0,0.8571428571428571,1.0,2.6666666666666665,1.8,1.962962962962963,2.25,1.0625,2.1666666666666665
9678,1.5238095238095237,1.0,0.8571428571428571,1.0,2.6666666666666665,1.8,1.962962962962963,2.25,1.0625,2.1666666666666665,1.6206896551724137
9679,1.0,0.8571428571428571,1.0,2.6666666666666665,1.8,1.962962962962963,2.25,1.0625,2.1666666666666665,1.6206896551724137,1.4545454545454546
9680,0.8571428571428571,1.0,2.6666666666666665,1.8,1.962962962962963,2.25,1.0625,2.1666666666666665,1.6206896551724137,1.4545454545454546,2.0392156862745097
9681,1.0,2.6666666666666665,1.8,1.962962962962963,2.25,1.0625,2.1666666666666665,1.6206896551724137,1.4545454545454546,2.0392156862745097,1.3846153846153846
9682,2.6666666666666665,1.8,1.962962962962963,2.25,1.0625,2.1666666666666665,1.6206896551724137,1.4545454545454546,2.0392156862745097,1.3846153846153846,1.0
9683,1.8,1.962962962962963,2.25,1.0625,2.1666666666666665,1.6206896551724137,1.4545454545454546,2.0392156862745097,1.3846153846153846,1.0,0.0
9684,1.6666666666666667,1.375,1.0,1.75,1.5,0.42857142857142855,1.4166666666666667,1.9047619047619047,1.0,4.0,2.857142857142857
9685,1.375,1.0,1.75,1.5,0.42857142857142855,1.4166666666666667,1.9047619047619047,1.0,4.0,2.857142857142857,1.0769230769230769
9686,1.0,1.75,1.5,0.42857142857142855,1.4166666666666667,1.9047619047619047,1.0,4.0,2.857142857142857,1.0769230769230769,1.1428571428571428
9687,1.75,1.5,0.42857142857142855,1.4166666666666667,1.9047619047619047,1.0,4.0,2.857142857142857,1.0769230769230769,1.1428571428571428,1.4444444444444444
9688,1.5,0.42857142857142855,1.4166666666666667,1.9047619047619047,1.0,4.0,2.857142857142857,1.0769230769230769,1.1428571428571428,1.4444444444444444,0.5
9689,0.42857142857142855,1.4166666666666667,1.9047619047619047,1.0,4.0,2.857142857142857,1.0769230769230769,1.1428571428571428,1.4444444444444444,0.5,2.0
9690,1.4166666666666667,1.9047619047619047,1.0,4.0,2.857142857142857,1.0769230769230769,1.1428571428571428,1.4444444444444444,0.5,2.0,1.7272727272727273
9691,1.9047619047619047,1.0,4.0,2.857142857142857,1.0769230769230769,1.1428571428571428,1.4444444444444444,0.5,2.0,1.7272727272727273,0.6666666666666666
9692,1.0,4.0,2.857142857142857,1.0769230769230769,1.1428571428571428,1.4444444444444444,0.5,2.0,1.7272727272727273,0.6666666666666666,0.5
9693,4.0,2.857142857142857,1.0769230769230769,1.1428571428571428,1.4444444444444444,0.5,2.0,1.7272727272727273,0.6666666666666666,0.5,1.4
9694,2.857142857142857,1.0769230769230769,1.1428571428571428,1.4444444444444444,0.5,2.0,1.7272727272727273,0.6666666666666666,0.5,1.4,1.1481481481481481
9695,1.0769230769230769,1.1428571428571428,1.4444444444444444,0.5,2.0,1.7272727272727273,0.6666666666666666,0.5,1.4,1.1481481481481481,0.625
9696,1.1428571428571428,1.4444444444444444,0.5,2.0,1.7272727272727273,0.6666666666666666,0.5,1.4,1.1481481481481481,0.625,1.3103448275862069
9697,1.4444444444444444,0.5,2.0,1.7272727272727273,0.6666666666666666,0.5,1.4,1.1481481481481481,0.625,1.3103448275862069,0.4
9698,0.5,2.0,1.7272727272727273,0.6666666666666666,0.5,1.4,1.1481481481481481,0.625,1.3103448275862069,0.4,1.0
9699,2.0,1.7272727272727273,0.6666666666666666,0.5,1.4,1.1481481481481481,0.625,1.3103448275862069,0.4,1.0,1.2307692307692308
9700,1.7272727272727273,0.6666666666666666,0.5,1.4,1.1481481481481481,0.625,1.3103448275862069,0.4,1.0,1.2307692307692308,1.3333333333333333
9701,0.6666666666666666,0.5,1.4,1.1481481481481481,0.625,1.3103448275862069,0.4,1.0,1.2307692307692308,1.3333333333333333,0.7777777777777778
9702,0.5,1.4,1.1481481481481481,0.625,1.3103448275862069,0.4,1.0,1.2307692307692308,1.3333333333333333,0.7777777777777778,1.1176470588235294
9703,1.4,1.1481481481481481,0.625,1.3103448275862069,0.4,1.0,1.2307692307692308,1.3333333333333333,0.7777777777777778,1.1176470588235294,0.6
9704,1.1481481481481481,0.625,1.3103448275862069,0.4,1.0,1.2307692307692308,1.3333333333333333,0.7777777777777778,1.1176470588235294,0.6,1.875
9705,0.625,1.3103448275862069,0.4,1.0,1.2307692307692308,1.3333333333333333,0.7777777777777778,1.1176470588235294,0.6,1.875,2.25
9706,1.3103448275862069,0.4,1.0,1.2307692307692308,1.3333333333333333,0.7777777777777778,1.1176470588235294,0.6,1.875,2.25,1.2222222222222223
9707,0.4,1.0,1.2307692307692308,1.3333333333333333,0.7777777777777778,1.1176470588235294,0.6,1.875,2.25,1.2222222222222223,0.7142857142857143
9708,1.0,1.2307692307692308,1.3333333333333333,0.7777777777777778,1.1176470588235294,0.6,1.875,2.25,1.2222222222222223,0.7142857142857143,0.6
9709,1.2307692307692308,1.3333333333333333,0.7777777777777778,1.1176470588235294,0.6,1.875,2.25,1.2222222222222223,0.7142857142857143,0.6,0.8461538461538461
9710,1.3333333333333333,0.7777777777777778,1.1176470588235294,0.6,1.875,2.25,1.2222222222222223,0.7142857142857143,0.6,0.8461538461538461,0.8333333333333334
9711,0.7777777777777778,1.1176470588235294,0.6,1.875,2.25,1.2222222222222223,0.7142857142857143,0.6,0.8461538461538461,0.8333333333333334,0.75
9712,1.1176470588235294,0.6,1.875,2.25,1.2222222222222223,0.7142857142857143,0.6,0.8461538461538461,0.8333333333333334,0.75,1.3333333333333333
9713,0.6,1.875,2.25,1.2222222222222223,0.7142857142857143,0.6,0.8461538461538461,0.8333333333333334,0.75,1.3333333333333333,1.0714285714285714
9714,1.875,2.25,1.2222222222222223,0.7142857142857143,0.6,0.8461538461538461,0.8333333333333334,0.75,1.3333333333333333,1.0714285714285714,0.0
9715,2.25,1.2222222222222223,0.7142857142857143,0.6,0.8461538461538461,0.8333333333333334,0.75,1.3333333333333333,1.0714285714285714,0.0,1.2222222222222223
9716,1.2222222222222223,0.7142857142857143,0.6,0.8461538461538461,0.8333333333333334,0.75,1.3333333333333333,1.0714285714285714,0.0,1.2222222222222223,0.8
9717,0.7142857142857143,0.6,0.8461538461538461,0.8333333333333334,0.75,1.3333333333333333,1.0714285714285714,0.0,1.2222222222222223,0.8,4.333333333333333
9718,0.6,0.8461538461538461,0.8333333333333334,0.75,1.3333333333333333,1.0714285714285714,0.0,1.2222222222222223,0.8,4.333333333333333,1.72
9719,0.8461538461538461,0.8333333333333334,0.75,1.3333333333333333,1.0714285714285714,0.0,1.2222222222222223,0.8,4.333333333333333,1.72,0.75
9720,0.8333333333333334,0.75,1.3333333333333333,1.0714285714285714,0.0,1.2222222222222223,0.8,4.333333333333333,1.72,0.75,2.5
9721,0.75,1.3333333333333333,1.0714285714285714,0.0,1.2222222222222223,0.8,4.333333333333333,1.72,0.75,2.5,1.6071428571428572
9722,1.3333333333333333,1.0714285714285714,0.0,1.2222222222222223,0.8,4.333333333333333,1.72,0.75,2.5,1.6071428571428572,0.6666666666666666
9723,1.0714285714285714,0.0,1.2222222222222223,0.8,4.333333333333333,1.72,0.75,2.5,1.6071428571428572,0.6666666666666666,0.5
9724,0.0,1.2222222222222223,0.8,4.333333333333333,1.72,0.75,2.5,1.6071428571428572,0.6666666666666666,0.5,1.2857142857142858
9725,1.2222222222222223,0.8,4.333333333333333,1.72,0.75,2.5,1.6071428571428572,0.6666666666666666,0.5,1.2857142857142858,1.7391304347826086
9726,0.8,4.333333333333333,1.72,0.75,2.5,1.6071428571428572,0.6666666666666666,0.5,1.2857142857142858,1.7391304347826086,0.6
9727,4.333333333333333,1.72,0.75,2.5,1.6071428571428572,0.6666666666666666,0.5,1.2857142857142858,1.7391304347826086,0.6,0.6666666666666666
9728,1.72,0.75,2.5,1.6071428571428572,0.6666666666666666,0.5,1.2857142857142858,1.7391304347826086,0.6,0.6666666666666666,1.25
9729,0.75,2.5,1.6071428571428572,0.6666666666666666,0.5,1.2857142857142858,1.7391304347826086,0.6,0.6666666666666666,1.25,1.7096774193548387
9730,0.0,1.0,0.25,0.0,1.0,0.2,0.5,0.0,1.0,0.0,0.0
9731,1.0,0.25,0.0,1.0,0.2,0.5,0.0,1.0,0.0,0.0,1.0
9732,0.25,0.0,1.0,0.2,0.5,0.0,1.0,0.0,0.0,1.0,0.0
9733,0.0,1.0,0.2,0.5,0.0,1.0,0.0,0.0,1.0,0.0,1.0
9734,1.0,0.2,0.5,0.0,1.0,0.0,0.0,1.0,0.0,1.0,1.0
9735,0.2,0.5,0.0,1.0,0.0,0.0,1.0,0.0,1.0,1.0,1.0
9736,0.5,0.0,1.0,0.0,0.0,1.0,0.0,1.0,1.0,1.0,0.0
9737,0.0,1.0,0.0,0.0,1.0,0.0,1.0,1.0,1.0,0.0,0.25
9738,1.0,0.0,0.0,1.0,0.0,1.0,1.0,1.0,0.0,0.25,1.0
9739,1.2307692307692308,1.0,2.1176470588235294,1.2666666666666666,0.9,1.7692307692307692,0.5,0.6666666666666666,1.2,1.6666666666666667,1.3636363636363635
9740,1.0,2.1176470588235294,1.2666666666666666,0.9,1.7692307692307692,0.5,0.6666666666666666,1.2,1.6666666666666667,1.3636363636363635,1.0416666666666667
9741,2.1176470588235294,1.2666666666666666,0.9,1.7692307692307692,0.5,0.6666666666666666,1.2,1.6666666666666667,1.3636363636363635,1.0416666666666667,1.625
9742,1.2666666666666666,0.9,1.7692307692307692,0.5,0.6666666666666666,1.2,1.6666666666666667,1.3636363636363635,1.0416666666666667,1.625,1.2222222222222223
9743,0.9,1.7692307692307692,0.5,0.6666666666666666,1.2,1.6666666666666667,1.3636363636363635,1.0416666666666667,1.625,1.2222222222222223,0.9736842105263158
9744,1.7692307692307692,0.5,0.6666666666666666,1.2,1.6666666666666667,1.3636363636363635,1.0416666666666667,1.625,1.2222222222222223,0.9736842105263158,0.6666666666666666
9745,0.5,0.6666666666666666,1.2,1.6666666666666667,1.3636363636363635,1.0416666666666667,1.625,1.2222222222222223,0.9736842105263158,0.6666666666666666,0.0
9746,0.6666666666666666,1.2,1.6666666666666667,1.3636363636363635,1.0416666666666667,1.625,1.2222222222222223,0.9736842105263158,0.6666666666666666,0.0,1.0
9747,1.2,1.6666666666666667,1.3636363636363635,1.0416666666666667,1.625,1.2222222222222223,0.9736842105263158,0.6666666666666666,0.0,1.0,1.1428571428571428
9748,1.6666666666666667,1.3636363636363635,1.0416666666666667,1.625,1.2222222222222223,0.9736842105263158,0.6666666666666666,0.0,1.0,1.1428571428571428,0.9285714285714286
9749,1.3636363636363635,1.0416666666666667,1.625,1.2222222222222223,0.9736842105263158,0.6666666666666666,0.0,1.0,1.1428571428571428,0.9285714285714286,1.2727272727272727
9750,1.0416666666666667,1.625,1.2222222222222223,0.9736842105263158,0.6666666666666666,0.0,1.0,1.1428571428571428,0.9285714285714286,1.2727272727272727,0.2222222222222222
9751,1.625,1.2222222222222223,0.9736842105263158,0.6666666666666666,0.0,1.0,1.1428571428571428,0.9285714285714286,1.2727272727272727,0.2222222222222222,1.1111111111111112
9752,1.2222222222222223,0.9736842105263158,0.6666666666666666,0.0,1.0,1.1428571428571428,0.9285714285714286,1.2727272727272727,0.2222222222222222,1.1111111111111112,1.0740740740740742
9753,0.9736842105263158,0.6666666666666666,0.0,1.0,1.1428571428571428,0.9285714285714286,1.2727272727272727,0.2222222222222222,1.1111111111111112,1.0740740740740742,1.2702702702702702
9754,0.6666666666666666,0.0,1.0,1.1428571428571428,0.9285714285714286,1.2727272727272727,0.2222222222222222,1.1111111111111112,1.0740740740740742,1.2702702702702702,1.3636363636363635
9755,0.0,1.0,1.1428571428571428,0.9285714285714286,1.2727272727272727,0.2222222222222222,1.1111111111111112,1.0740740740740742,1.2702702702702702,1.3636363636363635,1.4857142857142858
9756,1.0,1.1428571428571428,0.9285714285714286,1.2727272727272727,0.2222222222222222,1.1111111111111112,1.0740740740740742,1.2702702702702702,1.3636363636363635,1.4857142857142858,1.0666666666666667
9757,1.1428571428571428,0.9285714285714286,1.2727272727272727,0.2222222222222222,1.1111111111111112,1.0740740740740742,1.2702702702702702,1.3636363636363635,1.4857142857142858,1.0666666666666667,0.6
9758,0.9285714285714286,1.2727272727272727,0.2222222222222222,1.1111111111111112,1.0740740740740742,1.2702702702702702,1.3636363636363635,1.4857142857142858,1.0666666666666667,0.6,1.5238095238095237
9759,1.2727272727272727,0.2222222222222222,1.1111111111111112,1.0740740740740742,1.2702702702702702,1.3636363636363635,1.4857142857142858,1.0666666666666667,0.6,1.5238095238095237,1.0
9760,0.2222222222222222,1.1111111111111112,1.0740740740740742,1.2702702702702702,1.3636363636363635,1.4857142857142858,1.0666666666666667,0.6,1.5238095238095237,1.0,1.2075471698113207
9761,1.1111111111111112,1.0740740740740742,1.2702702702702702,1.3636363636363635,1.4857142857142858,1.0666666666666667,0.6,1.5238095238095237,1.0,1.2075471698113207,0.0
9762,1.0740740740740742,1.2702702702702702,1.3636363636363635,1.4857142857142858,1.0666666666666667,0.6,1.5238095238095237,1.0,1.2075471698113207,0.0,1.6071428571428572
9763,1.2702702702702702,1.3636363636363635,1.4857142857142858,1.0666666666666667,0.6,1.5238095238095237,1.0,1.2075471698113207,0.0,1.6071428571428572,1.0
9764,1.3636363636363635,1.4857142857142858,1.0666666666666667,0.6,1.5238095238095237,1.0,1.2075471698113207,0.0,1.6071428571428572,1.0,0.9090909090909091
9765,1.4857142857142858,1.0666666666666667,0.6,1.5238095238095237,1.0,1.2075471698113207,0.0,1.6071428571428572,1.0,0.9090909090909091,1.5294117647058822
9766,1.0666666666666667,0.6,1.5238095238095237,1.0,1.2075471698113207,0.0,1.6071428571428572,1.0,0.9090909090909091,1.5294117647058822,1.2407407407407407
9767,0.6,1.5238095238095237,1.0,1.2075471698113207,0.0,1.6071428571428572,1.0,0.9090909090909091,1.5294117647058822,1.2407407407407407,0.0
9768,1.5238095238095237,1.0,1.2075471698113207,0.0,1.6071428571428572,1.0,0.9090909090909091,1.5294117647058822,1.2407407407407407,0.0,1.0833333333333333
9769,1.0,1.2075471698113207,0.0,1.6071428571428572,1.0,0.9090909090909091,1.5294117647058822,1.2407407407407407,0.0,1.0833333333333333,1.7
9770,1.2075471698113207,0.0,1.6071428571428572,1.0,0.9090909090909091,1.5294117647058822,1.2407407407407407,0.0,1.0833333333333333,1.7,1.4
9771,0.0,1.6071428571428572,1.0,0.9090909090909091,1.5294117647058822,1.2407407407407407,0.0,1.0833333333333333,1.7,1.4,2.0714285714285716
9772,1.6071428571428572,1.0,0.9090909090909091,1.5294117647058822,1.2407407407407407,0.0,1.0833333333333333,1.7,1.4,2.0714285714285716,0.42857142857142855
9773,1.0,0.9090909090909091,1.5294117647058822,1.2407407407407407,0.0,1.0833333333333333,1.7,1.4,2.0714285714285716,0.42857142857142855,0.7857142857142857
9774,0.9090909090909091,1.5294117647058822,1.2407407407407407,0.0,1.0833333333333333,1.7,1.4,2.0714285714285716,0.42857142857142855,0.7857142857142857,2.0833333333333335
9775,1.5294117647058822,1.2407407407407407,0.0,1.0833333333333333,1.7,1.4,2.0714285714285716,0.42857142857142855,0.7857142857142857,2.0833333333333335,0.0
9776,1.2407407407407407,0.0,1.0833333333333333,1.7,1.4,2.0714285714285716,0.42857142857142855,0.7857142857142857,2.0833333333333335,0.0,0.0
9777,0.0,1.0833333333333333,1.7,1.4,2.0714285714285716,0.42857142857142855,0.7857142857142857,2.0833333333333335,0.0,0.0,1.1111111111111112
9778,1.0833333333333333,1.7,1.4,2.0714285714285716,0.42857142857142855,0.7857142857142857,2.0833333333333335,0.0,0.0,1.1111111111111112,1.488888888888889
9779,1.7,1.4,2.0714285714285716,0.42857142857142855,0.7857142857142857,2.0833333333333335,0.0,0.0,1.1111111111111112,1.488888888888889,1.121212121212121
9780,1.4,2.0714285714285716,0.42857142857142855,0.7857142857142857,2.0833333333333335,0.0,0.0,1.1111111111111112,1.488888888888889,1.121212121212121,1.5
9781,2.0714285714285716,0.42857142857142855,0.7857142857142857,2.0833333333333335,0.0,0.0,1.1111111111111112,1.488888888888889,1.121212121212121,1.5,0.4
9782,0.42857142857142855,0.7857142857142857,2.0833333333333335,0.0,0.0,1.1111111111111112,1.488888888888889,1.121212121212121,1.5,0.4,1.6603773584905661
9783,0.7857142857142857,2.0833333333333335,0.0,0.0,1.1111111111111112,1.488888888888889,1.121212121212121,1.5,0.4,1.6603773584905661,0.9777777777777777
9784,2.0833333333333335,0.0,0.0,1.1111111111111112,1.488888888888889,1.121212121212121,1.5,0.4,1.6603773584905661,0.9777777777777777,1.0666666666666667
9785,0.0,0.0,1.1111111111111112,1.488888888888889,1.121212121212121,1.5,0.4,1.6603773584905661,0.9777777777777777,1.0666666666666667,0.6666666666666666
9786,0.0,1.1111111111111112,1.488888888888889,1.121212121212121,1.5,0.4,1.6603773584905661,0.9777777777777777,1.0666666666666667,0.6666666666666666,1.096774193548387
9787,1.1111111111111112,1.488888888888889,1.121212121212121,1.5,0.4,1.6603773584905661,0.9777777777777777,1.0666666666666667,0.6666666666666666,1.096774193548387,0.8695652173913043
9788,1.488888888888889,1.121212121212121,1.5,0.4,1.6603773584905661,0.9777777777777777,1.0666666666666667,0.6666666666666666,1.096774193548387,0.8695652173913043,1.0
9789,1.121212121212121,1.5,0.4,1.6603773584905661,0.9777777777777777,1.0666666666666667,0.6666666666666666,1.096774193548387,0.8695652173913043,1.0,2.3333333333333335
9790,1.5,0.4,1.6603773584905661,0.9777777777777777,1.0666666666666667,0.6666666666666666,1.096774193548387,0.8695652173913043,1.0,2.3333333333333335,1.0
9791,0.4,1.6603773584905661,0.9777777777777777,1.0666666666666667,0.6666666666666666,1.096774193548387,0.8695652173913043,1.0,2.3333333333333335,1.0,0.5714285714285714
9792,1.6603773584905661,0.9777777777777777,1.0666666666666667,0.6666666666666666,1.096774193548387,0.8695652173913043,1.0,2.3333333333333335,1.0,0.5714285714285714,0.7142857142857143
9793,0.9777777777777777,1.0666666666666667,0.6666666666666666,1.096774193548387,0.8695652173913043,1.0,2.3333333333333335,1.0,0.5714285714285714,0.7142857142857143,1.574468085106383
9794,1.0666666666666667,0.6666666666666666,1.096774193548387,0.8695652173913043,1.0,2.3333333333333335,1.0,0.5714285714285714,0.7142857142857143,1.574468085106383,1.4705882352941178
9795,0.6666666666666666,1.096774193548387,0.8695652173913043,1.0,2.3333333333333335,1.0,0.5714285714285714,0.7142857142857143,1.574468085106383,1.4705882352941178,1.0
9796,1.096774193548387,0.8695652173913043,1.0,2.3333333333333335,1.0,0.5714285714285714,0.7142857142857143,1.574468085106383,1.4705882352941178,1.0,1.2142857142857142
9797,0.8695652173913043,1.0,2.3333333333333335,1.0,0.5714285714285714,0.7142857142857143,1.574468085106383,1.4705882352941178,1.0,1.2142857142857142,2.9
9798,1.0,2.3333333333333335,1.0,0.5714285714285714,0.7142857142857143,1.574468085106383,1.4705882352941178,1.0,1.2142857142857142,2.9,1.1304347826086956
9799,2.3333333333333335,1.0,0.5714285714285714,0.7142857142857143,1.574468085106383,1.4705882352941178,1.0,1.2142857142857142,2.9,1.1304347826086956,0.0
9800,1.0,0.5714285714285714,0.7142857142857143,1.574468085106383,1.4705882352941178,1.0,1.2142857142857142,2.9,1.1304347826086956,0.0,1.5625
9801,0.5714285714285714,0.7142857142857143,1.574468085106383,1.4705882352941178,1.0,1.2142857142857142,2.9,1.1304347826086956,0.0,1.5625,1.875
9802,0.7142857142857143,1.574468085106383,1.4705882352941178,1.0,1.2142857142857142,2.9,1.1304347826086956,0.0,1.5625,1.875,0.6
9803,1.574468085106383,1.4705882352941178,1.0,1.2142857142857142,2.9,1.1304347826086956,0.0,1.5625,1.875,0.6,1.736842105263158
9804,1.4705882352941178,1.0,1.2142857142857142,2.9,1.1304347826086956,0.0,1.5625,1.875,0.6,1.736842105263158,1.2666666666666666
9805,1.0,1.2142857142857142,2.9,1.1304347826086956,0.0,1.5625,1.875,0.6,1.736842105263158,1.2666666666666666,2.066666666666667
9806,1.2142857142857142,2.9,1.1304347826086956,0.0,1.5625,1.875,0.6,1.736842105263158,1.2666666666666666,2.066666666666667,0.14285714285714285
9807,2.9,1.1304347826086956,0.0,1.5625,1.875,0.6,1.736842105263158,1.2666666666666666,2.066666666666667,0.14285714285714285,2.1666666666666665
9808,1.1304347826086956,0.0,1.5625,1.875,0.6,1.736842105263158,1.2666666666666666,2.066666666666667,0.14285714285714285,2.1666666666666665,1.4210526315789473
9809,0.0,1.5625,1.875,0.6,1.736842105263158,1.2666666666666666,2.066666666666667,0.14285714285714285,2.1666666666666665,1.4210526315789473,1.0
9810,1.5625,1.875,0.6,1.736842105263158,1.2666666666666666,2.066666666666667,0.14285714285714285,2.1666666666666665,1.4210526315789473,1.0,0.6666666666666666
9811,1.875,0.6,1.736842105263158,1.2666666666666666,2.066666666666667,0.14285714285714285,2.1666666666666665,1.4210526315789473,1.0,0.6666666666666666,0.0
9812,0.6,1.736842105263158,1.2666666666666666,2.066666666666667,0.14285714285714285,2.1666666666666665,1.4210526315789473,1.0,0.6666666666666666,0.0,2.3333333333333335
9813,1.736842105263158,1.2666666666666666,2.066666666666667,0.14285714285714285,2.1666666666666665,1.4210526315789473,1.0,0.6666666666666666,0.0,2.3333333333333335,2.0
9814,1.2666666666666666,2.066666666666667,0.14285714285714285,2.1666666666666665,1.4210526315789473,1.0,0.6666666666666666,0.0,2.3333333333333335,2.0,1.1304347826086956
9815,2.066666666666667,0.14285714285714285,2.1666666666666665,1.4210526315789473,1.0,0.6666666666666666,0.0,2.3333333333333335,2.0,1.1304347826086956,1.3142857142857143
9816,0.14285714285714285,2.1666666666666665,1.4210526315789473,1.0,0.6666666666666666,0.0,2.3333333333333335,2.0,1.1304347826086956,1.3142857142857143,0.6666666666666666
9817,2.1666666666666665,1.4210526315789473,1.0,0.6666666666666666,0.0,2.3333333333333335,2.0,1.1304347826086956,1.3142857142857143,0.6666666666666666,0.7619047619047619
9818,1.4210526315789473,1.0,0.6666666666666666,0.0,2.3333333333333335,2.0,1.1304347826086956,1.3142857142857143,0.6666666666666666,0.7619047619047619,0.5714285714285714
9819,0.8571428571428571,1.0,0.5,0.0,1.0,0.6,0.3333333333333333,1.3636363636363635,1.3333333333333333,1.0,2.0
9820,1.0,0.5,0.0,1.0,0.6,0.3333333333333333,1.3636363636363635,1.3333333333333333,1.0,2.0,1.125
9821,2.235294117647059,1.6,0.0,0.25,2.0,1.0,1.588235294117647,1.2,1.1666666666666667,2.1666666666666665,1.3636363636363635
9822,1.6,0.0,0.25,2.0,1.0,1.588235294117647,1.2,1.1666666666666667,2.1666666666666665,1.3636363636363635,1.3125
9823,0.0,0.25,2.0,1.0,1.588235294117647,1.2,1.1666666666666667,2.1666666666666665,1.3636363636363635,1.3125,0.0
9824,0.25,2.0,1.0,1.588235294117647,1.2,1.1666666666666667,2.1666666666666665,1.3636363636363635,1.3125,0.0,1.8
9825,2.0,1.0,1.588235294117647,1.2,1.1666666666666667,2.1666666666666665,1.3636363636363635,1.3125,0.0,1.8,0.6842105263157895
9826,1.0,1.588235294117647,1.2,1.1666666666666667,2.1666666666666665,1.3636363636363635,1.3125,0.0,1.8,0.6842105263157895,1.5
9827,1.588235294117647,1.2,1.1666666666666667,2.1666666666666665,1.3636363636363635,1.3125,0.0,1.8,0.6842105263157895,1.5,0.4444444444444444
9828,1.2,1.1666666666666667,2.1666666666666665,1.3636363636363635,1.3125,0.0,1.8,0.6842105263157895,1.5,0.4444444444444444,0.0
9829,1.1666666666666667,2.1666666666666665,1.3636363636363635,1.3125,0.0,1.8,0.6842105263157895,1.5,0.4444444444444444,0.0,1.4814814814814814
9830,2.1666666666666665,1.3636363636363635,1.3125,0.0,1.8,0.6842105263157895,1.5,0.4444444444444444,0.0,1.4814814814814814,2.5238095238095237
9831,1.3636363636363635,1.3125,0.0,1.8,0.6842105263157895,1.5,0.4444444444444444,0.0,1.4814814814814814,2.5238095238095237,0.8333333333333334
9832,1.3125,0.0,1.8,0.6842105263157895,1.5,0.4444444444444444,0.0,1.4814814814814814,2.5238095238095237,0.8333333333333334,1.2222222222222223
9833,0.0,1.8,0.6842105263157895,1.5,0.4444444444444444,0.0,1.4814814814814814,2.5238095238095237,0.8333333333333334,1.2222222222222223,1.5454545454545454
9834,1.8,0.6842105263157895,1.5,0.4444444444444444,0.0,1.4814814814814814,2.5238095238095237,0.8333333333333334,1.2222222222222223,1.5454545454545454,1.2222222222222223
9835,0.6842105263157895,1.5,0.4444444444444444,0.0,1.4814814814814814,2.5238095238095237,0.8333333333333334,1.2222222222222223,1.5454545454545454,1.2222222222222223,1.1071428571428572
9836,1.5,0.4444444444444444,0.0,1.4814814814814814,2.5238095238095237,0.8333333333333334,1.2222222222222223,1.5454545454545454,1.2222222222222223,1.1071428571428572,2.1538461538461537
9837,0.4444444444444444,0.0,1.4814814814814814,2.5238095238095237,0.8333333333333334,1.2222222222222223,1.5454545454545454,1.2222222222222223,1.1071428571428572,2.1538461538461537,0.8823529411764706
9838,0.0,1.4814814814814814,2.5238095238095237,0.8333333333333334,1.2222222222222223,1.5454545454545454,1.2222222222222223,1.1071428571428572,2.1538461538461537,0.8823529411764706,1.75
9839,1.4814814814814814,2.5238095238095237,0.8333333333333334,1.2222222222222223,1.5454545454545454,1.2222222222222223,1.1071428571428572,2.1538461538461537,0.8823529411764706,1.75,0.0
9840,2.5238095238095237,0.8333333333333334,1.2222222222222223,1.5454545454545454,1.2222222222222223,1.1071428571428572,2.1538461538461537,0.8823529411764706,1.75,0.0,1.0769230769230769
9841,0.8333333333333334,1.2222222222222223,1.5454545454545454,1.2222222222222223,1.1071428571428572,2.1538461538461537,0.8823529411764706,1.75,0.0,1.0769230769230769,1.3529411764705883
9842,1.2222222222222223,1.5454545454545454,1.2222222222222223,1.1071428571428572,2.1538461538461537,0.8823529411764706,1.75,0.0,1.0769230769230769,1.3529411764705883,1.3333333333333333
9843,1.5454545454545454,1.2222222222222223,1.1071428571428572,2.1538461538461537,0.8823529411764706,1.75,0.0,1.0769230769230769,1.3529411764705883,1.3333333333333333,0.0
9844,1.2222222222222223,1.1071428571428572,2.1538461538461537,0.8823529411764706,1.75,0.0,1.0769230769230769,1.3529411764705883,1.3333333333333333,0.0,2.0
9845,1.1071428571428572,2.1538461538461537,0.8823529411764706,1.75,0.0,1.0769230769230769,1.3529411764705883,1.3333333333333333,0.0,2.0,2.0384615384615383
9846,2.1538461538461537,0.8823529411764706,1.75,0.0,1.0769230769230769,1.3529411764705883,1.3333333333333333,0.0,2.0,2.0384615384615383,1.2941176470588236
9847,0.8823529411764706,1.75,0.0,1.0769230769230769,1.3529411764705883,1.3333333333333333,0.0,2.0,2.0384615384615383,1.2941176470588236,0.7777777777777778
9848,1.75,0.0,1.0769230769230769,1.3529411764705883,1.3333333333333333,0.0,2.0,2.0384615384615383,1.2941176470588236,0.7777777777777778,0.6875
9849,0.0,1.0769230769230769,1.3529411764705883,1.3333333333333333,0.0,2.0,2.0384615384615383,1.2941176470588236,0.7777777777777778,0.6875,2.125
9850,1.0769230769230769,1.3529411764705883,1.3333333333333333,0.0,2.0,2.0384615384615383,1.2941176470588236,0.7777777777777778,0.6875,2.125,0.0
9851,1.3529411764705883,1.3333333333333333,0.0,2.0,2.0384615384615383,1.2941176470588236,0.7777777777777778,0.6875,2.125,0.0,0.3333333333333333
9852,1.3333333333333333,0.0,2.0,2.0384615384615383,1.2941176470588236,0.7777777777777778,0.6875,2.125,0.0,0.3333333333333333,2.0
9853,0.0,2.0,2.0384615384615383,1.2941176470588236,0.7777777777777778,0.6875,2.125,0.0,0.3333333333333333,2.0,1.5
9854,2.0,2.0384615384615383,1.2941176470588236,0.7777777777777778,0.6875,2.125,0.0,0.3333333333333333,2.0,1.5,0.6666666666666666
9855,2.0384615384615383,1.2941176470588236,0.7777777777777778,0.6875,2.125,0.0,0.3333333333333333,2.0,1.5,0.6666666666666666,0.5
9856,1.2941176470588236,0.7777777777777778,0.6875,2.125,0.0,0.3333333333333333,2.0,1.5,0.6666666666666666,0.5,1.3
9857,0.7777777777777778,0.6875,2.125,0.0,0.3333333333333333,2.0,1.5,0.6666666666666666,0.5,1.3,1.1111111111111112
9858,0.6875,2.125,0.0,0.3333333333333333,2.0,1.5,0.6666666666666666,0.5,1.3,1.1111111111111112,1.6
9859,2.125,0.0,0.3333333333333333,2.0,1.5,0.6666666666666666,0.5,1.3,1.1111111111111112,1.6,1.4375
9860,0.0,0.3333333333333333,2.0,1.5,0.6666666666666666,0.5,1.3,1.1111111111111112,1.6,1.4375,1.0
9861,0.3333333333333333,2.0,1.5,0.6666666666666666,0.5,1.3,1.1111111111111112,1.6,1.4375,1.0,1.7142857142857142
9862,2.0,1.5,0.6666666666666666,0.5,1.3,1.1111111111111112,1.6,1.4375,1.0,1.7142857142857142,1.625
9863,1.5,0.6666666666666666,0.5,1.3,1.1111111111111112,1.6,1.4375,1.0,1.7142857142857142,1.625,0.9473684210526315
9864,0.6666666666666666,0.5,1.3,1.1111111111111112,1.6,1.4375,1.0,1.7142857142857142,1.625,0.9473684210526315,1.4130434782608696
9865,0.5,1.3,1.1111111111111112,1.6,1.4375,1.0,1.7142857142857142,1.625,0.9473684210526315,1.4130434782608696,0.0
9866,1.3,1.1111111111111112,1.6,1.4375,1.0,1.7142857142857142,1.625,0.9473684210526315,1.4130434782608696,0.0,0.0
9867,1.1111111111111112,1.6,1.4375,1.0,1.7142857142857142,1.625,0.9473684210526315,1.4130434782608696,0.0,0.0,1.588235294117647
9868,1.6,1.4375,1.0,1.7142857142857142,1.625,0.9473684210526315,1.4130434782608696,0.0,0.0,1.588235294117647,1.1818181818181819
9869,1.4375,1.0,1.7142857142857142,1.625,0.9473684210526315,1.4130434782608696,0.0,0.0,1.588235294117647,1.1818181818181819,0.75
9870,1.0,1.7142857142857142,1.625,0.9473684210526315,1.4130434782608696,0.0,0.0,1.588235294117647,1.1818181818181819,0.75,0.3333333333333333
9871,1.7142857142857142,1.625,0.9473684210526315,1.4130434782608696,0.0,0.0,1.588235294117647,1.1818181818181819,0.75,0.3333333333333333,1.9333333333333333
9872,1.625,0.9473684210526315,1.4130434782608696,0.0,0.0,1.588235294117647,1.1818181818181819,0.75,0.3333333333333333,1.9333333333333333,0.782608695652174
9873,0.9473684210526315,1.4130434782608696,0.0,0.0,1.588235294117647,1.1818181818181819,0.75,0.3333333333333333,1.9333333333333333,0.782608695652174,1.0625
9874,1.4130434782608696,0.0,0.0,1.588235294117647,1.1818181818181819,0.75,0.3333333333333333,1.9333333333333333,0.782608695652174,1.0625,1.5555555555555556
9875,0.0,0.0,1.588235294117647,1.1818181818181819,0.75,0.3333333333333333,1.9333333333333333,0.782608695652174,1.0625,1.5555555555555556,1.4074074074074074
9876,0.0,1.588235294117647,1.1818181818181819,0.75,0.3333333333333333,1.9333333333333333,0.782608695652174,1.0625,1.5555555555555556,1.4074074074074074,1.0
9877,1.588235294117647,1.1818181818181819,0.75,0.3333333333333333,1.9333333333333333,0.782608695652174,1.0625,1.5555555555555556,1.4074074074074074,1.0,1.8936170212765957
9878,1.1818181818181819,0.75,0.3333333333333333,1.9333333333333333,0.782608695652174,1.0625,1.5555555555555556,1.4074074074074074,1.0,1.8936170212765957,1.4666666666666666
9879,0.75,0.3333333333333333,1.9333333333333333,0.782608695652174,1.0625,1.5555555555555556,1.4074074074074074,1.0,1.8936170212765957,1.4666666666666666,0.9
9880,0.3333333333333333,1.9333333333333333,0.782608695652174,1.0625,1.5555555555555556,1.4074074074074074,1.0,1.8936170212765957,1.4666666666666666,0.9,2.076923076923077
9881,1.9333333333333333,0.782608695652174,1.0625,1.5555555555555556,1.4074074074074074,1.0,1.8936170212765957,1.4666666666666666,0.9,2.076923076923077,1.1111111111111112
9882,0.782608695652174,1.0625,1.5555555555555556,1.4074074074074074,1.0,1.8936170212765957,1.4666666666666666,0.9,2.076923076923077,1.1111111111111112,1.8
9883,1.0625,1.5555555555555556,1.4074074074074074,1.0,1.8936170212765957,1.4666666666666666,0.9,2.076923076923077,1.1111111111111112,1.8,1.6666666666666667
9884,1.5555555555555556,1.4074074074074074,1.0,1.8936170212765957,1.4666666666666666,0.9,2.076923076923077,1.1111111111111112,1.8,1.6666666666666667,0.6666666666666666
9885,0.6,2.0303030303030303,1.25,2.2857142857142856,2.6666666666666665,1.0,0.5,1.6666666666666667,1.2,1.0,0.6666666666666666
9886,2.0303030303030303,1.25,2.2857142857142856,2.6666666666666665,1.0,0.5,1.6666666666666667,1.2,1.0,0.6666666666666666,1.4375
9887,1.25,2.2857142857142856,2.6666666666666665,1.0,0.5,1.6666666666666667,1.2,1.0,0.6666666666666666,1.4375,1.2105263157894737
9888,2.2857142857142856,2.6666666666666665,1.0,0.5,1.6666666666666667,1.2,1.0,0.6666666666666666,1.4375,1.2105263157894737,0.8333333333333334
9889,2.6666666666666665,1.0,0.5,1.6666666666666667,1.2,1.0,0.6666666666666666,1.4375,1.2105263157894737,0.8333333333333334,1.0
9890,1.0,0.5,1.6666666666666667,1.2,1.0,0.6666666666666666,1.4375,1.2105263157894737,0.8333333333333334,1.0,1.393939393939394
9891,0.5,1.6666666666666667,1.2,1.0,0.6666666666666666,1.4375,1.2105263157894737,0.8333333333333334,1.0,1.393939393939394,1.8709677419354838
9892,1.6666666666666667,1.2,1.0,0.6666666666666666,1.4375,1.2105263157894737,0.8333333333333334,1.0,1.393939393939394,1.8709677419354838,1.0
9893,1.2,1.0,0.6666666666666666,1.4375,1.2105263157894737,0.8333333333333334,1.0,1.393939393939394,1.8709677419354838,1.0,0.75
9894,1.0,0.6666666666666666,1.4375,1.2105263157894737,0.8333333333333334,1.0,1.393939393939394,1.8709677419354838,1.0,0.75,1.606060606060606
9895,0.6666666666666666,1.4375,1.2105263157894737,0.8333333333333334,1.0,1.393939393939394,1.8709677419354838,1.0,0.75,1.606060606060606,1.8
9896,1.4375,1.2105263157894737,0.8333333333333334,1.0,1.393939393939394,1.8709677419354838,1.0,0.75,1.606060606060606,1.8,0.95
9897,1.2105263157894737,0.8333333333333334,1.0,1.393939393939394,1.8709677419354838,1.0,0.75,1.606060606060606,1.8,0.95,1.3142857142857143
9898,0.8333333333333334,1.0,1.393939393939394,1.8709677419354838,1.0,0.75,1.606060606060606,1.8,0.95,1.3142857142857143,2.1
9899,1.0,1.393939393939394,1.8709677419354838,1.0,0.75,1.606060606060606,1.8,0.95,1.3142857142857143,2.1,0.8888888888888888
9900,1.393939393939394,1.8709677419354838,1.0,0.75,1.606060606060606,1.8,0.95,1.3142857142857143,2.1,0.8888888888888888,1.255813953488372
9901,1.8709677419354838,1.0,0.75,1.606060606060606,1.8,0.95,1.3142857142857143,2.1,0.8888888888888888,1.255813953488372,1.826086956521739
9902,1.0,0.75,1.606060606060606,1.8,0.95,1.3142857142857143,2.1,0.8888888888888888,1.255813953488372,1.826086956521739,1.1428571428571428
9903,0.75,1.606060606060606,1.8,0.95,1.3142857142857143,2.1,0.8888888888888888,1.255813953488372,1.826086956521739,1.1428571428571428,1.0
9904,0.65,1.75,0.6666666666666666,0.75,0.9411764705882353,1.16,2.2,1.9565217391304348,0.8333333333333334,0.7619047619047619,1.5490196078431373
9905,1.75,0.6666666666666666,0.75,0.9411764705882353,1.16,2.2,1.9565217391304348,0.8333333333333334,0.7619047619047619,1.5490196078431373,1.0
9906,0.6666666666666666,0.75,0.9411764705882353,1.16,2.2,1.9565217391304348,0.8333333333333334,0.7619047619047619,1.5490196078431373,1.0,1.0869565217391304
9907,0.75,0.9411764705882353,1.16,2.2,1.9565217391304348,0.8333333333333334,0.7619047619047619,1.5490196078431373,1.0,1.0869565217391304,0.1111111111111111
9908,0.9411764705882353,1.16,2.2,1.9565217391304348,0.8333333333333334,0.7619047619047619,1.5490196078431373,1.0,1.0869565217391304,0.1111111111111111,0.16666666666666666
9909,1.16,2.2,1.9565217391304348,0.8333333333333334,0.7619047619047619,1.5490196078431373,1.0,1.0869565217391304,0.1111111111111111,0.16666666666666666,1.0
9910,1.25,1.21875,1.1333333333333333,0.5,1.4545454545454546,0.8333333333333334,0.6666666666666666,0.7777777777777778,1.9230769230769231,1.1111111111111112,1.2857142857142858
9911,1.21875,1.1333333333333333,0.5,1.4545454545454546,0.8333333333333334,0.6666666666666666,0.7777777777777778,1.9230769230769231,1.1111111111111112,1.2857142857142858,0.5
9912,1.1333333333333333,0.5,1.4545454545454546,0.8333333333333334,0.6666666666666666,0.7777777777777778,1.9230769230769231,1.1111111111111112,1.2857142857142858,0.5,1.1428571428571428
9913,0.5,1.4545454545454546,0.8333333333333334,0.6666666666666666,0.7777777777777778,1.9230769230769231,1.1111111111111112,1.2857142857142858,0.5,1.1428571428571428,1.3
9914,1.4545454545454546,0.8333333333333334,0.6666666666666666,0.7777777777777778,1.9230769230769231,1.1111111111111112,1.2857142857142858,0.5,1.1428571428571428,1.3,2.0526315789473686
9915,0.8333333333333334,0.6666666666666666,0.7777777777777778,1.9230769230769231,1.1111111111111112,1.2857142857142858,0.5,1.1428571428571428,1.3,2.0526315789473686,0.6666666666666666
9916,0.6666666666666666,0.7777777777777778,1.9230769230769231,1.1111111111111112,1.2857142857142858,0.5,1.1428571428571428,1.3,2.0526315789473686,0.6666666666666666,1.2
9917,0.7777777777777778,1.9230769230769231,1.1111111111111112,1.2857142857142858,0.5,1.1428571428571428,1.3,2.0526315789473686,0.6666666666666666,1.2,1.0
9918,1.9230769230769231,1.1111111111111112,1.2857142857142858,0.5,1.1428571428571428,1.3,2.0526315789473686,0.6666666666666666,1.2,1.0,1.25
9919,1.1111111111111112,1.2857142857142858,0.5,1.1428571428571428,1.3,2.0526315789473686,0.6666666666666666,1.2,1.0,1.25,0.75
9920,1.2857142857142858,0.5,1.1428571428571428,1.3,2.0526315789473686,0.6666666666666666,1.2,1.0,1.25,0.75,1.5714285714285714
9921,0.5,1.1428571428571428,1.3,2.0526315789473686,0.6666666666666666,1.2,1.0,1.25,0.75,1.5714285714285714,1.8235294117647058
9922,1.1428571428571428,1.3,2.0526315789473686,0.6666666666666666,1.2,1.0,1.25,0.75,1.5714285714285714,1.8235294117647058,0.4
9923,0.7142857142857143,1.6538461538461537,1.8571428571428572,1.1041666666666667,1.2,0.0,1.1923076923076923,1.0,0.8235294117647058,0.7027027027027027,1.3953488372093024
9924,1.6538461538461537,1.8571428571428572,1.1041666666666667,1.2,0.0,1.1923076923076923,1.0,0.8235294117647058,0.7027027027027027,1.3953488372093024,0.7916666666666666
9925,1.8571428571428572,1.1041666666666667,1.2,0.0,1.1923076923076923,1.0,0.8235294117647058,0.7027027027027027,1.3953488372093024,0.7916666666666666,1.25
9926,1.1041666666666667,1.2,0.0,1.1923076923076923,1.0,0.8235294117647058,0.7027027027027027,1.3953488372093024,0.7916666666666666,1.25,1.0
9927,1.2,0.0,1.1923076923076923,1.0,0.8235294117647058,0.7027027027027027,1.3953488372093024,0.7916666666666666,1.25,1.0,1.7857142857142858
9928,0.0,1.1923076923076923,1.0,0.8235294117647058,0.7027027027027027,1.3953488372093024,0.7916666666666666,1.25,1.0,1.7857142857142858,1.6875
9929,1.1923076923076923,1.0,0.8235294117647058,0.7027027027027027,1.3953488372093024,0.7916666666666666,1.25,1.0,1.7857142857142858,1.6875,1.1111111111111112
9930,1.0,0.8235294117647058,0.7027027027027027,1.3953488372093024,0.7916666666666666,1.25,1.0,1.7857142857142858,1.6875,1.1111111111111112,1.1333333333333333
9931,0.8235294117647058,0.7027027027027027,1.3953488372093024,0.7916666666666666,1.25,1.0,1.7857142857142858,1.6875,1.1111111111111112,1.1333333333333333,0.6923076923076923
9932,0.7027027027027027,1.3953488372093024,0.7916666666666666,1.25,1.0,1.7857142857142858,1.6875,1.1111111111111112,1.1333333333333333,0.6923076923076923,1.2321428571428572
9933,1.3953488372093024,0.7916666666666666,1.25,1.0,1.7857142857142858,1.6875,1.1111111111111112,1.1333333333333333,0.6923076923076923,1.2321428571428572,0.0
9934,0.7916666666666666,1.25,1.0,1.7857142857142858,1.6875,1.1111111111111112,1.1333333333333333,0.6923076923076923,1.2321428571428572,0.0,0.8
9935,1.25,1.0,1.7857142857142858,1.6875,1.1111111111111112,1.1333333333333333,0.6923076923076923,1.2321428571428572,0.0,0.8,0.3333333333333333
9936,1.0,1.7857142857142858,1.6875,1.1111111111111112,1.1333333333333333,0.6923076923076923,1.2321428571428572,0.0,0.8,0.3333333333333333,0.7777777777777778
9937,1.7857142857142858,1.6875,1.1111111111111112,1.1333333333333333,0.6923076923076923,1.2321428571428572,0.0,0.8,0.3333333333333333,0.7777777777777778,1.5666666666666667
9938,1.6875,1.1111111111111112,1.1333333333333333,0.6923076923076923,1.2321428571428572,0.0,0.8,0.3333333333333333,0.7777777777777778,1.5666666666666667,1.0
9939,1.1111111111111112,1.1333333333333333,0.6923076923076923,1.2321428571428572,0.0,0.8,0.3333333333333333,0.7777777777777778,1.5666666666666667,1.0,0.95
9940,1.1333333333333333,0.6923076923076923,1.2321428571428572,0.0,0.8,0.3333333333333333,0.7777777777777778,1.5666666666666667,1.0,0.95,1.0
9941,0.6923076923076923,1.2321428571428572,0.0,0.8,0.3333333333333333,0.7777777777777778,1.5666666666666667,1.0,0.95,1.0,1.2941176470588236
9942,1.2321428571428572,0.0,0.8,0.3333333333333333,0.7777777777777778,1.5666666666666667,1.0,0.95,1.0,1.2941176470588236,0.7142857142857143
9943,0.0,0.8,0.3333333333333333,0.7777777777777778,1.5666666666666667,1.0,0.95,1.0,1.2941176470588236,0.7142857142857143,0.8
9944,0.8,0.3333333333333333,0.7777777777777778,1.5666666666666667,1.0,0.95,1.0,1.2941176470588236,0.7142857142857143,0.8,1.3181818181818181
9945,0.3333333333333333,0.7777777777777778,1.5666666666666667,1.0,0.95,1.0,1.2941176470588236,0.7142857142857143,0.8,1.3181818181818181,0.0
9946,0.7777777777777778,1.5666666666666667,1.0,0.95,1.0,1.2941176470588236,0.7142857142857143,0.8,1.3181818181818181,0.0,0.0
9947,1.5666666666666667,1.0,0.95,1.0,1.2941176470588236,0.7142857142857143,0.8,1.3181818181818181,0.0,0.0,0.5416666666666666
9948,1.0,0.95,1.0,1.2941176470588236,0.7142857142857143,0.8,1.3181818181818181,0.0,0.0,0.5416666666666666,1.1379310344827587
9949,0.7142857142857143,0.9230769230769231,0.5,1.3636363636363635,0.5714285714285714,1.3333333333333333,1.6153846153846154,0.5714285714285714,1.9615384615384615,0.8888888888888888,0.7
9950,0.9230769230769231,0.5,1.3636363636363635,0.5714285714285714,1.3333333333333333,1.6153846153846154,0.5714285714285714,1.9615384615384615,0.8888888888888888,0.7,0.6
9951,0.5,1.3636363636363635,0.5714285714285714,1.3333333333333333,1.6153846153846154,0.5714285714285714,1.9615384615384615,0.8888888888888888,0.7,0.6,1.1428571428571428
9952,1.3636363636363635,0.5714285714285714,1.3333333333333333,1.6153846153846154,0.5714285714285714,1.9615384615384615,0.8888888888888888,0.7,0.6,1.1428571428571428,0.0
9953,0.5714285714285714,1.3333333333333333,1.6153846153846154,0.5714285714285714,1.9615384615384615,0.8888888888888888,0.7,0.6,1.1428571428571428,0.0,1.4166666666666667
9954,1.3333333333333333,1.6153846153846154,0.5714285714285714,1.9615384615384615,0.8888888888888888,0.7,0.6,1.1428571428571428,0.0,1.4166666666666667,1.380952380952381
9955,1.6153846153846154,0.5714285714285714,1.9615384615384615,0.8888888888888888,0.7,0.6,1.1428571428571428,0.0,1.4166666666666667,1.380952380952381,0.6774193548387096
9956,0.5714285714285714,1.9615384615384615,0.8888888888888888,0.7,0.6,1.1428571428571428,0.0,1.4166666666666667,1.380952380952381,0.6774193548387096,0.0
9957,1.9615384615384615,0.8888888888888888,0.7,0.6,1.1428571428571428,0.0,1.4166666666666667,1.380952380952381,0.6774193548387096,0.0,1.875
9958,2.4,0.3333333333333333,0.5,0.8571428571428571,0.0,1.1111111111111112,2.0,4.0,0.6666666666666666,1.3333333333333333,2.25
9959,0.3333333333333333,0.5,0.8571428571428571,0.0,1.1111111111111112,2.0,4.0,0.6666666666666666,1.3333333333333333,2.25,1.0
9960,0.5,0.8571428571428571,0.0,1.1111111111111112,2.0,4.0,0.6666666666666666,1.3333333333333333,2.25,1.0,1.1111111111111112
9961,0.8571428571428571,0.0,1.1111111111111112,2.0,4.0,0.6666666666666666,1.3333333333333333,2.25,1.0,1.1111111111111112,2.4166666666666665
9962,0.0,1.1111111111111112,2.0,4.0,0.6666666666666666,1.3333333333333333,2.25,1.0,1.1111111111111112,2.4166666666666665,2.323529411764706
9963,1.1111111111111112,2.0,4.0,0.6666666666666666,1.3333333333333333,2.25,1.0,1.1111111111111112,2.4166666666666665,2.323529411764706,2.0
9964,2.0,4.0,0.6666666666666666,1.3333333333333333,2.25,1.0,1.1111111111111112,2.4166666666666665,2.323529411764706,2.0,0.5
9965,4.0,0.6666666666666666,1.3333333333333333,2.25,1.0,1.1111111111111112,2.4166666666666665,2.323529411764706,2.0,0.5,0.4
9966,0.6666666666666666,1.3333333333333333,2.25,1.0,1.1111111111111112,2.4166666666666665,2.323529411764706,2.0,0.5,0.4,0.0
9967,1.3333333333333333,2.25,1.0,1.1111111111111112,2.4166666666666665,2.323529411764706,2.0,0.5,0.4,0.0,2.0
9968,2.25,1.0,1.1111111111111112,2.4166666666666665,2.323529411764706,2.0,0.5,0.4,0.0,2.0,1.40625
9969,1.0,1.1111111111111112,2.4166666666666665,2.323529411764706,2.0,0.5,0.4,0.0,2.0,1.40625,0.0
9970,1.1111111111111112,2.4166666666666665,2.323529411764706,2.0,0.5,0.4,0.0,2.0,1.40625,0.0,0.16666666666666666
9971,2.4166666666666665,2.323529411764706,2.0,0.5,0.4,0.0,2.0,1.40625,0.0,0.16666666666666666,1.40625
9972,2.323529411764706,2.0,0.5,0.4,0.0,2.0,1.40625,0.0,0.16666666666666666,1.40625,1.162162162162162
9973,2.0,0.5,0.4,0.0,2.0,1.40625,0.0,0.16666666666666666,1.40625,1.162162162162162,1.4615384615384615
9974,0.5,0.4,0.0,2.0,1.40625,0.0,0.16666666666666666,1.40625,1.162162162162162,1.4615384615384615,2.1
9975,0.4,0.0,2.0,1.40625,0.0,0.16666666666666666,1.40625,1.162162162162162,1.4615384615384615,2.1,0.8461538461538461
9976,0.0,2.0,1.40625,0.0,0.16666666666666666,1.40625,1.162162162162162,1.4615384615384615,2.1,0.8461538461538461,0.25
9977,2.0,1.40625,0.0,0.16666666666666666,1.40625,1.162162162162162,1.4615384615384615,2.1,0.8461538461538461,0.25,1.8695652173913044
9978,1.40625,0.0,0.16666666666666666,1.40625,1.162162162162162,1.4615384615384615,2.1,0.8461538461538461,0.25,1.8695652173913044,0.0
9979,0.0,0.16666666666666666,1.40625,1.162162162162162,1.4615384615384615,2.1,0.8461538461538461,0.25,1.8695652173913044,0.0,1.0
9980,0.16666666666666666,1.40625,1.162162162162162,1.4615384615384615,2.1,0.8461538461538461,0.25,1.8695652173913044,0.0,1.0,1.6666666666666667
9981,1.40625,1.162162162162162,1.4615384615384615,2.1,0.8461538461538461,0.25,1.8695652173913044,0.0,1.0,1.6666666666666667,1.391304347826087
9982,1.162162162162162,1.4615384615384615,2.1,0.8461538461538461,0.25,1.8695652173913044,0.0,1.0,1.6666666666666667,1.391304347826087,0.8333333333333334
9983,1.4615384615384615,2.1,0.8461538461538461,0.25,1.8695652173913044,0.0,1.0,1.6666666666666667,1.391304347826087,0.8333333333333334,0.8571428571428571
9984,2.1,0.8461538461538461,0.25,1.8695652173913044,0.0,1.0,1.6666666666666667,1.391304347826087,0.8333333333333334,0.8571428571428571,1.3125
9985,0.8461538461538461,0.25,1.8695652173913044,0.0,1.0,1.6666666666666667,1.391304347826087,0.8333333333333334,0.8571428571428571,1.3125,0.9767441860465116
9986,0.25,1.8695652173913044,0.0,1.0,1.6666666666666667,1.391304347826087,0.8333333333333334,0.8571428571428571,1.3125,0.9767441860465116,1.5
9987,1.8695652173913044,0.0,1.0,1.6666666666666667,1.391304347826087,0.8333333333333334,0.8571428571428571,1.3125,0.9767441860465116,1.5,1.0588235294117647
9988,0.0,1.0,1.6666666666666667,1.391304347826087,0.8333333333333334,0.8571428571428571,1.3125,0.9767441860465116,1.5,1.0588235294117647,1.0
9989,1.0,1.6666666666666667,1.391304347826087,0.8333333333333334,0.8571428571428571,1.3125,0.9767441860465116,1.5,1.0588235294117647,1.0,1.4
9990,1.6666666666666667,1.391304347826087,0.8333333333333334,0.8571428571428571,1.3125,0.9767441860465116,1.5,1.0588235294117647,1.0,1.4,1.3571428571428572
9991,1.391304347826087,0.8333333333333334,0.8571428571428571,1.3125,0.9767441860465116,1.5,1.0588235294117647,1.0,1.4,1.3571428571428572,1.3571428571428572
9992,0.8333333333333334,0.8571428571428571,1.3125,0.9767441860465116,1.5,1.0588235294117647,1.0,1.4,1.3571428571428572,1.3571428571428572,0.9534883720930233
9993,0.8571428571428571,1.3125,0.9767441860465116,1.5,1.0588235294117647,1.0,1.4,1.3571428571428572,1.3571428571428572,0.9534883720930233,1.2857142857142858
9994,1.3125,0.9767441860465116,1.5,1.0588235294117647,1.0,1.4,1.3571428571428572,1.3571428571428572,0.9534883720930233,1.2857142857142858,1.2121212121212122
9995,0.9767441860465116,1.5,1.0588235294117647,1.0,1.4,1.3571428571428572,1.3571428571428572,0.9534883720930233,1.2857142857142858,1.2121212121212122,0.0
9996,1.5,1.0588235294117647,1.0,1.4,1.3571428571428572,1.3571428571428572,0.9534883720930233,1.2857142857142858,1.2121212121212122,0.0,1.5806451612903225
9997,1.0588235294117647,1.0,1.4,1.3571428571428572,1.3571428571428572,0.9534883720930233,1.2857142857142858,1.2121212121212122,0.0,1.5806451612903225,0.25
9998,1.0,1.4,1.3571428571428572,1.3571428571428572,0.9534883720930233,1.2857142857142858,1.2121212121212122,0.0,1.5806451612903225,0.25,0.3684210526315789
9999,1.4,1.3571428571428572,1.3571428571428572,0.9534883720930233,1.2857142857142858,1.2121212121212122,0.0,1.5806451612903225,0.25,0.3684210526315789,1.2083333333333333
10000,1.3571428571428572,1.3571428571428572,0.9534883720930233,1.2857142857142858,1.2121212121212122,0.0,1.5806451612903225,0.25,0.3684210526315789,1.2083333333333333,-6.0
10001,1.3571428571428572,0.9534883720930233,1.2857142857142858,1.2121212121212122,0.0,1.5806451612903225,0.25,0.3684210526315789,1.2083333333333333,-6.0,1.7777777777777777
10002,0.9534883720930233,1.2857142857142858,1.2121212121212122,0.0,1.5806451612903225,0.25,0.3684210526315789,1.2083333333333333,-6.0,1.7777777777777777,1.103448275862069
10003,1.2857142857142858,1.2121212121212122,0.0,1.5806451612903225,0.25,0.3684210526315789,1.2083333333333333,-6.0,1.7777777777777777,1.103448275862069,1.4583333333333333
10004,1.2121212121212122,0.0,1.5806451612903225,0.25,0.3684210526315789,1.2083333333333333,-6.0,1.7777777777777777,1.103448275862069,1.4583333333333333,0.5
10005,0.0,1.5806451612903225,0.25,0.3684210526315789,1.2083333333333333,-6.0,1.7777777777777777,1.103448275862069,1.4583333333333333,0.5,1.53125
10006,1.5806451612903225,0.25,0.3684210526315789,1.2083333333333333,-6.0,1.7777777777777777,1.103448275862069,1.4583333333333333,0.5,1.53125,1.6363636363636365
10007,0.25,0.3684210526315789,1.2083333333333333,-6.0,1.7777777777777777,1.103448275862069,1.4583333333333333,0.5,1.53125,1.6363636363636365,1.9411764705882353
10008,0.3684210526315789,1.2083333333333333,-6.0,1.7777777777777777,1.103448275862069,1.4583333333333333,0.5,1.53125,1.6363636363636365,1.9411764705882353,1.0
10009,1.2083333333333333,-6.0,1.7777777777777777,1.103448275862069,1.4583333333333333,0.5,1.53125,1.6363636363636365,1.9411764705882353,1.0,1.6666666666666667
10010,-6.0,1.7777777777777777,1.103448275862069,1.4583333333333333,0.5,1.53125,1.6363636363636365,1.9411764705882353,1.0,1.6666666666666667,0.3333333333333333
10011,1.7777777777777777,1.103448275862069,1.4583333333333333,0.5,1.53125,1.6363636363636365,1.9411764705882353,1.0,1.6666666666666667,0.3333333333333333,0.5
10012,1.103448275862069,1.4583333333333333,0.5,1.53125,1.6363636363636365,1.9411764705882353,1.0,1.6666666666666667,0.3333333333333333,0.5,0.7142857142857143
10013,1.4583333333333333,0.5,1.53125,1.6363636363636365,1.9411764705882353,1.0,1.6666666666666667,0.3333333333333333,0.5,0.7142857142857143,0.6
10014,0.5,1.53125,1.6363636363636365,1.9411764705882353,1.0,1.6666666666666667,0.3333333333333333,0.5,0.7142857142857143,0.6,2.0
10015,1.53125,1.6363636363636365,1.9411764705882353,1.0,1.6666666666666667,0.3333333333333333,0.5,0.7142857142857143,0.6,2.0,1.7142857142857142
10016,1.6363636363636365,1.9411764705882353,1.0,1.6666666666666667,0.3333333333333333,0.5,0.7142857142857143,0.6,2.0,1.7142857142857142,1.4210526315789473
10017,1.9411764705882353,1.0,1.6666666666666667,0.3333333333333333,0.5,0.7142857142857143,0.6,2.0,1.7142857142857142,1.4210526315789473,1.9545454545454546
10018,1.0,1.6666666666666667,0.3333333333333333,0.5,0.7142857142857143,0.6,2.0,1.7142857142857142,1.4210526315789473,1.9545454545454546,1.0961538461538463
10019,1.6666666666666667,0.3333333333333333,0.5,0.7142857142857143,0.6,2.0,1.7142857142857142,1.4210526315789473,1.9545454545454546,1.0961538461538463,1.3396226415094339
10020,0.3333333333333333,0.5,0.7142857142857143,0.6,2.0,1.7142857142857142,1.4210526315789473,1.9545454545454546,1.0961538461538463,1.3396226415094339,1.1818181818181819
10021,0.5,0.7142857142857143,0.6,2.0,1.7142857142857142,1.4210526315789473,1.9545454545454546,1.0961538461538463,1.3396226415094339,1.1818181818181819,1.2727272727272727
10022,0.7142857142857143,0.6,2.0,1.7142857142857142,1.4210526315789473,1.9545454545454546,1.0961538461538463,1.3396226415094339,1.1818181818181819,1.2727272727272727,1.6341463414634145
10023,0.6,2.0,1.7142857142857142,1.4210526315789473,1.9545454545454546,1.0961538461538463,1.3396226415094339,1.1818181818181819,1.2727272727272727,1.6341463414634145,1.65
10024,2.0,1.7142857142857142,1.4210526315789473,1.9545454545454546,1.0961538461538463,1.3396226415094339,1.1818181818181819,1.2727272727272727,1.6341463414634145,1.65,1.0
10025,1.7142857142857142,1.4210526315789473,1.9545454545454546,1.0961538461538463,1.3396226415094339,1.1818181818181819,1.2727272727272727,1.6341463414634145,1.65,1.0,0.3333333333333333
10026,1.4210526315789473,1.9545454545454546,1.0961538461538463,1.3396226415094339,1.1818181818181819,1.2727272727272727,1.6341463414634145,1.65,1.0,0.3333333333333333,1.35
10027,1.9545454545454546,1.0961538461538463,1.3396226415094339,1.1818181818181819,1.2727272727272727,1.6341463414634145,1.65,1.0,0.3333333333333333,1.35,0.2
10028,1.0961538461538463,1.3396226415094339,1.1818181818181819,1.2727272727272727,1.6341463414634145,1.65,1.0,0.3333333333333333,1.35,0.2,2.3
10029,1.3396226415094339,1.1818181818181819,1.2727272727272727,1.6341463414634145,1.65,1.0,0.3333333333333333,1.35,0.2,2.3,2.090909090909091
10030,1.1818181818181819,1.2727272727272727,1.6341463414634145,1.65,1.0,0.3333333333333333,1.35,0.2,2.3,2.090909090909091,2.3333333333333335
10031,1.2727272727272727,1.6341463414634145,1.65,1.0,0.3333333333333333,1.35,0.2,2.3,2.090909090909091,2.3333333333333335,1.2105263157894737
10032,1.6341463414634145,1.65,1.0,0.3333333333333333,1.35,0.2,2.3,2.090909090909091,2.3333333333333335,1.2105263157894737,0.125
10033,1.65,1.0,0.3333333333333333,1.35,0.2,2.3,2.090909090909091,2.3333333333333335,1.2105263157894737,0.125,1.3125
10034,1.0,0.3333333333333333,1.35,0.2,2.3,2.090909090909091,2.3333333333333335,1.2105263157894737,0.125,1.3125,0.6129032258064516
10035,0.3333333333333333,1.35,0.2,2.3,2.090909090909091,2.3333333333333335,1.2105263157894737,0.125,1.3125,0.6129032258064516,1.206896551724138
10036,1.35,0.2,2.3,2.090909090909091,2.3333333333333335,1.2105263157894737,0.125,1.3125,0.6129032258064516,1.206896551724138,1.6875
10037,0.2,2.3,2.090909090909091,2.3333333333333335,1.2105263157894737,0.125,1.3125,0.6129032258064516,1.206896551724138,1.6875,0.0
10038,2.3,2.090909090909091,2.3333333333333335,1.2105263157894737,0.125,1.3125,0.6129032258064516,1.206896551724138,1.6875,0.0,1.4242424242424243
10039,2.090909090909091,2.3333333333333335,1.2105263157894737,0.125,1.3125,0.6129032258064516,1.206896551724138,1.6875,0.0,1.4242424242424243,2.466666666666667
10040,2.3333333333333335,1.2105263157894737,0.125,1.3125,0.6129032258064516,1.206896551724138,1.6875,0.0,1.4242424242424243,2.466666666666667,1.375
10041,1.2105263157894737,0.125,1.3125,0.6129032258064516,1.206896551724138,1.6875,0.0,1.4242424242424243,2.466666666666667,1.375,0.8918918918918919
10042,0.125,1.3125,0.6129032258064516,1.206896551724138,1.6875,0.0,1.4242424242424243,2.466666666666667,1.375,0.8918918918918919,0.25
10043,1.3125,0.6129032258064516,1.206896551724138,1.6875,0.0,1.4242424242424243,2.466666666666667,1.375,0.8918918918918919,0.25,1.2727272727272727
10044,0.6129032258064516,1.206896551724138,1.6875,0.0,1.4242424242424243,2.466666666666667,1.375,0.8918918918918919,0.25,1.2727272727272727,1.2758620689655173
10045,1.206896551724138,1.6875,0.0,1.4242424242424243,2.466666666666667,1.375,0.8918918918918919,0.25,1.2727272727272727,1.2758620689655173,0.8611111111111112
10046,1.6875,0.0,1.4242424242424243,2.466666666666667,1.375,0.8918918918918919,0.25,1.2727272727272727,1.2758620689655173,0.8611111111111112,0.8571428571428571
10047,0.0,1.4242424242424243,2.466666666666667,1.375,0.8918918918918919,0.25,1.2727272727272727,1.2758620689655173,0.8611111111111112,0.8571428571428571,0.9
10048,1.4242424242424243,2.466666666666667,1.375,0.8918918918918919,0.25,1.2727272727272727,1.2758620689655173,0.8611111111111112,0.8571428571428571,0.9,0.9142857142857143
10049,2.466666666666667,1.375,0.8918918918918919,0.25,1.2727272727272727,1.2758620689655173,0.8611111111111112,0.8571428571428571,0.9,0.9142857142857143,1.1379310344827587
10050,1.375,0.8918918918918919,0.25,1.2727272727272727,1.2758620689655173,0.8611111111111112,0.8571428571428571,0.9,0.9142857142857143,1.1379310344827587,1.1666666666666667
10051,0.8918918918918919,0.25,1.2727272727272727,1.2758620689655173,0.8611111111111112,0.8571428571428571,0.9,0.9142857142857143,1.1379310344827587,1.1666666666666667,0.6875
10052,0.25,1.2727272727272727,1.2758620689655173,0.8611111111111112,0.8571428571428571,0.9,0.9142857142857143,1.1379310344827587,1.1666666666666667,0.6875,1.7857142857142858
10053,1.2727272727272727,1.2758620689655173,0.8611111111111112,0.8571428571428571,0.9,0.9142857142857143,1.1379310344827587,1.1666666666666667,0.6875,1.7857142857142858,0.5238095238095238
10054,1.2758620689655173,0.8611111111111112,0.8571428571428571,0.9,0.9142857142857143,1.1379310344827587,1.1666666666666667,0.6875,1.7857142857142858,0.5238095238095238,1.6666666666666667
10055,0.8611111111111112,0.8571428571428571,0.9,0.9142857142857143,1.1379310344827587,1.1666666666666667,0.6875,1.7857142857142858,0.5238095238095238,1.6666666666666667,1.4545454545454546
10056,0.8571428571428571,0.9,0.9142857142857143,1.1379310344827587,1.1666666666666667,0.6875,1.7857142857142858,0.5238095238095238,1.6666666666666667,1.4545454545454546,1.48
10057,0.0,1.4528301886792452,0.5714285714285714,0.25,0.2,0.5555555555555556,1.5714285714285714,0.5,1.096774193548387,0.0,0.6956521739130435
10058,1.4528301886792452,0.5714285714285714,0.25,0.2,0.5555555555555556,1.5714285714285714,0.5,1.096774193548387,0.0,0.6956521739130435,0.6666666666666666
10059,0.5714285714285714,0.25,0.2,0.5555555555555556,1.5714285714285714,0.5,1.096774193548387,0.0,0.6956521739130435,0.6666666666666666,1.5294117647058822
10060,0.25,0.2,0.5555555555555556,1.5714285714285714,0.5,1.096774193548387,0.0,0.6956521739130435,0.6666666666666666,1.5294117647058822,1.875
10061,0.2,0.5555555555555556,1.5714285714285714,0.5,1.096774193548387,0.0,0.6956521739130435,0.6666666666666666,1.5294117647058822,1.875,0.0
10062,0.5555555555555556,1.5714285714285714,0.5,1.096774193548387,0.0,0.6956521739130435,0.6666666666666666,1.5294117647058822,1.875,0.0,0.7142857142857143
10063,1.5714285714285714,0.5,1.096774193548387,0.0,0.6956521739130435,0.6666666666666666,1.5294117647058822,1.875,0.0,0.7142857142857143,0.625
10064,0.5,1.096774193548387,0.0,0.6956521739130435,0.6666666666666666,1.5294117647058822,1.875,0.0,0.7142857142857143,0.625,0.36363636363636365
10065,1.096774193548387,0.0,0.6956521739130435,0.6666666666666666,1.5294117647058822,1.875,0.0,0.7142857142857143,0.625,0.36363636363636365,1.3333333333333333
10066,0.0,0.6956521739130435,0.6666666666666666,1.5294117647058822,1.875,0.0,0.7142857142857143,0.625,0.36363636363636365,1.3333333333333333,0.14285714285714285
10067,0.6956521739130435,0.6666666666666666,1.5294117647058822,1.875,0.0,0.7142857142857143,0.625,0.36363636363636365,1.3333333333333333,0.14285714285714285,0.9117647058823529
10068,0.6666666666666666,1.5294117647058822,1.875,0.0,0.7142857142857143,0.625,0.36363636363636365,1.3333333333333333,0.14285714285714285,0.9117647058823529,0.7222222222222222
10069,1.5294117647058822,1.875,0.0,0.7142857142857143,0.625,0.36363636363636365,1.3333333333333333,0.14285714285714285,0.9117647058823529,0.7222222222222222,1.0
10070,1.875,0.0,0.7142857142857143,0.625,0.36363636363636365,1.3333333333333333,0.14285714285714285,0.9117647058823529,0.7222222222222222,1.0,1.3636363636363635
10071,0.0,0.7142857142857143,0.625,0.36363636363636365,1.3333333333333333,0.14285714285714285,0.9117647058823529,0.7222222222222222,1.0,1.3636363636363635,1.1111111111111112
10072,0.7142857142857143,0.625,0.36363636363636365,1.3333333333333333,0.14285714285714285,0.9117647058823529,0.7222222222222222,1.0,1.3636363636363635,1.1111111111111112,4.333333333333333
10073,0.625,0.36363636363636365,1.3333333333333333,0.14285714285714285,0.9117647058823529,0.7222222222222222,1.0,1.3636363636363635,1.1111111111111112,4.333333333333333,0.6
10074,0.36363636363636365,1.3333333333333333,0.14285714285714285,0.9117647058823529,0.7222222222222222,1.0,1.3636363636363635,1.1111111111111112,4.333333333333333,0.6,0.5
10075,1.3333333333333333,0.14285714285714285,0.9117647058823529,0.7222222222222222,1.0,1.3636363636363635,1.1111111111111112,4.333333333333333,0.6,0.5,1.875
10076,0.14285714285714285,0.9117647058823529,0.7222222222222222,1.0,1.3636363636363635,1.1111111111111112,4.333333333333333,0.6,0.5,1.875,1.3478260869565217
10077,0.9117647058823529,0.7222222222222222,1.0,1.3636363636363635,1.1111111111111112,4.333333333333333,0.6,0.5,1.875,1.3478260869565217,1.25
10078,0.7222222222222222,1.0,1.3636363636363635,1.1111111111111112,4.333333333333333,0.6,0.5,1.875,1.3478260869565217,1.25,1.25
10079,1.0,1.3636363636363635,1.1111111111111112,4.333333333333333,0.6,0.5,1.875,1.3478260869565217,1.25,1.25,1.6956521739130435
10080,1.3636363636363635,1.1111111111111112,4.333333333333333,0.6,0.5,1.875,1.3478260869565217,1.25,1.25,1.6956521739130435,1.24
10081,1.1111111111111112,4.333333333333333,0.6,0.5,1.875,1.3478260869565217,1.25,1.25,1.6956521739130435,1.24,0.0
10082,4.333333333333333,0.6,0.5,1.875,1.3478260869565217,1.25,1.25,1.6956521739130435,1.24,0.0,1.1071428571428572
10083,0.6,0.5,1.875,1.3478260869565217,1.25,1.25,1.6956521739130435,1.24,0.0,1.1071428571428572,1.8695652173913044
10084,0.5,1.875,1.3478260869565217,1.25,1.25,1.6956521739130435,1.24,0.0,1.1071428571428572,1.8695652173913044,1.4375
10085,1.875,1.3478260869565217,1.25,1.25,1.6956521739130435,1.24,0.0,1.1071428571428572,1.8695652173913044,1.4375,1.6341463414634145
10086,1.3478260869565217,1.25,1.25,1.6956521739130435,1.24,0.0,1.1071428571428572,1.8695652173913044,1.4375,1.6341463414634145,1.3
10087,1.25,1.25,1.6956521739130435,1.24,0.0,1.1071428571428572,1.8695652173913044,1.4375,1.6341463414634145,1.3,2.0
10088,1.25,1.6956521739130435,1.24,0.0,1.1071428571428572,1.8695652173913044,1.4375,1.6341463414634145,1.3,2.0,1.6444444444444444
10089,1.6956521739130435,1.24,0.0,1.1071428571428572,1.8695652173913044,1.4375,1.6341463414634145,1.3,2.0,1.6444444444444444,0.5
10090,1.24,0.0,1.1071428571428572,1.8695652173913044,1.4375,1.6341463414634145,1.3,2.0,1.6444444444444444,0.5,1.6153846153846154
10091,0.0,1.1071428571428572,1.8695652173913044,1.4375,1.6341463414634145,1.3,2.0,1.6444444444444444,0.5,1.6153846153846154,1.625
10092,1.0,0.0,1.6666666666666667,1.1818181818181819,0.3333333333333333,1.4444444444444444,1.8461538461538463,2.5555555555555554,1.4545454545454546,1.4090909090909092,0.5
10093,0.0,1.6666666666666667,1.1818181818181819,0.3333333333333333,1.4444444444444444,1.8461538461538463,2.5555555555555554,1.4545454545454546,1.4090909090909092,0.5,1.5
10094,1.6666666666666667,1.1818181818181819,0.3333333333333333,1.4444444444444444,1.8461538461538463,2.5555555555555554,1.4545454545454546,1.4090909090909092,0.5,1.5,3.090909090909091
10095,1.1818181818181819,0.3333333333333333,1.4444444444444444,1.8461538461538463,2.5555555555555554,1.4545454545454546,1.4090909090909092,0.5,1.5,3.090909090909091,2.2857142857142856
10096,0.3333333333333333,1.4444444444444444,1.8461538461538463,2.5555555555555554,1.4545454545454546,1.4090909090909092,0.5,1.5,3.090909090909091,2.2857142857142856,0.3333333333333333
10097,1.4444444444444444,1.8461538461538463,2.5555555555555554,1.4545454545454546,1.4090909090909092,0.5,1.5,3.090909090909091,2.2857142857142856,0.3333333333333333,0.0
10098,1.8461538461538463,2.5555555555555554,1.4545454545454546,1.4090909090909092,0.5,1.5,3.090909090909091,2.2857142857142856,0.3333333333333333,0.0,0.5714285714285714
10099,2.5555555555555554,1.4545454545454546,1.4090909090909092,0.5,1.5,3.090909090909091,2.2857142857142856,0.3333333333333333,0.0,0.5714285714285714,1.9230769230769231
10100,1.4545454545454546,1.4090909090909092,0.5,1.5,3.090909090909091,2.2857142857142856,0.3333333333333333,0.0,0.5714285714285714,1.9230769230769231,2.0952380952380953
10101,1.4090909090909092,0.5,1.5,3.090909090909091,2.2857142857142856,0.3333333333333333,0.0,0.5714285714285714,1.9230769230769231,2.0952380952380953,0.6666666666666666
10102,0.5,1.5,3.090909090909091,2.2857142857142856,0.3333333333333333,0.0,0.5714285714285714,1.9230769230769231,2.0952380952380953,0.6666666666666666,3.2142857142857144
10103,1.5,3.090909090909091,2.2857142857142856,0.3333333333333333,0.0,0.5714285714285714,1.9230769230769231,2.0952380952380953,0.6666666666666666,3.2142857142857144,1.9
10104,3.090909090909091,2.2857142857142856,0.3333333333333333,0.0,0.5714285714285714,1.9230769230769231,2.0952380952380953,0.6666666666666666,3.2142857142857144,1.9,1.6842105263157894
10105,2.2857142857142856,0.3333333333333333,0.0,0.5714285714285714,1.9230769230769231,2.0952380952380953,0.6666666666666666,3.2142857142857144,1.9,1.6842105263157894,2.2222222222222223
10106,1.3333333333333333,0.8333333333333334,1.3636363636363635,1.6428571428571428,1.3333333333333333,0.0,0.9411764705882353,1.2222222222222223,1.2105263157894737,1.4130434782608696,1.0
10107,0.8333333333333334,1.3636363636363635,1.6428571428571428,1.3333333333333333,0.0,0.9411764705882353,1.2222222222222223,1.2105263157894737,1.4130434782608696,1.0,1.3333333333333333
10108,1.3636363636363635,1.6428571428571428,1.3333333333333333,0.0,0.9411764705882353,1.2222222222222223,1.2105263157894737,1.4130434782608696,1.0,1.3333333333333333,0.5
10109,1.6428571428571428,1.3333333333333333,0.0,0.9411764705882353,1.2222222222222223,1.2105263157894737,1.4130434782608696,1.0,1.3333333333333333,0.5,1.0
10110,1.3333333333333333,0.0,0.9411764705882353,1.2222222222222223,1.2105263157894737,1.4130434782608696,1.0,1.3333333333333333,0.5,1.0,1.6842105263157894
10111,0.0,0.9411764705882353,1.2222222222222223,1.2105263157894737,1.4130434782608696,1.0,1.3333333333333333,0.5,1.0,1.6842105263157894,1.4285714285714286
10112,0.9411764705882353,1.2222222222222223,1.2105263157894737,1.4130434782608696,1.0,1.3333333333333333,0.5,1.0,1.6842105263157894,1.4285714285714286,0.4
10113,1.2222222222222223,1.2105263157894737,1.4130434782608696,1.0,1.3333333333333333,0.5,1.0,1.6842105263157894,1.4285714285714286,0.4,1.0
10114,1.2105263157894737,1.4130434782608696,1.0,1.3333333333333333,0.5,1.0,1.6842105263157894,1.4285714285714286,0.4,1.0,1.2307692307692308
10115,1.4130434782608696,1.0,1.3333333333333333,0.5,1.0,1.6842105263157894,1.4285714285714286,0.4,1.0,1.2307692307692308,0.46153846153846156
10116,1.0,1.3333333333333333,0.5,1.0,1.6842105263157894,1.4285714285714286,0.4,1.0,1.2307692307692308,0.46153846153846156,1.0
10117,1.3333333333333333,0.5,1.0,1.6842105263157894,1.4285714285714286,0.4,1.0,1.2307692307692308,0.46153846153846156,1.0,1.7272727272727273
10118,0.5,1.0,1.6842105263157894,1.4285714285714286,0.4,1.0,1.2307692307692308,0.46153846153846156,1.0,1.7272727272727273,1.5454545454545454
10119,1.0,1.6842105263157894,1.4285714285714286,0.4,1.0,1.2307692307692308,0.46153846153846156,1.0,1.7272727272727273,1.5454545454545454,1.5
10120,1.6842105263157894,1.4285714285714286,0.4,1.0,1.2307692307692308,0.46153846153846156,1.0,1.7272727272727273,1.5454545454545454,1.5,3.0
10121,1.4285714285714286,0.4,1.0,1.2307692307692308,0.46153846153846156,1.0,1.7272727272727273,1.5454545454545454,1.5,3.0,1.2962962962962963
10122,0.4,1.0,1.2307692307692308,0.46153846153846156,1.0,1.7272727272727273,1.5454545454545454,1.5,3.0,1.2962962962962963,0.9166666666666666
10123,1.0,1.2307692307692308,0.46153846153846156,1.0,1.7272727272727273,1.5454545454545454,1.5,3.0,1.2962962962962963,0.9166666666666666,1.0
10124,1.2307692307692308,0.46153846153846156,1.0,1.7272727272727273,1.5454545454545454,1.5,3.0,1.2962962962962963,0.9166666666666666,1.0,1.0555555555555556
10125,0.46153846153846156,1.0,1.7272727272727273,1.5454545454545454,1.5,3.0,1.2962962962962963,0.9166666666666666,1.0,1.0555555555555556,1.2
10126,1.0,1.7272727272727273,1.5454545454545454,1.5,3.0,1.2962962962962963,0.9166666666666666,1.0,1.0555555555555556,1.2,1.4285714285714286
10127,1.7272727272727273,1.5454545454545454,1.5,3.0,1.2962962962962963,0.9166666666666666,1.0,1.0555555555555556,1.2,1.4285714285714286,0.0
10128,1.5454545454545454,1.5,3.0,1.2962962962962963,0.9166666666666666,1.0,1.0555555555555556,1.2,1.4285714285714286,0.0,1.3636363636363635
10129,1.5,3.0,1.2962962962962963,0.9166666666666666,1.0,1.0555555555555556,1.2,1.4285714285714286,0.0,1.3636363636363635,1.9285714285714286
10130,3.0,1.2962962962962963,0.9166666666666666,1.0,1.0555555555555556,1.2,1.4285714285714286,0.0,1.3636363636363635,1.9285714285714286,1.5
10131,1.2962962962962963,0.9166666666666666,1.0,1.0555555555555556,1.2,1.4285714285714286,0.0,1.3636363636363635,1.9285714285714286,1.5,2.125
10132,0.9166666666666666,1.0,1.0555555555555556,1.2,1.4285714285714286,0.0,1.3636363636363635,1.9285714285714286,1.5,2.125,1.4666666666666666
10133,1.0,1.0555555555555556,1.2,1.4285714285714286,0.0,1.3636363636363635,1.9285714285714286,1.5,2.125,1.4666666666666666,1.2
10134,1.0555555555555556,1.2,1.4285714285714286,0.0,1.3636363636363635,1.9285714285714286,1.5,2.125,1.4666666666666666,1.2,0.3333333333333333
10135,1.2,1.4285714285714286,0.0,1.3636363636363635,1.9285714285714286,1.5,2.125,1.4666666666666666,1.2,0.3333333333333333,0.25
10136,1.4285714285714286,0.0,1.3636363636363635,1.9285714285714286,1.5,2.125,1.4666666666666666,1.2,0.3333333333333333,0.25,1.3478260869565217
10137,3.0,0.4375,1.25,1.0,1.25,2.25,0.3333333333333333,0.0,6.0,1.5,1.0952380952380953
10138,0.4375,1.25,1.0,1.25,2.25,0.3333333333333333,0.0,6.0,1.5,1.0952380952380953,1.5
10139,1.25,1.0,1.25,2.25,0.3333333333333333,0.0,6.0,1.5,1.0952380952380953,1.5,0.9375
10140,1.0,1.25,2.25,0.3333333333333333,0.0,6.0,1.5,1.0952380952380953,1.5,0.9375,1.25
10141,1.25,2.25,0.3333333333333333,0.0,6.0,1.5,1.0952380952380953,1.5,0.9375,1.25,0.6666666666666666
10142,2.25,0.3333333333333333,0.0,6.0,1.5,1.0952380952380953,1.5,0.9375,1.25,0.6666666666666666,1.3333333333333333
10143,0.3333333333333333,0.0,6.0,1.5,1.0952380952380953,1.5,0.9375,1.25,0.6666666666666666,1.3333333333333333,1.0
10144,0.0,6.0,1.5,1.0952380952380953,1.5,0.9375,1.25,0.6666666666666666,1.3333333333333333,1.0,1.4375
10145,6.0,1.5,1.0952380952380953,1.5,0.9375,1.25,0.6666666666666666,1.3333333333333333,1.0,1.4375,0.25
10146,1.5,1.0952380952380953,1.5,0.9375,1.25,0.6666666666666666,1.3333333333333333,1.0,1.4375,0.25,1.2075471698113207
10147,1.0952380952380953,1.5,0.9375,1.25,0.6666666666666666,1.3333333333333333,1.0,1.4375,0.25,1.2075471698113207,1.5
10148,1.5,0.9375,1.25,0.6666666666666666,1.3333333333333333,1.0,1.4375,0.25,1.2075471698113207,1.5,0.6
10149,0.9375,1.25,0.6666666666666666,1.3333333333333333,1.0,1.4375,0.25,1.2075471698113207,1.5,0.6,0.5
10150,1.25,0.6666666666666666,1.3333333333333333,1.0,1.4375,0.25,1.2075471698113207,1.5,0.6,0.5,1.1666666666666667
10151,0.6666666666666666,1.3333333333333333,1.0,1.4375,0.25,1.2075471698113207,1.5,0.6,0.5,1.1666666666666667,1.0
10152,1.3333333333333333,1.0,1.4375,0.25,1.2075471698113207,1.5,0.6,0.5,1.1666666666666667,1.0,1.6666666666666667
10153,1.0,1.4375,0.25,1.2075471698113207,1.5,0.6,0.5,1.1666666666666667,1.0,1.6666666666666667,2.6666666666666665
10154,1.4375,0.25,1.2075471698113207,1.5,0.6,0.5,1.1666666666666667,1.0,1.6666666666666667,2.6666666666666665,1.2222222222222223
10155,0.25,1.2075471698113207,1.5,0.6,0.5,1.1666666666666667,1.0,1.6666666666666667,2.6666666666666665,1.2222222222222223,0.0
10156,1.2075471698113207,1.5,0.6,0.5,1.1666666666666667,1.0,1.6666666666666667,2.6666666666666665,1.2222222222222223,0.0,4.0
10157,1.5,0.6,0.5,1.1666666666666667,1.0,1.6666666666666667,2.6666666666666665,1.2222222222222223,0.0,4.0,0.5
10158,0.6,0.5,1.1666666666666667,1.0,1.6666666666666667,2.6666666666666665,1.2222222222222223,0.0,4.0,0.5,1.3333333333333333
10159,0.5,1.1666666666666667,1.0,1.6666666666666667,2.6666666666666665,1.2222222222222223,0.0,4.0,0.5,1.3333333333333333,2.0
10160,1.1666666666666667,1.0,1.6666666666666667,2.6666666666666665,1.2222222222222223,0.0,4.0,0.5,1.3333333333333333,2.0,0.8235294117647058
10161,1.0,1.6666666666666667,2.6666666666666665,1.2222222222222223,0.0,4.0,0.5,1.3333333333333333,2.0,0.8235294117647058,1.25
10162,1.6666666666666667,2.6666666666666665,1.2222222222222223,0.0,4.0,0.5,1.3333333333333333,2.0,0.8235294117647058,1.25,1.4
10163,2.6666666666666665,1.2222222222222223,0.0,4.0,0.5,1.3333333333333333,2.0,0.8235294117647058,1.25,1.4,1.8888888888888888
10164,1.2222222222222223,0.0,4.0,0.5,1.3333333333333333,2.0,0.8235294117647058,1.25,1.4,1.8888888888888888,1.7647058823529411
10165,0.0,4.0,0.5,1.3333333333333333,2.0,0.8235294117647058,1.25,1.4,1.8888888888888888,1.7647058823529411,1.1666666666666667
10166,4.0,0.5,1.3333333333333333,2.0,0.8235294117647058,1.25,1.4,1.8888888888888888,1.7647058823529411,1.1666666666666667,0.8125
10167,0.5,1.3333333333333333,2.0,0.8235294117647058,1.25,1.4,1.8888888888888888,1.7647058823529411,1.1666666666666667,0.8125,1.1162790697674418
10168,1.3333333333333333,2.0,0.8235294117647058,1.25,1.4,1.8888888888888888,1.7647058823529411,1.1666666666666667,0.8125,1.1162790697674418,1.5
10169,2.0,0.8235294117647058,1.25,1.4,1.8888888888888888,1.7647058823529411,1.1666666666666667,0.8125,1.1162790697674418,1.5,0.3333333333333333
10170,0.8235294117647058,1.25,1.4,1.8888888888888888,1.7647058823529411,1.1666666666666667,0.8125,1.1162790697674418,1.5,0.3333333333333333,0.6666666666666666
10171,1.25,1.4,1.8888888888888888,1.7647058823529411,1.1666666666666667,0.8125,1.1162790697674418,1.5,0.3333333333333333,0.6666666666666666,2.75
10172,1.4,1.8888888888888888,1.7647058823529411,1.1666666666666667,0.8125,1.1162790697674418,1.5,0.3333333333333333,0.6666666666666666,2.75,0.7142857142857143
10173,1.8888888888888888,1.7647058823529411,1.1666666666666667,0.8125,1.1162790697674418,1.5,0.3333333333333333,0.6666666666666666,2.75,0.7142857142857143,2.2
10174,1.7647058823529411,1.1666666666666667,0.8125,1.1162790697674418,1.5,0.3333333333333333,0.6666666666666666,2.75,0.7142857142857143,2.2,2.875
10175,1.1666666666666667,0.8125,1.1162790697674418,1.5,0.3333333333333333,0.6666666666666666,2.75,0.7142857142857143,2.2,2.875,0.25
10176,0.8125,1.1162790697674418,1.5,0.3333333333333333,0.6666666666666666,2.75,0.7142857142857143,2.2,2.875,0.25,1.0
10177,1.1162790697674418,1.5,0.3333333333333333,0.6666666666666666,2.75,0.7142857142857143,2.2,2.875,0.25,1.0,2.2
10178,1.5,0.3333333333333333,0.6666666666666666,2.75,0.7142857142857143,2.2,2.875,0.25,1.0,2.2,0.9
10179,0.3333333333333333,0.6666666666666666,2.75,0.7142857142857143,2.2,2.875,0.25,1.0,2.2,0.9,2.0
10180,0.6666666666666666,2.75,0.7142857142857143,2.2,2.875,0.25,1.0,2.2,0.9,2.0,1.0
10181,2.75,0.7142857142857143,2.2,2.875,0.25,1.0,2.2,0.9,2.0,1.0,2.0
10182,0.7142857142857143,2.2,2.875,0.25,1.0,2.2,0.9,2.0,1.0,2.0,1.6
10183,2.2,2.875,0.25,1.0,2.2,0.9,2.0,1.0,2.0,1.6,0.6666666666666666
10184,2.875,0.25,1.0,2.2,0.9,2.0,1.0,2.0,1.6,0.6666666666666666,0.2
10185,0.25,1.0,2.2,0.9,2.0,1.0,2.0,1.6,0.6666666666666666,0.2,0.75
10186,1.0,2.2,0.9,2.0,1.0,2.0,1.6,0.6666666666666666,0.2,0.75,1.25
10187,2.2,0.9,2.0,1.0,2.0,1.6,0.6666666666666666,0.2,0.75,1.25,0.3333333333333333
10188,0.9,2.0,1.0,2.0,1.6,0.6666666666666666,0.2,0.75,1.25,0.3333333333333333,0.625
10189,2.0,1.0,2.0,1.6,0.6666666666666666,0.2,0.75,1.25,0.3333333333333333,0.625,1.1864406779661016
10190,1.0,2.0,1.6,0.6666666666666666,0.2,0.75,1.25,0.3333333333333333,0.625,1.1864406779661016,1.6666666666666667
10191,2.0,1.6,0.6666666666666666,0.2,0.75,1.25,0.3333333333333333,0.625,1.1864406779661016,1.6666666666666667,2.090909090909091
10192,1.6,0.6666666666666666,0.2,0.75,1.25,0.3333333333333333,0.625,1.1864406779661016,1.6666666666666667,2.090909090909091,1.7714285714285714
10193,0.6666666666666666,0.2,0.75,1.25,0.3333333333333333,0.625,1.1864406779661016,1.6666666666666667,2.090909090909091,1.7714285714285714,1.875
10194,0.2,0.75,1.25,0.3333333333333333,0.625,1.1864406779661016,1.6666666666666667,2.090909090909091,1.7714285714285714,1.875,1.1666666666666667
10195,0.75,1.25,0.3333333333333333,0.625,1.1864406779661016,1.6666666666666667,2.090909090909091,1.7714285714285714,1.875,1.1666666666666667,1.5
10196,1.25,0.3333333333333333,0.625,1.1864406779661016,1.6666666666666667,2.090909090909091,1.7714285714285714,1.875,1.1666666666666667,1.5,1.0
10197,0.3333333333333333,0.625,1.1864406779661016,1.6666666666666667,2.090909090909091,1.7714285714285714,1.875,1.1666666666666667,1.5,1.0,1.6875
10198,0.625,1.1864406779661016,1.6666666666666667,2.090909090909091,1.7714285714285714,1.875,1.1666666666666667,1.5,1.0,1.6875,0.6666666666666666
10199,1.1864406779661016,1.6666666666666667,2.090909090909091,1.7714285714285714,1.875,1.1666666666666667,1.5,1.0,1.6875,0.6666666666666666,0.5
10200,1.6666666666666667,2.090909090909091,1.7714285714285714,1.875,1.1666666666666667,1.5,1.0,1.6875,0.6666666666666666,0.5,0.5555555555555556
10201,2.090909090909091,1.7714285714285714,1.875,1.1666666666666667,1.5,1.0,1.6875,0.6666666666666666,0.5,0.5555555555555556,0.9375
10202,1.7714285714285714,1.875,1.1666666666666667,1.5,1.0,1.6875,0.6666666666666666,0.5,0.5555555555555556,0.9375,2.6666666666666665
10203,1.875,1.1666666666666667,1.5,1.0,1.6875,0.6666666666666666,0.5,0.5555555555555556,0.9375,2.6666666666666665,0.0
10204,1.1666666666666667,1.5,1.0,1.6875,0.6666666666666666,0.5,0.5555555555555556,0.9375,2.6666666666666665,0.0,1.3333333333333333
10205,1.5,1.0,1.6875,0.6666666666666666,0.5,0.5555555555555556,0.9375,2.6666666666666665,0.0,1.3333333333333333,0.5882352941176471
10206,1.0,1.6875,0.6666666666666666,0.5,0.5555555555555556,0.9375,2.6666666666666665,0.0,1.3333333333333333,0.5882352941176471,2.0
10207,1.6875,0.6666666666666666,0.5,0.5555555555555556,0.9375,2.6666666666666665,0.0,1.3333333333333333,0.5882352941176471,2.0,1.0
10208,0.6666666666666666,0.5,0.5555555555555556,0.9375,2.6666666666666665,0.0,1.3333333333333333,0.5882352941176471,2.0,1.0,1.2121212121212122
10209,0.5,0.5555555555555556,0.9375,2.6666666666666665,0.0,1.3333333333333333,0.5882352941176471,2.0,1.0,1.2121212121212122,2.357142857142857
10210,0.5555555555555556,0.9375,2.6666666666666665,0.0,1.3333333333333333,0.5882352941176471,2.0,1.0,1.2121212121212122,2.357142857142857,1.2857142857142858
10211,0.9375,2.6666666666666665,0.0,1.3333333333333333,0.5882352941176471,2.0,1.0,1.2121212121212122,2.357142857142857,1.2857142857142858,2.6
10212,2.6666666666666665,0.0,1.3333333333333333,0.5882352941176471,2.0,1.0,1.2121212121212122,2.357142857142857,1.2857142857142858,2.6,1.5
10213,0.0,1.3333333333333333,0.5882352941176471,2.0,1.0,1.2121212121212122,2.357142857142857,1.2857142857142858,2.6,1.5,2.2666666666666666
10214,1.3333333333333333,0.5882352941176471,2.0,1.0,1.2121212121212122,2.357142857142857,1.2857142857142858,2.6,1.5,2.2666666666666666,0.0
10215,0.5882352941176471,2.0,1.0,1.2121212121212122,2.357142857142857,1.2857142857142858,2.6,1.5,2.2666666666666666,0.0,0.5
10216,2.0,1.0,1.2121212121212122,2.357142857142857,1.2857142857142858,2.6,1.5,2.2666666666666666,0.0,0.5,0.6363636363636364
10217,1.0,1.2121212121212122,2.357142857142857,1.2857142857142858,2.6,1.5,2.2666666666666666,0.0,0.5,0.6363636363636364,0.8888888888888888
10218,1.2121212121212122,2.357142857142857,1.2857142857142858,2.6,1.5,2.2666666666666666,0.0,0.5,0.6363636363636364,0.8888888888888888,1.1764705882352942
10219,2.357142857142857,1.2857142857142858,2.6,1.5,2.2666666666666666,0.0,0.5,0.6363636363636364,0.8888888888888888,1.1764705882352942,1.0
10220,1.2857142857142858,2.6,1.5,2.2666666666666666,0.0,0.5,0.6363636363636364,0.8888888888888888,1.1764705882352942,1.0,1.0
10221,2.6,1.5,2.2666666666666666,0.0,0.5,0.6363636363636364,0.8888888888888888,1.1764705882352942,1.0,1.0,0.0
10222,1.5,2.2666666666666666,0.0,0.5,0.6363636363636364,0.8888888888888888,1.1764705882352942,1.0,1.0,0.0,2.5
10223,2.2666666666666666,0.0,0.5,0.6363636363636364,0.8888888888888888,1.1764705882352942,1.0,1.0,0.0,2.5,0.0
10224,0.0,0.5,0.6363636363636364,0.8888888888888888,1.1764705882352942,1.0,1.0,0.0,2.5,0.0,1.6
10225,0.5,0.6363636363636364,0.8888888888888888,1.1764705882352942,1.0,1.0,0.0,2.5,0.0,1.6,1.0
10226,0.6363636363636364,0.8888888888888888,1.1764705882352942,1.0,1.0,0.0,2.5,0.0,1.6,1.0,1.0909090909090908
10227,0.8888888888888888,1.1764705882352942,1.0,1.0,0.0,2.5,0.0,1.6,1.0,1.0909090909090908,2.388888888888889
10228,1.1764705882352942,1.0,1.0,0.0,2.5,0.0,1.6,1.0,1.0909090909090908,2.388888888888889,1.4285714285714286
10229,1.0,1.0,0.0,2.5,0.0,1.6,1.0,1.0909090909090908,2.388888888888889,1.4285714285714286,1.0
10230,1.0,0.0,2.5,0.0,1.6,1.0,1.0909090909090908,2.388888888888889,1.4285714285714286,1.0,1.5714285714285714
10231,0.0,2.5,0.0,1.6,1.0,1.0909090909090908,2.388888888888889,1.4285714285714286,1.0,1.5714285714285714,1.0
10232,2.5,0.0,1.6,1.0,1.0909090909090908,2.388888888888889,1.4285714285714286,1.0,1.5714285714285714,1.0,1.1666666666666667
10233,0.0,1.6,1.0,1.0909090909090908,2.388888888888889,1.4285714285714286,1.0,1.5714285714285714,1.0,1.1666666666666667,1.75
10234,1.6,1.0,1.0909090909090908,2.388888888888889,1.4285714285714286,1.0,1.5714285714285714,1.0,1.1666666666666667,1.75,1.5714285714285714
10235,1.0,1.0909090909090908,2.388888888888889,1.4285714285714286,1.0,1.5714285714285714,1.0,1.1666666666666667,1.75,1.5714285714285714,0.7096774193548387
10236,1.0909090909090908,2.388888888888889,1.4285714285714286,1.0,1.5714285714285714,1.0,1.1666666666666667,1.75,1.5714285714285714,0.7096774193548387,2.5
10237,1.3333333333333333,0.42857142857142855,2.5,1.4137931034482758,0.0,0.3333333333333333,0.5,0.4666666666666667,0.8095238095238095,1.3,1.2857142857142858
10238,0.0,1.125,1.45,0.8461538461538461,0.625,1.55,1.5217391304347827,0.3333333333333333,0.8333333333333334,2.0,1.3333333333333333
10239,1.125,1.45,0.8461538461538461,0.625,1.55,1.5217391304347827,0.3333333333333333,0.8333333333333334,2.0,1.3333333333333333,0.8571428571428571
10240,1.45,0.8461538461538461,0.625,1.55,1.5217391304347827,0.3333333333333333,0.8333333333333334,2.0,1.3333333333333333,0.8571428571428571,0.6666666666666666
10241,0.8461538461538461,0.625,1.55,1.5217391304347827,0.3333333333333333,0.8333333333333334,2.0,1.3333333333333333,0.8571428571428571,0.6666666666666666,0.8571428571428571
10242,0.625,1.55,1.5217391304347827,0.3333333333333333,0.8333333333333334,2.0,1.3333333333333333,0.8571428571428571,0.6666666666666666,0.8571428571428571,0.6923076923076923
10243,1.55,1.5217391304347827,0.3333333333333333,0.8333333333333334,2.0,1.3333333333333333,0.8571428571428571,0.6666666666666666,0.8571428571428571,0.6923076923076923,2.75
10244,1.5217391304347827,0.3333333333333333,0.8333333333333334,2.0,1.3333333333333333,0.8571428571428571,0.6666666666666666,0.8571428571428571,0.6923076923076923,2.75,0.3333333333333333
10245,0.3333333333333333,0.8333333333333334,2.0,1.3333333333333333,0.8571428571428571,0.6666666666666666,0.8571428571428571,0.6923076923076923,2.75,0.3333333333333333,1.9
10246,0.8333333333333334,2.0,1.3333333333333333,0.8571428571428571,0.6666666666666666,0.8571428571428571,0.6923076923076923,2.75,0.3333333333333333,1.9,0.84375
10247,2.0,1.3333333333333333,0.8571428571428571,0.6666666666666666,0.8571428571428571,0.6923076923076923,2.75,0.3333333333333333,1.9,0.84375,4.0
10248,1.3333333333333333,0.8571428571428571,0.6666666666666666,0.8571428571428571,0.6923076923076923,2.75,0.3333333333333333,1.9,0.84375,4.0,1.2666666666666666
10249,0.8571428571428571,0.6666666666666666,0.8571428571428571,0.6923076923076923,2.75,0.3333333333333333,1.9,0.84375,4.0,1.2666666666666666,1.3529411764705883
10250,0.16666666666666666,1.5333333333333334,0.0,0.0,1.0,1.0,0.5,1.0666666666666667,0.0,1.2222222222222223,1.4285714285714286
10251,1.5333333333333334,0.0,0.0,1.0,1.0,0.5,1.0666666666666667,0.0,1.2222222222222223,1.4285714285714286,1.263157894736842
10252,0.0,0.0,1.0,1.0,0.5,1.0666666666666667,0.0,1.2222222222222223,1.4285714285714286,1.263157894736842,2.090909090909091
10253,0.0,1.0,1.0,0.5,1.0666666666666667,0.0,1.2222222222222223,1.4285714285714286,1.263157894736842,2.090909090909091,2.3333333333333335
10254,1.0,1.0,0.5,1.0666666666666667,0.0,1.2222222222222223,1.4285714285714286,1.263157894736842,2.090909090909091,2.3333333333333335,1.35
10255,1.0,0.5,1.0666666666666667,0.0,1.2222222222222223,1.4285714285714286,1.263157894736842,2.090909090909091,2.3333333333333335,1.35,0.7857142857142857
10256,0.5,1.0666666666666667,0.0,1.2222222222222223,1.4285714285714286,1.263157894736842,2.090909090909091,2.3333333333333335,1.35,0.7857142857142857,1.5833333333333333
10257,1.0666666666666667,0.0,1.2222222222222223,1.4285714285714286,1.263157894736842,2.090909090909091,2.3333333333333335,1.35,0.7857142857142857,1.5833333333333333,0.782608695652174
10258,0.0,1.2222222222222223,1.4285714285714286,1.263157894736842,2.090909090909091,2.3333333333333335,1.35,0.7857142857142857,1.5833333333333333,0.782608695652174,1.4285714285714286
10259,1.2222222222222223,1.4285714285714286,1.263157894736842,2.090909090909091,2.3333333333333335,1.35,0.7857142857142857,1.5833333333333333,0.782608695652174,1.4285714285714286,0.9361702127659575
10260,3.0,0.0,-0.0,0.25,0.0,2.5,1.0,1.5714285714285714,1.0,1.0909090909090908,0.0
10261,0.0,-0.0,0.25,0.0,2.5,1.0,1.5714285714285714,1.0,1.0909090909090908,0.0,1.0
10262,-0.0,0.25,0.0,2.5,1.0,1.5714285714285714,1.0,1.0909090909090908,0.0,1.0,1.25
10263,0.25,0.0,2.5,1.0,1.5714285714285714,1.0,1.0909090909090908,0.0,1.0,1.25,1.0
10264,0.0,2.5,1.0,1.5714285714285714,1.0,1.0909090909090908,0.0,1.0,1.25,1.0,0.8888888888888888
10265,2.5,1.0,1.5714285714285714,1.0,1.0909090909090908,0.0,1.0,1.25,1.0,0.8888888888888888,1.0
10266,1.0,1.5714285714285714,1.0,1.0909090909090908,0.0,1.0,1.25,1.0,0.8888888888888888,1.0,0.0
10267,1.5714285714285714,1.0,1.0909090909090908,0.0,1.0,1.25,1.0,0.8888888888888888,1.0,0.0,0.0
10268,1.0,1.0909090909090908,0.0,1.0,1.25,1.0,0.8888888888888888,1.0,0.0,0.0,0.0
10269,1.0909090909090908,0.0,1.0,1.25,1.0,0.8888888888888888,1.0,0.0,0.0,0.0,2.0
10270,1.0,1.0,1.2857142857142858,1.0,0.4,0.0,1.4444444444444444,0.0,0.6923076923076923,0.5,1.6
10271,1.0,1.2857142857142858,1.0,0.4,0.0,1.4444444444444444,0.0,0.6923076923076923,0.5,1.6,0.8571428571428571
10272,1.2857142857142858,1.0,0.4,0.0,1.4444444444444444,0.0,0.6923076923076923,0.5,1.6,0.8571428571428571,0.5
10273,1.0,0.4,0.0,1.4444444444444444,0.0,0.6923076923076923,0.5,1.6,0.8571428571428571,0.5,1.5714285714285714
10274,0.4,0.0,1.4444444444444444,0.0,0.6923076923076923,0.5,1.6,0.8571428571428571,0.5,1.5714285714285714,1.411764705882353
10275,0.0,1.4444444444444444,0.0,0.6923076923076923,0.5,1.6,0.8571428571428571,0.5,1.5714285714285714,1.411764705882353,2.111111111111111
10276,1.4444444444444444,0.0,0.6923076923076923,0.5,1.6,0.8571428571428571,0.5,1.5714285714285714,1.411764705882353,2.111111111111111,1.2
10277,0.0,0.6923076923076923,0.5,1.6,0.8571428571428571,0.5,1.5714285714285714,1.411764705882353,2.111111111111111,1.2,0.9285714285714286
10278,0.6923076923076923,0.5,1.6,0.8571428571428571,0.5,1.5714285714285714,1.411764705882353,2.111111111111111,1.2,0.9285714285714286,0.2
10279,0.5,1.6,0.8571428571428571,0.5,1.5714285714285714,1.411764705882353,2.111111111111111,1.2,0.9285714285714286,0.2,1.7142857142857142
10280,1.6,0.8571428571428571,0.5,1.5714285714285714,1.411764705882353,2.111111111111111,1.2,0.9285714285714286,0.2,1.7142857142857142,2.3333333333333335
10281,0.8571428571428571,0.5,1.5714285714285714,1.411764705882353,2.111111111111111,1.2,0.9285714285714286,0.2,1.7142857142857142,2.3333333333333335,0.0
10282,1.1363636363636365,1.5833333333333333,0.5,0.5714285714285714,0.5,0.25,0.7586206896551724,0.5714285714285714,0.8333333333333334,2.4,0.0
10283,1.5833333333333333,0.5,0.5714285714285714,0.5,0.25,0.7586206896551724,0.5714285714285714,0.8333333333333334,2.4,0.0,0.9333333333333333
10284,0.5,0.5714285714285714,0.5,0.25,0.7586206896551724,0.5714285714285714,0.8333333333333334,2.4,0.0,0.9333333333333333,1.263157894736842
10285,0.5714285714285714,0.5,0.25,0.7586206896551724,0.5714285714285714,0.8333333333333334,2.4,0.0,0.9333333333333333,1.263157894736842,0.25
10286,0.5,0.25,0.7586206896551724,0.5714285714285714,0.8333333333333334,2.4,0.0,0.9333333333333333,1.263157894736842,0.25,1.5416666666666667
10287,0.25,0.7586206896551724,0.5714285714285714,0.8333333333333334,2.4,0.0,0.9333333333333333,1.263157894736842,0.25,1.5416666666666667,0.75
10288,0.7586206896551724,0.5714285714285714,0.8333333333333334,2.4,0.0,0.9333333333333333,1.263157894736842,0.25,1.5416666666666667,0.75,1.1428571428571428
10289,0.5714285714285714,0.8333333333333334,2.4,0.0,0.9333333333333333,1.263157894736842,0.25,1.5416666666666667,0.75,1.1428571428571428,2.0
10290,0.8333333333333334,2.4,0.0,0.9333333333333333,1.263157894736842,0.25,1.5416666666666667,0.75,1.1428571428571428,2.0,0.88
10291,1.0,1.3157894736842106,0.0,1.5,1.411764705882353,0.6666666666666666,1.2857142857142858,1.2352941176470589,1.4444444444444444,1.588235294117647,2.4347826086956523
10292,1.3157894736842106,0.0,1.5,1.411764705882353,0.6666666666666666,1.2857142857142858,1.2352941176470589,1.4444444444444444,1.588235294117647,2.4347826086956523,0.9333333333333333
10293,0.0,1.5,1.411764705882353,0.6666666666666666,1.2857142857142858,1.2352941176470589,1.4444444444444444,1.588235294117647,2.4347826086956523,0.9333333333333333,1.0434782608695652
10294,1.5,1.411764705882353,0.6666666666666666,1.2857142857142858,1.2352941176470589,1.4444444444444444,1.588235294117647,2.4347826086956523,0.9333333333333333,1.0434782608695652,1.4166666666666667
10295,1.411764705882353,0.6666666666666666,1.2857142857142858,1.2352941176470589,1.4444444444444444,1.588235294117647,2.4347826086956523,0.9333333333333333,1.0434782608695652,1.4166666666666667,1.6666666666666667
10296,0.6666666666666666,1.2857142857142858,1.2352941176470589,1.4444444444444444,1.588235294117647,2.4347826086956523,0.9333333333333333,1.0434782608695652,1.4166666666666667,1.6666666666666667,1.1724137931034482
10297,1.2857142857142858,1.2352941176470589,1.4444444444444444,1.588235294117647,2.4347826086956523,0.9333333333333333,1.0434782608695652,1.4166666666666667,1.6666666666666667,1.1724137931034482,1.125
10298,1.2352941176470589,1.4444444444444444,1.588235294117647,2.4347826086956523,0.9333333333333333,1.0434782608695652,1.4166666666666667,1.6666666666666667,1.1724137931034482,1.125,0.0
10299,1.4444444444444444,1.588235294117647,2.4347826086956523,0.9333333333333333,1.0434782608695652,1.4166666666666667,1.6666666666666667,1.1724137931034482,1.125,0.0,1.6
10300,1.588235294117647,2.4347826086956523,0.9333333333333333,1.0434782608695652,1.4166666666666667,1.6666666666666667,1.1724137931034482,1.125,0.0,1.6,0.42857142857142855
10301,2.4347826086956523,0.9333333333333333,1.0434782608695652,1.4166666666666667,1.6666666666666667,1.1724137931034482,1.125,0.0,1.6,0.42857142857142855,1.2272727272727273
10302,0.9333333333333333,1.0434782608695652,1.4166666666666667,1.6666666666666667,1.1724137931034482,1.125,0.0,1.6,0.42857142857142855,1.2272727272727273,1.1363636363636365
10303,1.0434782608695652,1.4166666666666667,1.6666666666666667,1.1724137931034482,1.125,0.0,1.6,0.42857142857142855,1.2272727272727273,1.1363636363636365,0.6666666666666666
10304,1.4166666666666667,1.6666666666666667,1.1724137931034482,1.125,0.0,1.6,0.42857142857142855,1.2272727272727273,1.1363636363636365,0.6666666666666666,1.375
10305,1.6666666666666667,1.1724137931034482,1.125,0.0,1.6,0.42857142857142855,1.2272727272727273,1.1363636363636365,0.6666666666666666,1.375,0.6
10306,1.1724137931034482,1.125,0.0,1.6,0.42857142857142855,1.2272727272727273,1.1363636363636365,0.6666666666666666,1.375,0.6,0.2
10307,1.125,0.0,1.6,0.42857142857142855,1.2272727272727273,1.1363636363636365,0.6666666666666666,1.375,0.6,0.2,0.0
10308,0.3333333333333333,0.6666666666666666,1.2,1.1666666666666667,0.75,0.4,1.1333333333333333,1.7142857142857142,1.2857142857142858,0.9090909090909091,0.16666666666666666
10309,0.6666666666666666,1.2,1.1666666666666667,0.75,0.4,1.1333333333333333,1.7142857142857142,1.2857142857142858,0.9090909090909091,0.16666666666666666,1.4705882352941178
10310,1.2,1.1666666666666667,0.75,0.4,1.1333333333333333,1.7142857142857142,1.2857142857142858,0.9090909090909091,0.16666666666666666,1.4705882352941178,0.2
10311,1.1666666666666667,0.75,0.4,1.1333333333333333,1.7142857142857142,1.2857142857142858,0.9090909090909091,0.16666666666666666,1.4705882352941178,0.2,1.7428571428571429
10312,0.75,0.4,1.1333333333333333,1.7142857142857142,1.2857142857142858,0.9090909090909091,0.16666666666666666,1.4705882352941178,0.2,1.7428571428571429,1.4285714285714286
10313,0.4,1.1333333333333333,1.7142857142857142,1.2857142857142858,0.9090909090909091,0.16666666666666666,1.4705882352941178,0.2,1.7428571428571429,1.4285714285714286,0.8888888888888888
10314,1.1333333333333333,1.7142857142857142,1.2857142857142858,0.9090909090909091,0.16666666666666666,1.4705882352941178,0.2,1.7428571428571429,1.4285714285714286,0.8888888888888888,1.6666666666666667
10315,1.7142857142857142,1.2857142857142858,0.9090909090909091,0.16666666666666666,1.4705882352941178,0.2,1.7428571428571429,1.4285714285714286,0.8888888888888888,1.6666666666666667,0.5
10316,1.2857142857142858,0.9090909090909091,0.16666666666666666,1.4705882352941178,0.2,1.7428571428571429,1.4285714285714286,0.8888888888888888,1.6666666666666667,0.5,1.1111111111111112
10317,0.9090909090909091,0.16666666666666666,1.4705882352941178,0.2,1.7428571428571429,1.4285714285714286,0.8888888888888888,1.6666666666666667,0.5,1.1111111111111112,0.7272727272727273
10318,0.16666666666666666,1.4705882352941178,0.2,1.7428571428571429,1.4285714285714286,0.8888888888888888,1.6666666666666667,0.5,1.1111111111111112,0.7272727272727273,1.25
10319,1.1,0.7777777777777778,0.9375,2.111111111111111,0.5789473684210527,0.8260869565217391,0.6666666666666666,2.2142857142857144,0.75,1.4054054054054055,2.2
10320,0.7777777777777778,0.9375,2.111111111111111,0.5789473684210527,0.8260869565217391,0.6666666666666666,2.2142857142857144,0.75,1.4054054054054055,2.2,0.6923076923076923
10321,0.9375,2.111111111111111,0.5789473684210527,0.8260869565217391,0.6666666666666666,2.2142857142857144,0.75,1.4054054054054055,2.2,0.6923076923076923,1.0
10322,2.111111111111111,0.5789473684210527,0.8260869565217391,0.6666666666666666,2.2142857142857144,0.75,1.4054054054054055,2.2,0.6923076923076923,1.0,1.1578947368421053
10323,0.5789473684210527,0.8260869565217391,0.6666666666666666,2.2142857142857144,0.75,1.4054054054054055,2.2,0.6923076923076923,1.0,1.1578947368421053,0.0
10324,0.8260869565217391,0.6666666666666666,2.2142857142857144,0.75,1.4054054054054055,2.2,0.6923076923076923,1.0,1.1578947368421053,0.0,1.25
10325,0.6666666666666666,2.2142857142857144,0.75,1.4054054054054055,2.2,0.6923076923076923,1.0,1.1578947368421053,0.0,1.25,0.25
10326,2.2142857142857144,0.75,1.4054054054054055,2.2,0.6923076923076923,1.0,1.1578947368421053,0.0,1.25,0.25,2.076923076923077
10327,0.75,1.4054054054054055,2.2,0.6923076923076923,1.0,1.1578947368421053,0.0,1.25,0.25,2.076923076923077,0.0
10328,1.4054054054054055,2.2,0.6923076923076923,1.0,1.1578947368421053,0.0,1.25,0.25,2.076923076923077,0.0,1.2380952380952381
10329,2.2,0.6923076923076923,1.0,1.1578947368421053,0.0,1.25,0.25,2.076923076923077,0.0,1.2380952380952381,2.2857142857142856
10330,0.6923076923076923,1.0,1.1578947368421053,0.0,1.25,0.25,2.076923076923077,0.0,1.2380952380952381,2.2857142857142856,4.0
10331,1.0,1.1578947368421053,0.0,1.25,0.25,2.076923076923077,0.0,1.2380952380952381,2.2857142857142856,4.0,2.7142857142857144
10332,1.1578947368421053,0.0,1.25,0.25,2.076923076923077,0.0,1.2380952380952381,2.2857142857142856,4.0,2.7142857142857144,0.8
10333,0.0,1.25,0.25,2.076923076923077,0.0,1.2380952380952381,2.2857142857142856,4.0,2.7142857142857144,0.8,1.3333333333333333
10334,1.25,0.25,2.076923076923077,0.0,1.2380952380952381,2.2857142857142856,4.0,2.7142857142857144,0.8,1.3333333333333333,2.0
10335,0.25,2.076923076923077,0.0,1.2380952380952381,2.2857142857142856,4.0,2.7142857142857144,0.8,1.3333333333333333,2.0,1.4
10336,2.076923076923077,0.0,1.2380952380952381,2.2857142857142856,4.0,2.7142857142857144,0.8,1.3333333333333333,2.0,1.4,1.2424242424242424
10337,0.0,1.2380952380952381,2.2857142857142856,4.0,2.7142857142857144,0.8,1.3333333333333333,2.0,1.4,1.2424242424242424,0.6666666666666666
10338,1.2380952380952381,2.2857142857142856,4.0,2.7142857142857144,0.8,1.3333333333333333,2.0,1.4,1.2424242424242424,0.6666666666666666,0.0
10339,2.2857142857142856,4.0,2.7142857142857144,0.8,1.3333333333333333,2.0,1.4,1.2424242424242424,0.6666666666666666,0.0,0.875
10340,4.0,2.7142857142857144,0.8,1.3333333333333333,2.0,1.4,1.2424242424242424,0.6666666666666666,0.0,0.875,1.8333333333333333
10341,2.7142857142857144,0.8,1.3333333333333333,2.0,1.4,1.2424242424242424,0.6666666666666666,0.0,0.875,1.8333333333333333,1.3333333333333333
10342,0.8,1.3333333333333333,2.0,1.4,1.2424242424242424,0.6666666666666666,0.0,0.875,1.8333333333333333,1.3333333333333333,2.0
10343,1.3333333333333333,2.0,1.4,1.2424242424242424,0.6666666666666666,0.0,0.875,1.8333333333333333,1.3333333333333333,2.0,1.0
10344,2.0,1.4,1.2424242424242424,0.6666666666666666,0.0,0.875,1.8333333333333333,1.3333333333333333,2.0,1.0,0.9523809523809523
10345,1.4,1.2424242424242424,0.6666666666666666,0.0,0.875,1.8333333333333333,1.3333333333333333,2.0,1.0,0.9523809523809523,0.25
10346,1.2424242424242424,0.6666666666666666,0.0,0.875,1.8333333333333333,1.3333333333333333,2.0,1.0,0.9523809523809523,0.25,1.9642857142857142
10347,0.6666666666666666,0.0,0.875,1.8333333333333333,1.3333333333333333,2.0,1.0,0.9523809523809523,0.25,1.9642857142857142,0.6666666666666666
10348,0.0,0.875,1.8333333333333333,1.3333333333333333,2.0,1.0,0.9523809523809523,0.25,1.9642857142857142,0.6666666666666666,1.25
10349,0.875,1.8333333333333333,1.3333333333333333,2.0,1.0,0.9523809523809523,0.25,1.9642857142857142,0.6666666666666666,1.25,1.1666666666666667
10350,1.8333333333333333,1.3333333333333333,2.0,1.0,0.9523809523809523,0.25,1.9642857142857142,0.6666666666666666,1.25,1.1666666666666667,0.5625
10351,1.3333333333333333,2.0,1.0,0.9523809523809523,0.25,1.9642857142857142,0.6666666666666666,1.25,1.1666666666666667,0.5625,1.1666666666666667
10352,2.0,1.0,0.9523809523809523,0.25,1.9642857142857142,0.6666666666666666,1.25,1.1666666666666667,0.5625,1.1666666666666667,0.9090909090909091
10353,1.0,0.9523809523809523,0.25,1.9642857142857142,0.6666666666666666,1.25,1.1666666666666667,0.5625,1.1666666666666667,0.9090909090909091,0.5
10354,0.9523809523809523,0.25,1.9642857142857142,0.6666666666666666,1.25,1.1666666666666667,0.5625,1.1666666666666667,0.9090909090909091,0.5,0.8235294117647058
10355,0.25,1.9642857142857142,0.6666666666666666,1.25,1.1666666666666667,0.5625,1.1666666666666667,0.9090909090909091,0.5,0.8235294117647058,1.3846153846153846
10356,1.9642857142857142,0.6666666666666666,1.25,1.1666666666666667,0.5625,1.1666666666666667,0.9090909090909091,0.5,0.8235294117647058,1.3846153846153846,1.1
10357,0.6666666666666666,1.25,1.1666666666666667,0.5625,1.1666666666666667,0.9090909090909091,0.5,0.8235294117647058,1.3846153846153846,1.1,1.4761904761904763
10358,1.25,1.1666666666666667,0.5625,1.1666666666666667,0.9090909090909091,0.5,0.8235294117647058,1.3846153846153846,1.1,1.4761904761904763,1.25
10359,1.1666666666666667,0.5625,1.1666666666666667,0.9090909090909091,0.5,0.8235294117647058,1.3846153846153846,1.1,1.4761904761904763,1.25,1.3
10360,0.5625,1.1666666666666667,0.9090909090909091,0.5,0.8235294117647058,1.3846153846153846,1.1,1.4761904761904763,1.25,1.3,1.3888888888888888
10361,1.1666666666666667,0.9090909090909091,0.5,0.8235294117647058,1.3846153846153846,1.1,1.4761904761904763,1.25,1.3,1.3888888888888888,1.608695652173913
10362,0.9090909090909091,0.5,0.8235294117647058,1.3846153846153846,1.1,1.4761904761904763,1.25,1.3,1.3888888888888888,1.608695652173913,1.2571428571428571
10363,0.0,2.2,1.25,0.8,0.4,1.2222222222222223,0.0,4.222222222222222,1.75,1.0,0.0
10364,2.2,1.25,0.8,0.4,1.2222222222222223,0.0,4.222222222222222,1.75,1.0,0.0,1.5
10365,1.25,0.8,0.4,1.2222222222222223,0.0,4.222222222222222,1.75,1.0,0.0,1.5,0.0
10366,0.8,0.4,1.2222222222222223,0.0,4.222222222222222,1.75,1.0,0.0,1.5,0.0,2.0
10367,0.4,1.2222222222222223,0.0,4.222222222222222,1.75,1.0,0.0,1.5,0.0,2.0,0.75
10368,1.2222222222222223,0.0,4.222222222222222,1.75,1.0,0.0,1.5,0.0,2.0,0.75,0.0
10369,0.0,4.222222222222222,1.75,1.0,0.0,1.5,0.0,2.0,0.75,0.0,3.125
10370,4.222222222222222,1.75,1.0,0.0,1.5,0.0,2.0,0.75,0.0,3.125,0.4
10371,1.75,1.0,0.0,1.5,0.0,2.0,0.75,0.0,3.125,0.4,1.2727272727272727
10372,1.0,0.0,1.5,0.0,2.0,0.75,0.0,3.125,0.4,1.2727272727272727,2.1666666666666665
10373,0.0,1.5,0.0,2.0,0.75,0.0,3.125,0.4,1.2727272727272727,2.1666666666666665,1.7777777777777777
10374,1.5,0.0,2.0,0.75,0.0,3.125,0.4,1.2727272727272727,2.1666666666666665,1.7777777777777777,0.8
10375,0.0,2.0,0.75,0.0,3.125,0.4,1.2727272727272727,2.1666666666666665,1.7777777777777777,0.8,0.0
10376,2.0,0.75,0.0,3.125,0.4,1.2727272727272727,2.1666666666666665,1.7777777777777777,0.8,0.0,0.6666666666666666
10377,0.75,0.0,3.125,0.4,1.2727272727272727,2.1666666666666665,1.7777777777777777,0.8,0.0,0.6666666666666666,1.0
10378,0.0,3.125,0.4,1.2727272727272727,2.1666666666666665,1.7777777777777777,0.8,0.0,0.6666666666666666,1.0,1.0
10379,3.125,0.4,1.2727272727272727,2.1666666666666665,1.7777777777777777,0.8,0.0,0.6666666666666666,1.0,1.0,1.0
10380,0.4,1.2727272727272727,2.1666666666666665,1.7777777777777777,0.8,0.0,0.6666666666666666,1.0,1.0,1.0,0.75
10381,1.2727272727272727,2.1666666666666665,1.7777777777777777,0.8,0.0,0.6666666666666666,1.0,1.0,1.0,0.75,3.090909090909091
10382,2.1666666666666665,1.7777777777777777,0.8,0.0,0.6666666666666666,1.0,1.0,1.0,0.75,3.090909090909091,1.6
10383,1.7777777777777777,0.8,0.0,0.6666666666666666,1.0,1.0,1.0,0.75,3.090909090909091,1.6,1.9
10384,0.8,0.0,0.6666666666666666,1.0,1.0,1.0,0.75,3.090909090909091,1.6,1.9,2.4285714285714284
10385,0.0,0.6666666666666666,1.0,1.0,1.0,0.75,3.090909090909091,1.6,1.9,2.4285714285714284,2.0
10386,0.6666666666666666,1.0,1.0,1.0,0.75,3.090909090909091,1.6,1.9,2.4285714285714284,2.0,0.0
10387,1.0,1.0,1.0,0.75,3.090909090909091,1.6,1.9,2.4285714285714284,2.0,0.0,1.2682926829268293
10388,1.0,1.0,0.75,3.090909090909091,1.6,1.9,2.4285714285714284,2.0,0.0,1.2682926829268293,1.1
10389,1.0,0.75,3.090909090909091,1.6,1.9,2.4285714285714284,2.0,0.0,1.2682926829268293,1.1,1.4166666666666667
10390,0.75,3.090909090909091,1.6,1.9,2.4285714285714284,2.0,0.0,1.2682926829268293,1.1,1.4166666666666667,2.0
10391,3.090909090909091,1.6,1.9,2.4285714285714284,2.0,0.0,1.2682926829268293,1.1,1.4166666666666667,2.0,1.1333333333333333
10392,1.6,1.9,2.4285714285714284,2.0,0.0,1.2682926829268293,1.1,1.4166666666666667,2.0,1.1333333333333333,0.5
10393,1.9,2.4285714285714284,2.0,0.0,1.2682926829268293,1.1,1.4166666666666667,2.0,1.1333333333333333,0.5,0.25
10394,2.4285714285714284,2.0,0.0,1.2682926829268293,1.1,1.4166666666666667,2.0,1.1333333333333333,0.5,0.25,0.0
10395,2.0,0.0,1.2682926829268293,1.1,1.4166666666666667,2.0,1.1333333333333333,0.5,0.25,0.0,0.0
10396,0.0,1.2682926829268293,1.1,1.4166666666666667,2.0,1.1333333333333333,0.5,0.25,0.0,0.0,0.0
10397,1.2682926829268293,1.1,1.4166666666666667,2.0,1.1333333333333333,0.5,0.25,0.0,0.0,0.0,0.5
10398,1.1,1.4166666666666667,2.0,1.1333333333333333,0.5,0.25,0.0,0.0,0.0,0.5,2.5625
10399,1.4166666666666667,2.0,1.1333333333333333,0.5,0.25,0.0,0.0,0.0,0.5,2.5625,1.6875
10400,2.0,1.1333333333333333,0.5,0.25,0.0,0.0,0.0,0.5,2.5625,1.6875,1.4285714285714286
10401,1.1333333333333333,0.5,0.25,0.0,0.0,0.0,0.5,2.5625,1.6875,1.4285714285714286,2.142857142857143
10402,1.5,0.6666666666666666,1.35,0.8571428571428571,1.0,1.55,0.0,0.75,0.0,0.8571428571428571,0.5
10403,0.6666666666666666,1.35,0.8571428571428571,1.0,1.55,0.0,0.75,0.0,0.8571428571428571,0.5,1.6842105263157894
10404,1.35,0.8571428571428571,1.0,1.55,0.0,0.75,0.0,0.8571428571428571,0.5,1.6842105263157894,0.75
10405,0.8571428571428571,1.0,1.55,0.0,0.75,0.0,0.8571428571428571,0.5,1.6842105263157894,0.75,1.0666666666666667
10406,1.0,1.55,0.0,0.75,0.0,0.8571428571428571,0.5,1.6842105263157894,0.75,1.0666666666666667,1.2666666666666666
10407,1.55,0.0,0.75,0.0,0.8571428571428571,0.5,1.6842105263157894,0.75,1.0666666666666667,1.2666666666666666,0.5
10408,0.0,0.75,0.0,0.8571428571428571,0.5,1.6842105263157894,0.75,1.0666666666666667,1.2666666666666666,0.5,1.4193548387096775
10409,0.75,0.0,0.8571428571428571,0.5,1.6842105263157894,0.75,1.0666666666666667,1.2666666666666666,0.5,1.4193548387096775,0.8
10410,0.0,0.8571428571428571,0.5,1.6842105263157894,0.75,1.0666666666666667,1.2666666666666666,0.5,1.4193548387096775,0.8,0.7222222222222222
10411,0.8571428571428571,0.5,1.6842105263157894,0.75,1.0666666666666667,1.2666666666666666,0.5,1.4193548387096775,0.8,0.7222222222222222,1.21875
10412,0.5,1.6842105263157894,0.75,1.0666666666666667,1.2666666666666666,0.5,1.4193548387096775,0.8,0.7222222222222222,1.21875,0.5833333333333334
10413,1.6842105263157894,0.75,1.0666666666666667,1.2666666666666666,0.5,1.4193548387096775,0.8,0.7222222222222222,1.21875,0.5833333333333334,0.85
10414,0.75,1.0666666666666667,1.2666666666666666,0.5,1.4193548387096775,0.8,0.7222222222222222,1.21875,0.5833333333333334,0.85,1.7241379310344827
10415,1.0666666666666667,1.2666666666666666,0.5,1.4193548387096775,0.8,0.7222222222222222,1.21875,0.5833333333333334,0.85,1.7241379310344827,0.0
10416,1.2666666666666666,0.5,1.4193548387096775,0.8,0.7222222222222222,1.21875,0.5833333333333334,0.85,1.7241379310344827,0.0,1.6774193548387097
10417,0.5,1.4193548387096775,0.8,0.7222222222222222,1.21875,0.5833333333333334,0.85,1.7241379310344827,0.0,1.6774193548387097,0.9142857142857143
10418,1.4193548387096775,0.8,0.7222222222222222,1.21875,0.5833333333333334,0.85,1.7241379310344827,0.0,1.6774193548387097,0.9142857142857143,1.34
10419,0.8,0.7222222222222222,1.21875,0.5833333333333334,0.85,1.7241379310344827,0.0,1.6774193548387097,0.9142857142857143,1.34,1.4054054054054055
10420,0.7222222222222222,1.21875,0.5833333333333334,0.85,1.7241379310344827,0.0,1.6774193548387097,0.9142857142857143,1.34,1.4054054054054055,0.7777777777777778
10421,1.21875,0.5833333333333334,0.85,1.7241379310344827,0.0,1.6774193548387097,0.9142857142857143,1.34,1.4054054054054055,0.7777777777777778,0.8461538461538461
10422,0.5833333333333334,0.85,1.7241379310344827,0.0,1.6774193548387097,0.9142857142857143,1.34,1.4054054054054055,0.7777777777777778,0.8461538461538461,1.0
10423,0.85,1.7241379310344827,0.0,1.6774193548387097,0.9142857142857143,1.34,1.4054054054054055,0.7777777777777778,0.8461538461538461,1.0,1.2222222222222223
10424,1.7241379310344827,0.0,1.6774193548387097,0.9142857142857143,1.34,1.4054054054054055,0.7777777777777778,0.8461538461538461,1.0,1.2222222222222223,0.375
10425,0.0,1.6774193548387097,0.9142857142857143,1.34,1.4054054054054055,0.7777777777777778,0.8461538461538461,1.0,1.2222222222222223,0.375,1.3333333333333333
10426,1.6774193548387097,0.9142857142857143,1.34,1.4054054054054055,0.7777777777777778,0.8461538461538461,1.0,1.2222222222222223,0.375,1.3333333333333333,1.2
10427,0.9142857142857143,1.34,1.4054054054054055,0.7777777777777778,0.8461538461538461,1.0,1.2222222222222223,0.375,1.3333333333333333,1.2,1.4821428571428572
10428,1.34,1.4054054054054055,0.7777777777777778,0.8461538461538461,1.0,1.2222222222222223,0.375,1.3333333333333333,1.2,1.4821428571428572,1.1428571428571428
10429,1.4054054054054055,0.7777777777777778,0.8461538461538461,1.0,1.2222222222222223,0.375,1.3333333333333333,1.2,1.4821428571428572,1.1428571428571428,1.0555555555555556
10430,0.7777777777777778,0.8461538461538461,1.0,1.2222222222222223,0.375,1.3333333333333333,1.2,1.4821428571428572,1.1428571428571428,1.0555555555555556,1.1111111111111112
10431,0.8461538461538461,1.0,1.2222222222222223,0.375,1.3333333333333333,1.2,1.4821428571428572,1.1428571428571428,1.0555555555555556,1.1111111111111112,1.5294117647058822
10432,1.0,1.2222222222222223,0.375,1.3333333333333333,1.2,1.4821428571428572,1.1428571428571428,1.0555555555555556,1.1111111111111112,1.5294117647058822,1.6129032258064515
10433,1.2222222222222223,0.375,1.3333333333333333,1.2,1.4821428571428572,1.1428571428571428,1.0555555555555556,1.1111111111111112,1.5294117647058822,1.6129032258064515,0.0
10434,0.375,1.3333333333333333,1.2,1.4821428571428572,1.1428571428571428,1.0555555555555556,1.1111111111111112,1.5294117647058822,1.6129032258064515,0.0,1.3333333333333333
10435,1.3333333333333333,1.2,1.4821428571428572,1.1428571428571428,1.0555555555555556,1.1111111111111112,1.5294117647058822,1.6129032258064515,0.0,1.3333333333333333,2.325
10436,1.2,1.4821428571428572,1.1428571428571428,1.0555555555555556,1.1111111111111112,1.5294117647058822,1.6129032258064515,0.0,1.3333333333333333,2.325,1.3823529411764706
10437,1.4821428571428572,1.1428571428571428,1.0555555555555556,1.1111111111111112,1.5294117647058822,1.6129032258064515,0.0,1.3333333333333333,2.325,1.3823529411764706,1.0
10438,1.1428571428571428,1.0555555555555556,1.1111111111111112,1.5294117647058822,1.6129032258064515,0.0,1.3333333333333333,2.325,1.3823529411764706,1.0,2.3157894736842106
10439,1.0555555555555556,1.1111111111111112,1.5294117647058822,1.6129032258064515,0.0,1.3333333333333333,2.325,1.3823529411764706,1.0,2.3157894736842106,1.3
10440,1.1111111111111112,1.5294117647058822,1.6129032258064515,0.0,1.3333333333333333,2.325,1.3823529411764706,1.0,2.3157894736842106,1.3,1.7333333333333334
10441,1.5294117647058822,1.6129032258064515,0.0,1.3333333333333333,2.325,1.3823529411764706,1.0,2.3157894736842106,1.3,1.7333333333333334,1.6666666666666667
10442,1.6129032258064515,0.0,1.3333333333333333,2.325,1.3823529411764706,1.0,2.3157894736842106,1.3,1.7333333333333334,1.6666666666666667,1.6363636363636365
10443,0.0,1.3333333333333333,2.325,1.3823529411764706,1.0,2.3157894736842106,1.3,1.7333333333333334,1.6666666666666667,1.6363636363636365,1.12
10444,1.3333333333333333,2.325,1.3823529411764706,1.0,2.3157894736842106,1.3,1.7333333333333334,1.6666666666666667,1.6363636363636365,1.12,1.6666666666666667
10445,2.325,1.3823529411764706,1.0,2.3157894736842106,1.3,1.7333333333333334,1.6666666666666667,1.6363636363636365,1.12,1.6666666666666667,1.135135135135135
10446,1.3823529411764706,1.0,2.3157894736842106,1.3,1.7333333333333334,1.6666666666666667,1.6363636363636365,1.12,1.6666666666666667,1.135135135135135,0.75
10447,1.0,2.3157894736842106,1.3,1.7333333333333334,1.6666666666666667,1.6363636363636365,1.12,1.6666666666666667,1.135135135135135,0.75,1.6666666666666667
10448,2.3157894736842106,1.3,1.7333333333333334,1.6666666666666667,1.6363636363636365,1.12,1.6666666666666667,1.135135135135135,0.75,1.6666666666666667,1.75
10449,1.3,1.7333333333333334,1.6666666666666667,1.6363636363636365,1.12,1.6666666666666667,1.135135135135135,0.75,1.6666666666666667,1.75,1.0625
10450,1.7333333333333334,1.6666666666666667,1.6363636363636365,1.12,1.6666666666666667,1.135135135135135,0.75,1.6666666666666667,1.75,1.0625,0.8
10451,1.6666666666666667,1.6363636363636365,1.12,1.6666666666666667,1.135135135135135,0.75,1.6666666666666667,1.75,1.0625,0.8,1.2222222222222223
10452,1.6363636363636365,1.12,1.6666666666666667,1.135135135135135,0.75,1.6666666666666667,1.75,1.0625,0.8,1.2222222222222223,0.8
10453,1.12,1.6666666666666667,1.135135135135135,0.75,1.6666666666666667,1.75,1.0625,0.8,1.2222222222222223,0.8,1.6666666666666667
10454,1.6666666666666667,1.135135135135135,0.75,1.6666666666666667,1.75,1.0625,0.8,1.2222222222222223,0.8,1.6666666666666667,1.236842105263158
10455,1.135135135135135,0.75,1.6666666666666667,1.75,1.0625,0.8,1.2222222222222223,0.8,1.6666666666666667,1.236842105263158,1.0
10456,0.75,1.6666666666666667,1.75,1.0625,0.8,1.2222222222222223,0.8,1.6666666666666667,1.236842105263158,1.0,1.2727272727272727
10457,1.6666666666666667,1.75,1.0625,0.8,1.2222222222222223,0.8,1.6666666666666667,1.236842105263158,1.0,1.2727272727272727,1.2325581395348837
10458,1.75,1.0625,0.8,1.2222222222222223,0.8,1.6666666666666667,1.236842105263158,1.0,1.2727272727272727,1.2325581395348837,1.5
10459,1.0625,0.8,1.2222222222222223,0.8,1.6666666666666667,1.236842105263158,1.0,1.2727272727272727,1.2325581395348837,1.5,1.3
10460,0.8,1.2222222222222223,0.8,1.6666666666666667,1.236842105263158,1.0,1.2727272727272727,1.2325581395348837,1.5,1.3,1.0526315789473684
10461,1.2222222222222223,0.8,1.6666666666666667,1.236842105263158,1.0,1.2727272727272727,1.2325581395348837,1.5,1.3,1.0526315789473684,0.8571428571428571
10462,0.8,1.6666666666666667,1.236842105263158,1.0,1.2727272727272727,1.2325581395348837,1.5,1.3,1.0526315789473684,0.8571428571428571,1.3823529411764706
10463,1.6666666666666667,1.236842105263158,1.0,1.2727272727272727,1.2325581395348837,1.5,1.3,1.0526315789473684,0.8571428571428571,1.3823529411764706,1.35
10464,1.236842105263158,1.0,1.2727272727272727,1.2325581395348837,1.5,1.3,1.0526315789473684,0.8571428571428571,1.3823529411764706,1.35,0.6
10465,1.0,1.2727272727272727,1.2325581395348837,1.5,1.3,1.0526315789473684,0.8571428571428571,1.3823529411764706,1.35,0.6,1.2941176470588236
10466,1.2727272727272727,1.2325581395348837,1.5,1.3,1.0526315789473684,0.8571428571428571,1.3823529411764706,1.35,0.6,1.2941176470588236,1.6
10467,1.2325581395348837,1.5,1.3,1.0526315789473684,0.8571428571428571,1.3823529411764706,1.35,0.6,1.2941176470588236,1.6,0.9
10468,1.5,1.3,1.0526315789473684,0.8571428571428571,1.3823529411764706,1.35,0.6,1.2941176470588236,1.6,0.9,1.048780487804878
10469,1.3,1.0526315789473684,0.8571428571428571,1.3823529411764706,1.35,0.6,1.2941176470588236,1.6,0.9,1.048780487804878,1.125
10470,1.0526315789473684,0.8571428571428571,1.3823529411764706,1.35,0.6,1.2941176470588236,1.6,0.9,1.048780487804878,1.125,1.183673469387755
10471,0.8571428571428571,1.3823529411764706,1.35,0.6,1.2941176470588236,1.6,0.9,1.048780487804878,1.125,1.183673469387755,0.2
10472,1.3823529411764706,1.35,0.6,1.2941176470588236,1.6,0.9,1.048780487804878,1.125,1.183673469387755,0.2,1.34375
10473,1.35,0.6,1.2941176470588236,1.6,0.9,1.048780487804878,1.125,1.183673469387755,0.2,1.34375,0.2857142857142857
10474,0.6,1.2941176470588236,1.6,0.9,1.048780487804878,1.125,1.183673469387755,0.2,1.34375,0.2857142857142857,1.0
10475,1.2941176470588236,1.6,0.9,1.048780487804878,1.125,1.183673469387755,0.2,1.34375,0.2857142857142857,1.0,0.125
10476,1.6,0.9,1.048780487804878,1.125,1.183673469387755,0.2,1.34375,0.2857142857142857,1.0,0.125,1.1111111111111112
10477,0.9,1.048780487804878,1.125,1.183673469387755,0.2,1.34375,0.2857142857142857,1.0,0.125,1.1111111111111112,0.95
10478,1.048780487804878,1.125,1.183673469387755,0.2,1.34375,0.2857142857142857,1.0,0.125,1.1111111111111112,0.95,0.9285714285714286
10479,1.125,1.183673469387755,0.2,1.34375,0.2857142857142857,1.0,0.125,1.1111111111111112,0.95,0.9285714285714286,0.8636363636363636
10480,1.183673469387755,0.2,1.34375,0.2857142857142857,1.0,0.125,1.1111111111111112,0.95,0.9285714285714286,0.8636363636363636,1.05
10481,0.2,1.34375,0.2857142857142857,1.0,0.125,1.1111111111111112,0.95,0.9285714285714286,0.8636363636363636,1.05,1.146341463414634
10482,1.34375,0.2857142857142857,1.0,0.125,1.1111111111111112,0.95,0.9285714285714286,0.8636363636363636,1.05,1.146341463414634,0.6
10483,0.2857142857142857,1.0,0.125,1.1111111111111112,0.95,0.9285714285714286,0.8636363636363636,1.05,1.146341463414634,0.6,1.2727272727272727
10484,1.0,0.125,1.1111111111111112,0.95,0.9285714285714286,0.8636363636363636,1.05,1.146341463414634,0.6,1.2727272727272727,1.4285714285714286
10485,0.125,1.1111111111111112,0.95,0.9285714285714286,0.8636363636363636,1.05,1.146341463414634,0.6,1.2727272727272727,1.4285714285714286,1.4285714285714286
10486,1.1111111111111112,0.95,0.9285714285714286,0.8636363636363636,1.05,1.146341463414634,0.6,1.2727272727272727,1.4285714285714286,1.4285714285714286,1.0
10487,0.95,0.9285714285714286,0.8636363636363636,1.05,1.146341463414634,0.6,1.2727272727272727,1.4285714285714286,1.4285714285714286,1.0,1.1666666666666667
10488,0.9285714285714286,0.8636363636363636,1.05,1.146341463414634,0.6,1.2727272727272727,1.4285714285714286,1.4285714285714286,1.0,1.1666666666666667,1.32
10489,0.8636363636363636,1.05,1.146341463414634,0.6,1.2727272727272727,1.4285714285714286,1.4285714285714286,1.0,1.1666666666666667,1.32,0.0
10490,1.05,1.146341463414634,0.6,1.2727272727272727,1.4285714285714286,1.4285714285714286,1.0,1.1666666666666667,1.32,0.0,1.1818181818181819
10491,1.146341463414634,0.6,1.2727272727272727,1.4285714285714286,1.4285714285714286,1.0,1.1666666666666667,1.32,0.0,1.1818181818181819,0.8620689655172413
10492,2.3,0.8333333333333334,0.7142857142857143,0.0,0.0,1.3333333333333333,0.0,0.0,0.0,0.0,0.5
10493,0.8333333333333334,0.7142857142857143,0.0,0.0,1.3333333333333333,0.0,0.0,0.0,0.0,0.5,0.2
10494,1.0,1.0,1.8461538461538463,1.8333333333333333,2.3333333333333335,0.3333333333333333,3.0,0.75,0.0,1.8888888888888888,1.2
10495,1.0,1.8461538461538463,1.8333333333333333,2.3333333333333335,0.3333333333333333,3.0,0.75,0.0,1.8888888888888888,1.2,2.75
10496,1.8461538461538463,1.8333333333333333,2.3333333333333335,0.3333333333333333,3.0,0.75,0.0,1.8888888888888888,1.2,2.75,1.25
10497,1.8333333333333333,2.3333333333333335,0.3333333333333333,3.0,0.75,0.0,1.8888888888888888,1.2,2.75,1.25,1.25
10498,2.3333333333333335,0.3333333333333333,3.0,0.75,0.0,1.8888888888888888,1.2,2.75,1.25,1.25,1.4722222222222223
10499,0.3333333333333333,3.0,0.75,0.0,1.8888888888888888,1.2,2.75,1.25,1.25,1.4722222222222223,1.3636363636363635
10500,3.0,0.75,0.0,1.8888888888888888,1.2,2.75,1.25,1.25,1.4722222222222223,1.3636363636363635,0.0
10501,0.75,0.0,1.8888888888888888,1.2,2.75,1.25,1.25,1.4722222222222223,1.3636363636363635,0.0,1.9411764705882353
10502,0.0,1.8888888888888888,1.2,2.75,1.25,1.25,1.4722222222222223,1.3636363636363635,0.0,1.9411764705882353,1.6666666666666667
10503,1.8888888888888888,1.2,2.75,1.25,1.25,1.4722222222222223,1.3636363636363635,0.0,1.9411764705882353,1.6666666666666667,0.8461538461538461
10504,1.2,2.75,1.25,1.25,1.4722222222222223,1.3636363636363635,0.0,1.9411764705882353,1.6666666666666667,0.8461538461538461,3.7333333333333334
10505,2.75,1.25,1.25,1.4722222222222223,1.3636363636363635,0.0,1.9411764705882353,1.6666666666666667,0.8461538461538461,3.7333333333333334,1.3333333333333333
10506,1.25,1.25,1.4722222222222223,1.3636363636363635,0.0,1.9411764705882353,1.6666666666666667,0.8461538461538461,3.7333333333333334,1.3333333333333333,1.0
10507,1.25,1.4722222222222223,1.3636363636363635,0.0,1.9411764705882353,1.6666666666666667,0.8461538461538461,3.7333333333333334,1.3333333333333333,1.0,0.0
10508,1.4722222222222223,1.3636363636363635,0.0,1.9411764705882353,1.6666666666666667,0.8461538461538461,3.7333333333333334,1.3333333333333333,1.0,0.0,0.0
10509,1.3636363636363635,0.0,1.9411764705882353,1.6666666666666667,0.8461538461538461,3.7333333333333334,1.3333333333333333,1.0,0.0,0.0,0.23529411764705882
10510,0.0,1.9411764705882353,1.6666666666666667,0.8461538461538461,3.7333333333333334,1.3333333333333333,1.0,0.0,0.0,0.23529411764705882,0.8
10511,1.9411764705882353,1.6666666666666667,0.8461538461538461,3.7333333333333334,1.3333333333333333,1.0,0.0,0.0,0.23529411764705882,0.8,2.0
10512,1.6666666666666667,0.8461538461538461,3.7333333333333334,1.3333333333333333,1.0,0.0,0.0,0.23529411764705882,0.8,2.0,0.125
10513,1.1764705882352942,1.2352941176470589,0.4,1.3333333333333333,1.0,1.1071428571428572,0.5,1.3076923076923077,0.0,0.8571428571428571,0.5
10514,1.2352941176470589,0.4,1.3333333333333333,1.0,1.1071428571428572,0.5,1.3076923076923077,0.0,0.8571428571428571,0.5,1.4666666666666666
10515,0.4,1.3333333333333333,1.0,1.1071428571428572,0.5,1.3076923076923077,0.0,0.8571428571428571,0.5,1.4666666666666666,1.2857142857142858
10516,1.3333333333333333,1.0,1.1071428571428572,0.5,1.3076923076923077,0.0,0.8571428571428571,0.5,1.4666666666666666,1.2857142857142858,1.3181818181818181
10517,1.0,1.1071428571428572,0.5,1.3076923076923077,0.0,0.8571428571428571,0.5,1.4666666666666666,1.2857142857142858,1.3181818181818181,0.25
10518,1.1071428571428572,0.5,1.3076923076923077,0.0,0.8571428571428571,0.5,1.4666666666666666,1.2857142857142858,1.3181818181818181,0.25,1.3333333333333333
10519,0.5,1.3076923076923077,0.0,0.8571428571428571,0.5,1.4666666666666666,1.2857142857142858,1.3181818181818181,0.25,1.3333333333333333,1.3333333333333333
10520,1.3076923076923077,0.0,0.8571428571428571,0.5,1.4666666666666666,1.2857142857142858,1.3181818181818181,0.25,1.3333333333333333,1.3333333333333333,0.16666666666666666
10521,0.0,0.8571428571428571,0.5,1.4666666666666666,1.2857142857142858,1.3181818181818181,0.25,1.3333333333333333,1.3333333333333333,0.16666666666666666,1.1
10522,0.8571428571428571,0.5,1.4666666666666666,1.2857142857142858,1.3181818181818181,0.25,1.3333333333333333,1.3333333333333333,0.16666666666666666,1.1,1.0588235294117647
10523,0.5,1.4666666666666666,1.2857142857142858,1.3181818181818181,0.25,1.3333333333333333,1.3333333333333333,0.16666666666666666,1.1,1.0588235294117647,1.2592592592592593
10524,1.4666666666666666,1.2857142857142858,1.3181818181818181,0.25,1.3333333333333333,1.3333333333333333,0.16666666666666666,1.1,1.0588235294117647,1.2592592592592593,1.2
10525,1.2857142857142858,1.3181818181818181,0.25,1.3333333333333333,1.3333333333333333,0.16666666666666666,1.1,1.0588235294117647,1.2592592592592593,1.2,1.05
10526,0.6666666666666666,1.25,1.375,1.425,0.0,0.6666666666666666,2.076923076923077,0.0,1.25,1.5,0.25
10527,0.2,0.6666666666666666,0.6818181818181818,0.9375,0.9411764705882353,1.0,0.6666666666666666,1.0,0.5714285714285714,0.9583333333333334,1.4222222222222223
10528,0.6666666666666666,0.6818181818181818,0.9375,0.9411764705882353,1.0,0.6666666666666666,1.0,0.5714285714285714,0.9583333333333334,1.4222222222222223,1.4444444444444444
10529,0.6818181818181818,0.9375,0.9411764705882353,1.0,0.6666666666666666,1.0,0.5714285714285714,0.9583333333333334,1.4222222222222223,1.4444444444444444,0.7391304347826086
10530,0.9375,0.9411764705882353,1.0,0.6666666666666666,1.0,0.5714285714285714,0.9583333333333334,1.4222222222222223,1.4444444444444444,0.7391304347826086,1.1
10531,0.9411764705882353,1.0,0.6666666666666666,1.0,0.5714285714285714,0.9583333333333334,1.4222222222222223,1.4444444444444444,0.7391304347826086,1.1,0.0
10532,1.0,0.6666666666666666,1.0,0.5714285714285714,0.9583333333333334,1.4222222222222223,1.4444444444444444,0.7391304347826086,1.1,0.0,1.0666666666666667
10533,0.6666666666666666,1.0,0.5714285714285714,0.9583333333333334,1.4222222222222223,1.4444444444444444,0.7391304347826086,1.1,0.0,1.0666666666666667,1.25
10534,1.0,0.5714285714285714,0.9583333333333334,1.4222222222222223,1.4444444444444444,0.7391304347826086,1.1,0.0,1.0666666666666667,1.25,1.4166666666666667
10535,0.5714285714285714,0.9583333333333334,1.4222222222222223,1.4444444444444444,0.7391304347826086,1.1,0.0,1.0666666666666667,1.25,1.4166666666666667,1.3829787234042554
10536,0.9583333333333334,1.4222222222222223,1.4444444444444444,0.7391304347826086,1.1,0.0,1.0666666666666667,1.25,1.4166666666666667,1.3829787234042554,1.25
10537,1.4222222222222223,1.4444444444444444,0.7391304347826086,1.1,0.0,1.0666666666666667,1.25,1.4166666666666667,1.3829787234042554,1.25,0.0
10538,1.4444444444444444,0.7391304347826086,1.1,0.0,1.0666666666666667,1.25,1.4166666666666667,1.3829787234042554,1.25,0.0,0.9230769230769231
10539,0.7391304347826086,1.1,0.0,1.0666666666666667,1.25,1.4166666666666667,1.3829787234042554,1.25,0.0,0.9230769230769231,0.9642857142857143
10540,1.1,0.0,1.0666666666666667,1.25,1.4166666666666667,1.3829787234042554,1.25,0.0,0.9230769230769231,0.9642857142857143,0.7368421052631579
10541,0.0,1.0666666666666667,1.25,1.4166666666666667,1.3829787234042554,1.25,0.0,0.9230769230769231,0.9642857142857143,0.7368421052631579,0.14285714285714285
10542,1.0666666666666667,1.25,1.4166666666666667,1.3829787234042554,1.25,0.0,0.9230769230769231,0.9642857142857143,0.7368421052631579,0.14285714285714285,0.8
10543,1.25,1.4166666666666667,1.3829787234042554,1.25,0.0,0.9230769230769231,0.9642857142857143,0.7368421052631579,0.14285714285714285,0.8,0.3333333333333333
10544,1.4166666666666667,1.3829787234042554,1.25,0.0,0.9230769230769231,0.9642857142857143,0.7368421052631579,0.14285714285714285,0.8,0.3333333333333333,1.6785714285714286
10545,1.3829787234042554,1.25,0.0,0.9230769230769231,0.9642857142857143,0.7368421052631579,0.14285714285714285,0.8,0.3333333333333333,1.6785714285714286,0.9148936170212766
10546,1.25,0.0,0.9230769230769231,0.9642857142857143,0.7368421052631579,0.14285714285714285,0.8,0.3333333333333333,1.6785714285714286,0.9148936170212766,1.3888888888888888
10547,0.0,0.9230769230769231,0.9642857142857143,0.7368421052631579,0.14285714285714285,0.8,0.3333333333333333,1.6785714285714286,0.9148936170212766,1.3888888888888888,1.302325581395349
10548,0.9230769230769231,0.9642857142857143,0.7368421052631579,0.14285714285714285,0.8,0.3333333333333333,1.6785714285714286,0.9148936170212766,1.3888888888888888,1.302325581395349,0.0
10549,0.9642857142857143,0.7368421052631579,0.14285714285714285,0.8,0.3333333333333333,1.6785714285714286,0.9148936170212766,1.3888888888888888,1.302325581395349,0.0,1.4054054054054055
10550,0.7368421052631579,0.14285714285714285,0.8,0.3333333333333333,1.6785714285714286,0.9148936170212766,1.3888888888888888,1.302325581395349,0.0,1.4054054054054055,1.3333333333333333
10551,0.14285714285714285,0.8,0.3333333333333333,1.6785714285714286,0.9148936170212766,1.3888888888888888,1.302325581395349,0.0,1.4054054054054055,1.3333333333333333,1.3333333333333333
10552,0.8,0.3333333333333333,1.6785714285714286,0.9148936170212766,1.3888888888888888,1.302325581395349,0.0,1.4054054054054055,1.3333333333333333,1.3333333333333333,1.8888888888888888
10553,0.3333333333333333,1.6785714285714286,0.9148936170212766,1.3888888888888888,1.302325581395349,0.0,1.4054054054054055,1.3333333333333333,1.3333333333333333,1.8888888888888888,1.44
10554,1.6785714285714286,0.9148936170212766,1.3888888888888888,1.302325581395349,0.0,1.4054054054054055,1.3333333333333333,1.3333333333333333,1.8888888888888888,1.44,3.3333333333333335
10555,0.9148936170212766,1.3888888888888888,1.302325581395349,0.0,1.4054054054054055,1.3333333333333333,1.3333333333333333,1.8888888888888888,1.44,3.3333333333333335,0.75
10556,1.3888888888888888,1.302325581395349,0.0,1.4054054054054055,1.3333333333333333,1.3333333333333333,1.8888888888888888,1.44,3.3333333333333335,0.75,2.0
10557,1.302325581395349,0.0,1.4054054054054055,1.3333333333333333,1.3333333333333333,1.8888888888888888,1.44,3.3333333333333335,0.75,2.0,0.8571428571428571
10558,0.0,1.4054054054054055,1.3333333333333333,1.3333333333333333,1.8888888888888888,1.44,3.3333333333333335,0.75,2.0,0.8571428571428571,2.230769230769231
10559,1.4054054054054055,1.3333333333333333,1.3333333333333333,1.8888888888888888,1.44,3.3333333333333335,0.75,2.0,0.8571428571428571,2.230769230769231,1.1764705882352942
10560,1.3333333333333333,1.3333333333333333,1.8888888888888888,1.44,3.3333333333333335,0.75,2.0,0.8571428571428571,2.230769230769231,1.1764705882352942,1.1111111111111112
10561,1.3333333333333333,1.8888888888888888,1.44,3.3333333333333335,0.75,2.0,0.8571428571428571,2.230769230769231,1.1764705882352942,1.1111111111111112,1.7272727272727273
10562,1.8888888888888888,1.44,3.3333333333333335,0.75,2.0,0.8571428571428571,2.230769230769231,1.1764705882352942,1.1111111111111112,1.7272727272727273,1.4
10563,1.44,3.3333333333333335,0.75,2.0,0.8571428571428571,2.230769230769231,1.1764705882352942,1.1111111111111112,1.7272727272727273,1.4,1.2222222222222223
10564,3.3333333333333335,0.75,2.0,0.8571428571428571,2.230769230769231,1.1764705882352942,1.1111111111111112,1.7272727272727273,1.4,1.2222222222222223,1.5714285714285714
10565,0.75,2.0,0.8571428571428571,2.230769230769231,1.1764705882352942,1.1111111111111112,1.7272727272727273,1.4,1.2222222222222223,1.5714285714285714,1.0465116279069768
10566,2.0,0.8571428571428571,2.230769230769231,1.1764705882352942,1.1111111111111112,1.7272727272727273,1.4,1.2222222222222223,1.5714285714285714,1.0465116279069768,0.5333333333333333
10567,0.8571428571428571,2.230769230769231,1.1764705882352942,1.1111111111111112,1.7272727272727273,1.4,1.2222222222222223,1.5714285714285714,1.0465116279069768,0.5333333333333333,0.7333333333333333
10568,2.230769230769231,1.1764705882352942,1.1111111111111112,1.7272727272727273,1.4,1.2222222222222223,1.5714285714285714,1.0465116279069768,0.5333333333333333,0.7333333333333333,1.0
10569,1.1764705882352942,1.1111111111111112,1.7272727272727273,1.4,1.2222222222222223,1.5714285714285714,1.0465116279069768,0.5333333333333333,0.7333333333333333,1.0,0.25
10570,1.1111111111111112,1.7272727272727273,1.4,1.2222222222222223,1.5714285714285714,1.0465116279069768,0.5333333333333333,0.7333333333333333,1.0,0.25,1.1904761904761905
10571,1.7272727272727273,1.4,1.2222222222222223,1.5714285714285714,1.0465116279069768,0.5333333333333333,0.7333333333333333,1.0,0.25,1.1904761904761905,2.5
10572,1.4,1.2222222222222223,1.5714285714285714,1.0465116279069768,0.5333333333333333,0.7333333333333333,1.0,0.25,1.1904761904761905,2.5,2.0
10573,1.2222222222222223,1.5714285714285714,1.0465116279069768,0.5333333333333333,0.7333333333333333,1.0,0.25,1.1904761904761905,2.5,2.0,0.7777777777777778
10574,1.5714285714285714,1.0465116279069768,0.5333333333333333,0.7333333333333333,1.0,0.25,1.1904761904761905,2.5,2.0,0.7777777777777778,1.6666666666666667
10575,1.0465116279069768,0.5333333333333333,0.7333333333333333,1.0,0.25,1.1904761904761905,2.5,2.0,0.7777777777777778,1.6666666666666667,1.0833333333333333
10576,0.5333333333333333,0.7333333333333333,1.0,0.25,1.1904761904761905,2.5,2.0,0.7777777777777778,1.6666666666666667,1.0833333333333333,0.0
10577,0.7333333333333333,1.0,0.25,1.1904761904761905,2.5,2.0,0.7777777777777778,1.6666666666666667,1.0833333333333333,0.0,1.5769230769230769
10578,1.0,0.25,1.1904761904761905,2.5,2.0,0.7777777777777778,1.6666666666666667,1.0833333333333333,0.0,1.5769230769230769,1.2857142857142858
10579,0.25,1.1904761904761905,2.5,2.0,0.7777777777777778,1.6666666666666667,1.0833333333333333,0.0,1.5769230769230769,1.2857142857142858,0.8
10580,1.1904761904761905,2.5,2.0,0.7777777777777778,1.6666666666666667,1.0833333333333333,0.0,1.5769230769230769,1.2857142857142858,0.8,0.75
10581,2.5,2.0,0.7777777777777778,1.6666666666666667,1.0833333333333333,0.0,1.5769230769230769,1.2857142857142858,0.8,0.75,0.7272727272727273
10582,2.0,0.7777777777777778,1.6666666666666667,1.0833333333333333,0.0,1.5769230769230769,1.2857142857142858,0.8,0.75,0.7272727272727273,0.9375
10583,0.7777777777777778,1.6666666666666667,1.0833333333333333,0.0,1.5769230769230769,1.2857142857142858,0.8,0.75,0.7272727272727273,0.9375,1.375
10584,1.6666666666666667,1.0833333333333333,0.0,1.5769230769230769,1.2857142857142858,0.8,0.75,0.7272727272727273,0.9375,1.375,1.6875
10585,1.0,0.5454545454545454,1.0,1.3414634146341464,1.625,1.5454545454545454,0.8461538461538461,1.0416666666666667,0.9285714285714286,1.1111111111111112,1.2142857142857142
10586,0.5454545454545454,1.0,1.3414634146341464,1.625,1.5454545454545454,0.8461538461538461,1.0416666666666667,0.9285714285714286,1.1111111111111112,1.2142857142857142,1.5185185185185186
10587,1.0,1.3414634146341464,1.625,1.5454545454545454,0.8461538461538461,1.0416666666666667,0.9285714285714286,1.1111111111111112,1.2142857142857142,1.5185185185185186,1.0384615384615385
10588,1.3414634146341464,1.625,1.5454545454545454,0.8461538461538461,1.0416666666666667,0.9285714285714286,1.1111111111111112,1.2142857142857142,1.5185185185185186,1.0384615384615385,1.5128205128205128
10589,1.625,1.5454545454545454,0.8461538461538461,1.0416666666666667,0.9285714285714286,1.1111111111111112,1.2142857142857142,1.5185185185185186,1.0384615384615385,1.5128205128205128,0.9444444444444444
10590,1.5454545454545454,0.8461538461538461,1.0416666666666667,0.9285714285714286,1.1111111111111112,1.2142857142857142,1.5185185185185186,1.0384615384615385,1.5128205128205128,0.9444444444444444,0.3333333333333333
10591,0.8461538461538461,1.0416666666666667,0.9285714285714286,1.1111111111111112,1.2142857142857142,1.5185185185185186,1.0384615384615385,1.5128205128205128,0.9444444444444444,0.3333333333333333,0.9
10592,1.0416666666666667,0.9285714285714286,1.1111111111111112,1.2142857142857142,1.5185185185185186,1.0384615384615385,1.5128205128205128,0.9444444444444444,0.3333333333333333,0.9,0.6666666666666666
10593,0.9285714285714286,1.1111111111111112,1.2142857142857142,1.5185185185185186,1.0384615384615385,1.5128205128205128,0.9444444444444444,0.3333333333333333,0.9,0.6666666666666666,0.5
10594,1.1111111111111112,1.2142857142857142,1.5185185185185186,1.0384615384615385,1.5128205128205128,0.9444444444444444,0.3333333333333333,0.9,0.6666666666666666,0.5,1.0
10595,1.2142857142857142,1.5185185185185186,1.0384615384615385,1.5128205128205128,0.9444444444444444,0.3333333333333333,0.9,0.6666666666666666,0.5,1.0,1.8333333333333333
10596,1.5185185185185186,1.0384615384615385,1.5128205128205128,0.9444444444444444,0.3333333333333333,0.9,0.6666666666666666,0.5,1.0,1.8333333333333333,0.5
10597,1.0384615384615385,1.5128205128205128,0.9444444444444444,0.3333333333333333,0.9,0.6666666666666666,0.5,1.0,1.8333333333333333,0.5,1.0
10598,1.5128205128205128,0.9444444444444444,0.3333333333333333,0.9,0.6666666666666666,0.5,1.0,1.8333333333333333,0.5,1.0,1.1538461538461537
10599,0.9444444444444444,0.3333333333333333,0.9,0.6666666666666666,0.5,1.0,1.8333333333333333,0.5,1.0,1.1538461538461537,1.3333333333333333
10600,0.3333333333333333,0.9,0.6666666666666666,0.5,1.0,1.8333333333333333,0.5,1.0,1.1538461538461537,1.3333333333333333,1.0
10601,0.9,0.6666666666666666,0.5,1.0,1.8333333333333333,0.5,1.0,1.1538461538461537,1.3333333333333333,1.0,1.1111111111111112
10602,0.6666666666666666,0.5,1.0,1.8333333333333333,0.5,1.0,1.1538461538461537,1.3333333333333333,1.0,1.1111111111111112,2.8
10603,0.5,1.0,1.8333333333333333,0.5,1.0,1.1538461538461537,1.3333333333333333,1.0,1.1111111111111112,2.8,0.3333333333333333
10604,1.0,1.8333333333333333,0.5,1.0,1.1538461538461537,1.3333333333333333,1.0,1.1111111111111112,2.8,0.3333333333333333,0.7857142857142857
10605,1.8333333333333333,0.5,1.0,1.1538461538461537,1.3333333333333333,1.0,1.1111111111111112,2.8,0.3333333333333333,0.7857142857142857,0.5
10606,0.5,1.0,1.1538461538461537,1.3333333333333333,1.0,1.1111111111111112,2.8,0.3333333333333333,0.7857142857142857,0.5,1.0
10607,1.0,1.1538461538461537,1.3333333333333333,1.0,1.1111111111111112,2.8,0.3333333333333333,0.7857142857142857,0.5,1.0,0.5555555555555556
10608,1.1538461538461537,1.3333333333333333,1.0,1.1111111111111112,2.8,0.3333333333333333,0.7857142857142857,0.5,1.0,0.5555555555555556,1.9090909090909092
10609,1.3333333333333333,1.0,1.1111111111111112,2.8,0.3333333333333333,0.7857142857142857,0.5,1.0,0.5555555555555556,1.9090909090909092,2.16
10610,1.0,1.1111111111111112,2.8,0.3333333333333333,0.7857142857142857,0.5,1.0,0.5555555555555556,1.9090909090909092,2.16,2.25
10611,1.1111111111111112,2.8,0.3333333333333333,0.7857142857142857,0.5,1.0,0.5555555555555556,1.9090909090909092,2.16,2.25,0.5555555555555556
10612,2.8,0.3333333333333333,0.7857142857142857,0.5,1.0,0.5555555555555556,1.9090909090909092,2.16,2.25,0.5555555555555556,1.0
10613,0.3333333333333333,0.7857142857142857,0.5,1.0,0.5555555555555556,1.9090909090909092,2.16,2.25,0.5555555555555556,1.0,0.25
10614,0.7857142857142857,0.5,1.0,0.5555555555555556,1.9090909090909092,2.16,2.25,0.5555555555555556,1.0,0.25,3.25
10615,0.5,1.0,0.5555555555555556,1.9090909090909092,2.16,2.25,0.5555555555555556,1.0,0.25,3.25,1.5
10616,1.0,0.5555555555555556,1.9090909090909092,2.16,2.25,0.5555555555555556,1.0,0.25,3.25,1.5,0.4444444444444444
10617,0.5555555555555556,1.9090909090909092,2.16,2.25,0.5555555555555556,1.0,0.25,3.25,1.5,0.4444444444444444,1.0
10618,1.9090909090909092,2.16,2.25,0.5555555555555556,1.0,0.25,3.25,1.5,0.4444444444444444,1.0,0.0
10619,2.16,2.25,0.5555555555555556,1.0,0.25,3.25,1.5,0.4444444444444444,1.0,0.0,1.0769230769230769
10620,2.25,0.5555555555555556,1.0,0.25,3.25,1.5,0.4444444444444444,1.0,0.0,1.0769230769230769,0.75
10621,0.5555555555555556,1.0,0.25,3.25,1.5,0.4444444444444444,1.0,0.0,1.0769230769230769,0.75,1.3
10622,1.0,0.25,3.25,1.5,0.4444444444444444,1.0,0.0,1.0769230769230769,0.75,1.3,0.0
10623,0.25,3.25,1.5,0.4444444444444444,1.0,0.0,1.0769230769230769,0.75,1.3,0.0,0.875
10624,3.25,1.5,0.4444444444444444,1.0,0.0,1.0769230769230769,0.75,1.3,0.0,0.875,2.0
10625,1.5,0.4444444444444444,1.0,0.0,1.0769230769230769,0.75,1.3,0.0,0.875,2.0,2.111111111111111
10626,0.4444444444444444,1.0,0.0,1.0769230769230769,0.75,1.3,0.0,0.875,2.0,2.111111111111111,0.5
10627,1.0,0.0,1.0769230769230769,0.75,1.3,0.0,0.875,2.0,2.111111111111111,0.5,0.7777777777777778
10628,0.0,1.0769230769230769,0.75,1.3,0.0,0.875,2.0,2.111111111111111,0.5,0.7777777777777778,1.0714285714285714
10629,1.0769230769230769,0.75,1.3,0.0,0.875,2.0,2.111111111111111,0.5,0.7777777777777778,1.0714285714285714,0.1111111111111111
10630,0.75,1.3,0.0,0.875,2.0,2.111111111111111,0.5,0.7777777777777778,1.0714285714285714,0.1111111111111111,1.9
10631,1.3,0.0,0.875,2.0,2.111111111111111,0.5,0.7777777777777778,1.0714285714285714,0.1111111111111111,1.9,1.0
10632,0.0,0.875,2.0,2.111111111111111,0.5,0.7777777777777778,1.0714285714285714,0.1111111111111111,1.9,1.0,1.2
10633,0.875,2.0,2.111111111111111,0.5,0.7777777777777778,1.0714285714285714,0.1111111111111111,1.9,1.0,1.2,0.9090909090909091
10634,2.0,2.111111111111111,0.5,0.7777777777777778,1.0714285714285714,0.1111111111111111,1.9,1.0,1.2,0.9090909090909091,0.75
10635,2.111111111111111,0.5,0.7777777777777778,1.0714285714285714,0.1111111111111111,1.9,1.0,1.2,0.9090909090909091,0.75,1.5294117647058822
10636,0.5,0.7777777777777778,1.0714285714285714,0.1111111111111111,1.9,1.0,1.2,0.9090909090909091,0.75,1.5294117647058822,1.8888888888888888
10637,0.7777777777777778,1.0714285714285714,0.1111111111111111,1.9,1.0,1.2,0.9090909090909091,0.75,1.5294117647058822,1.8888888888888888,0.14285714285714285
10638,1.0714285714285714,0.1111111111111111,1.9,1.0,1.2,0.9090909090909091,0.75,1.5294117647058822,1.8888888888888888,0.14285714285714285,0.75
10639,0.1111111111111111,1.9,1.0,1.2,0.9090909090909091,0.75,1.5294117647058822,1.8888888888888888,0.14285714285714285,0.75,0.8125
10640,1.9,1.0,1.2,0.9090909090909091,0.75,1.5294117647058822,1.8888888888888888,0.14285714285714285,0.75,0.8125,2.066666666666667
10641,1.0,1.2,0.9090909090909091,0.75,1.5294117647058822,1.8888888888888888,0.14285714285714285,0.75,0.8125,2.066666666666667,0.6666666666666666
10642,1.2,0.9090909090909091,0.75,1.5294117647058822,1.8888888888888888,0.14285714285714285,0.75,0.8125,2.066666666666667,0.6666666666666666,0.0
10643,0.9090909090909091,0.75,1.5294117647058822,1.8888888888888888,0.14285714285714285,0.75,0.8125,2.066666666666667,0.6666666666666666,0.0,1.1818181818181819
10644,0.75,1.5294117647058822,1.8888888888888888,0.14285714285714285,0.75,0.8125,2.066666666666667,0.6666666666666666,0.0,1.1818181818181819,1.0
10645,1.5294117647058822,1.8888888888888888,0.14285714285714285,0.75,0.8125,2.066666666666667,0.6666666666666666,0.0,1.1818181818181819,1.0,1.0
10646,1.8888888888888888,0.14285714285714285,0.75,0.8125,2.066666666666667,0.6666666666666666,0.0,1.1818181818181819,1.0,1.0,1.6153846153846154
10647,0.14285714285714285,0.75,0.8125,2.066666666666667,0.6666666666666666,0.0,1.1818181818181819,1.0,1.0,1.6153846153846154,1.0
10648,0.75,0.8125,2.066666666666667,0.6666666666666666,0.0,1.1818181818181819,1.0,1.0,1.6153846153846154,1.0,0.8333333333333334
10649,0.8125,2.066666666666667,0.6666666666666666,0.0,1.1818181818181819,1.0,1.0,1.6153846153846154,1.0,0.8333333333333334,1.28
10650,2.066666666666667,0.6666666666666666,0.0,1.1818181818181819,1.0,1.0,1.6153846153846154,1.0,0.8333333333333334,1.28,1.0
10651,0.6666666666666666,0.0,1.1818181818181819,1.0,1.0,1.6153846153846154,1.0,0.8333333333333334,1.28,1.0,2.2857142857142856
10652,0.0,1.1818181818181819,1.0,1.0,1.6153846153846154,1.0,0.8333333333333334,1.28,1.0,2.2857142857142856,1.5454545454545454
10653,1.1818181818181819,1.0,1.0,1.6153846153846154,1.0,0.8333333333333334,1.28,1.0,2.2857142857142856,1.5454545454545454,1.8571428571428572
10654,1.0,1.0,1.6153846153846154,1.0,0.8333333333333334,1.28,1.0,2.2857142857142856,1.5454545454545454,1.8571428571428572,0.7142857142857143
10655,1.0,1.6153846153846154,1.0,0.8333333333333334,1.28,1.0,2.2857142857142856,1.5454545454545454,1.8571428571428572,0.7142857142857143,4.666666666666667
10656,1.6153846153846154,1.0,0.8333333333333334,1.28,1.0,2.2857142857142856,1.5454545454545454,1.8571428571428572,0.7142857142857143,4.666666666666667,1.411764705882353
10657,1.0,0.8333333333333334,1.28,1.0,2.2857142857142856,1.5454545454545454,1.8571428571428572,0.7142857142857143,4.666666666666667,1.411764705882353,0.6818181818181818
10658,0.8333333333333334,1.28,1.0,2.2857142857142856,1.5454545454545454,1.8571428571428572,0.7142857142857143,4.666666666666667,1.411764705882353,0.6818181818181818,1.6923076923076923
10659,1.28,1.0,2.2857142857142856,1.5454545454545454,1.8571428571428572,0.7142857142857143,4.666666666666667,1.411764705882353,0.6818181818181818,1.6923076923076923,1.0
10660,1.0,2.2857142857142856,1.5454545454545454,1.8571428571428572,0.7142857142857143,4.666666666666667,1.411764705882353,0.6818181818181818,1.6923076923076923,1.0,2.142857142857143
10661,2.2857142857142856,1.5454545454545454,1.8571428571428572,0.7142857142857143,4.666666666666667,1.411764705882353,0.6818181818181818,1.6923076923076923,1.0,2.142857142857143,1.7307692307692308
10662,0.0,1.0,0.0,0.5,0.8333333333333334,0.0,0.5,0.0,0.0,1.4545454545454546,0.0
10663,1.0,0.0,0.5,0.8333333333333334,0.0,0.5,0.0,0.0,1.4545454545454546,0.0,1.0
10664,0.0,0.5,0.8333333333333334,0.0,0.5,0.0,0.0,1.4545454545454546,0.0,1.0,0.6666666666666666
10665,0.5,0.8333333333333334,0.0,0.5,0.0,0.0,1.4545454545454546,0.0,1.0,0.6666666666666666,1.0
10666,0.8333333333333334,0.0,0.5,0.0,0.0,1.4545454545454546,0.0,1.0,0.6666666666666666,1.0,1.6666666666666667
10667,0.0,0.5,0.0,0.0,1.4545454545454546,0.0,1.0,0.6666666666666666,1.0,1.6666666666666667,2.5
10668,0.5,0.0,0.0,1.4545454545454546,0.0,1.0,0.6666666666666666,1.0,1.6666666666666667,2.5,0.0
10669,0.0,0.0,1.4545454545454546,0.0,1.0,0.6666666666666666,1.0,1.6666666666666667,2.5,0.0,0.0
10670,0.0,1.4545454545454546,0.0,1.0,0.6666666666666666,1.0,1.6666666666666667,2.5,0.0,0.0,0.8
10671,1.4545454545454546,0.0,1.0,0.6666666666666666,1.0,1.6666666666666667,2.5,0.0,0.0,0.8,1.2
10672,0.0,1.0,0.6666666666666666,1.0,1.6666666666666667,2.5,0.0,0.0,0.8,1.2,0.0
10673,1.0,0.6666666666666666,1.0,1.6666666666666667,2.5,0.0,0.0,0.8,1.2,0.0,1.0
10674,1.1176470588235294,1.0357142857142858,2.0,0.5,0.9473684210526315,0.0,0.5,2.0,0.75,0.6666666666666666,0.5
10675,1.0357142857142858,2.0,0.5,0.9473684210526315,0.0,0.5,2.0,0.75,0.6666666666666666,0.5,1.0
10676,2.0,0.5,0.9473684210526315,0.0,0.5,2.0,0.75,0.6666666666666666,0.5,1.0,1.6666666666666667
10677,0.5,0.9473684210526315,0.0,0.5,2.0,0.75,0.6666666666666666,0.5,1.0,1.6666666666666667,1.0
10678,0.9473684210526315,0.0,0.5,2.0,0.75,0.6666666666666666,0.5,1.0,1.6666666666666667,1.0,0.5
10679,0.0,0.5,2.0,0.75,0.6666666666666666,0.5,1.0,1.6666666666666667,1.0,0.5,1.0
10680,0.5714285714285714,0.8333333333333334,0.75,1.6666666666666667,0.8,1.0,2.0,0.5833333333333334,0.4,0.0,1.625
10681,0.8333333333333334,0.75,1.6666666666666667,0.8,1.0,2.0,0.5833333333333334,0.4,0.0,1.625,0.6666666666666666
10682,0.95,0.0,3.3333333333333335,2.5384615384615383,1.25,3.4615384615384617,0.0,1.8461538461538463,1.3333333333333333,0.5,1.8529411764705883
10683,0.0,3.3333333333333335,2.5384615384615383,1.25,3.4615384615384617,0.0,1.8461538461538463,1.3333333333333333,0.5,1.8529411764705883,1.8571428571428572
10684,3.3333333333333335,2.5384615384615383,1.25,3.4615384615384617,0.0,1.8461538461538463,1.3333333333333333,0.5,1.8529411764705883,1.8571428571428572,2.411764705882353
10685,2.5384615384615383,1.25,3.4615384615384617,0.0,1.8461538461538463,1.3333333333333333,0.5,1.8529411764705883,1.8571428571428572,2.411764705882353,1.9393939393939394
10686,1.25,3.4615384615384617,0.0,1.8461538461538463,1.3333333333333333,0.5,1.8529411764705883,1.8571428571428572,2.411764705882353,1.9393939393939394,0.2
10687,3.4615384615384617,0.0,1.8461538461538463,1.3333333333333333,0.5,1.8529411764705883,1.8571428571428572,2.411764705882353,1.9393939393939394,0.2,2.1
10688,0.0,1.8461538461538463,1.3333333333333333,0.5,1.8529411764705883,1.8571428571428572,2.411764705882353,1.9393939393939394,0.2,2.1,0.0
10689,1.8461538461538463,1.3333333333333333,0.5,1.8529411764705883,1.8571428571428572,2.411764705882353,1.9393939393939394,0.2,2.1,0.0,0.0
10690,1.3333333333333333,0.5,1.8529411764705883,1.8571428571428572,2.411764705882353,1.9393939393939394,0.2,2.1,0.0,0.0,0.26666666666666666
10691,0.5,1.8529411764705883,1.8571428571428572,2.411764705882353,1.9393939393939394,0.2,2.1,0.0,0.0,0.26666666666666666,1.8181818181818181
10692,1.8529411764705883,1.8571428571428572,2.411764705882353,1.9393939393939394,0.2,2.1,0.0,0.0,0.26666666666666666,1.8181818181818181,1.3333333333333333
10693,1.8571428571428572,2.411764705882353,1.9393939393939394,0.2,2.1,0.0,0.0,0.26666666666666666,1.8181818181818181,1.3333333333333333,1.125
10694,2.411764705882353,1.9393939393939394,0.2,2.1,0.0,0.0,0.26666666666666666,1.8181818181818181,1.3333333333333333,1.125,1.5454545454545454
10695,1.9393939393939394,0.2,2.1,0.0,0.0,0.26666666666666666,1.8181818181818181,1.3333333333333333,1.125,1.5454545454545454,1.9230769230769231
10696,0.2,2.1,0.0,0.0,0.26666666666666666,1.8181818181818181,1.3333333333333333,1.125,1.5454545454545454,1.9230769230769231,1.2857142857142858
10697,2.1,0.0,0.0,0.26666666666666666,1.8181818181818181,1.3333333333333333,1.125,1.5454545454545454,1.9230769230769231,1.2857142857142858,1.3870967741935485
10698,0.0,0.0,0.26666666666666666,1.8181818181818181,1.3333333333333333,1.125,1.5454545454545454,1.9230769230769231,1.2857142857142858,1.3870967741935485,0.5
10699,0.0,0.26666666666666666,1.8181818181818181,1.3333333333333333,1.125,1.5454545454545454,1.9230769230769231,1.2857142857142858,1.3870967741935485,0.5,1.6774193548387097
10700,0.26666666666666666,1.8181818181818181,1.3333333333333333,1.125,1.5454545454545454,1.9230769230769231,1.2857142857142858,1.3870967741935485,0.5,1.6774193548387097,2.125
10701,1.8181818181818181,1.3333333333333333,1.125,1.5454545454545454,1.9230769230769231,1.2857142857142858,1.3870967741935485,0.5,1.6774193548387097,2.125,0.42857142857142855
10702,1.3333333333333333,1.125,1.5454545454545454,1.9230769230769231,1.2857142857142858,1.3870967741935485,0.5,1.6774193548387097,2.125,0.42857142857142855,1.6666666666666667
10703,1.125,1.5454545454545454,1.9230769230769231,1.2857142857142858,1.3870967741935485,0.5,1.6774193548387097,2.125,0.42857142857142855,1.6666666666666667,2.0416666666666665
10704,1.5454545454545454,1.9230769230769231,1.2857142857142858,1.3870967741935485,0.5,1.6774193548387097,2.125,0.42857142857142855,1.6666666666666667,2.0416666666666665,2.0526315789473686
10705,1.9230769230769231,1.2857142857142858,1.3870967741935485,0.5,1.6774193548387097,2.125,0.42857142857142855,1.6666666666666667,2.0416666666666665,2.0526315789473686,1.8421052631578947
10706,1.2857142857142858,1.3870967741935485,0.5,1.6774193548387097,2.125,0.42857142857142855,1.6666666666666667,2.0416666666666665,2.0526315789473686,1.8421052631578947,1.4893617021276595
10707,1.3870967741935485,0.5,1.6774193548387097,2.125,0.42857142857142855,1.6666666666666667,2.0416666666666665,2.0526315789473686,1.8421052631578947,1.4893617021276595,1.3076923076923077
10708,0.5,1.6774193548387097,2.125,0.42857142857142855,1.6666666666666667,2.0416666666666665,2.0526315789473686,1.8421052631578947,1.4893617021276595,1.3076923076923077,0.7142857142857143
10709,1.6774193548387097,2.125,0.42857142857142855,1.6666666666666667,2.0416666666666665,2.0526315789473686,1.8421052631578947,1.4893617021276595,1.3076923076923077,0.7142857142857143,0.8333333333333334
10710,2.125,0.42857142857142855,1.6666666666666667,2.0416666666666665,2.0526315789473686,1.8421052631578947,1.4893617021276595,1.3076923076923077,0.7142857142857143,0.8333333333333334,4.0
10711,0.42857142857142855,1.6666666666666667,2.0416666666666665,2.0526315789473686,1.8421052631578947,1.4893617021276595,1.3076923076923077,0.7142857142857143,0.8333333333333334,4.0,2.3214285714285716
10712,1.6666666666666667,2.0416666666666665,2.0526315789473686,1.8421052631578947,1.4893617021276595,1.3076923076923077,0.7142857142857143,0.8333333333333334,4.0,2.3214285714285716,0.7777777777777778
10713,2.0416666666666665,2.0526315789473686,1.8421052631578947,1.4893617021276595,1.3076923076923077,0.7142857142857143,0.8333333333333334,4.0,2.3214285714285716,0.7777777777777778,0.7
10714,2.0526315789473686,1.8421052631578947,1.4893617021276595,1.3076923076923077,0.7142857142857143,0.8333333333333334,4.0,2.3214285714285716,0.7777777777777778,0.7,0.6
10715,1.8421052631578947,1.4893617021276595,1.3076923076923077,0.7142857142857143,0.8333333333333334,4.0,2.3214285714285716,0.7777777777777778,0.7,0.6,1.7777777777777777
10716,1.4893617021276595,1.3076923076923077,0.7142857142857143,0.8333333333333334,4.0,2.3214285714285716,0.7777777777777778,0.7,0.6,1.7777777777777777,1.0476190476190477
10717,1.3076923076923077,0.7142857142857143,0.8333333333333334,4.0,2.3214285714285716,0.7777777777777778,0.7,0.6,1.7777777777777777,1.0476190476190477,1.0
10718,0.7142857142857143,0.8333333333333334,4.0,2.3214285714285716,0.7777777777777778,0.7,0.6,1.7777777777777777,1.0476190476190477,1.0,1.3571428571428572
10719,0.8333333333333334,4.0,2.3214285714285716,0.7777777777777778,0.7,0.6,1.7777777777777777,1.0476190476190477,1.0,1.3571428571428572,1.25
10720,4.0,2.3214285714285716,0.7777777777777778,0.7,0.6,1.7777777777777777,1.0476190476190477,1.0,1.3571428571428572,1.25,1.8571428571428572
10721,2.3214285714285716,0.7777777777777778,0.7,0.6,1.7777777777777777,1.0476190476190477,1.0,1.3571428571428572,1.25,1.8571428571428572,0.3333333333333333
10722,0.7777777777777778,0.7,0.6,1.7777777777777777,1.0476190476190477,1.0,1.3571428571428572,1.25,1.8571428571428572,0.3333333333333333,0.868421052631579
10723,0.7,0.6,1.7777777777777777,1.0476190476190477,1.0,1.3571428571428572,1.25,1.8571428571428572,0.3333333333333333,0.868421052631579,1.0
10724,0.6,1.7777777777777777,1.0476190476190477,1.0,1.3571428571428572,1.25,1.8571428571428572,0.3333333333333333,0.868421052631579,1.0,3.0
10725,1.7777777777777777,1.0476190476190477,1.0,1.3571428571428572,1.25,1.8571428571428572,0.3333333333333333,0.868421052631579,1.0,3.0,0.9523809523809523
10726,1.0476190476190477,1.0,1.3571428571428572,1.25,1.8571428571428572,0.3333333333333333,0.868421052631579,1.0,3.0,0.9523809523809523,1.8571428571428572
10727,1.0,1.3571428571428572,1.25,1.8571428571428572,0.3333333333333333,0.868421052631579,1.0,3.0,0.9523809523809523,1.8571428571428572,0.625
10728,1.3571428571428572,1.25,1.8571428571428572,0.3333333333333333,0.868421052631579,1.0,3.0,0.9523809523809523,1.8571428571428572,0.625,4.4
10729,1.25,1.8571428571428572,0.3333333333333333,0.868421052631579,1.0,3.0,0.9523809523809523,1.8571428571428572,0.625,4.4,0.9375
10730,1.8571428571428572,0.3333333333333333,0.868421052631579,1.0,3.0,0.9523809523809523,1.8571428571428572,0.625,4.4,0.9375,1.4
10731,0.3333333333333333,0.868421052631579,1.0,3.0,0.9523809523809523,1.8571428571428572,0.625,4.4,0.9375,1.4,1.0714285714285714
10732,0.868421052631579,1.0,3.0,0.9523809523809523,1.8571428571428572,0.625,4.4,0.9375,1.4,1.0714285714285714,1.625
10733,1.0,3.0,0.9523809523809523,1.8571428571428572,0.625,4.4,0.9375,1.4,1.0714285714285714,1.625,0.8571428571428571
10734,3.0,0.9523809523809523,1.8571428571428572,0.625,4.4,0.9375,1.4,1.0714285714285714,1.625,0.8571428571428571,0.9523809523809523
10735,0.9523809523809523,1.8571428571428572,0.625,4.4,0.9375,1.4,1.0714285714285714,1.625,0.8571428571428571,0.9523809523809523,2.0588235294117645
10736,1.8571428571428572,0.625,4.4,0.9375,1.4,1.0714285714285714,1.625,0.8571428571428571,0.9523809523809523,2.0588235294117645,0.8181818181818182
10737,0.625,4.4,0.9375,1.4,1.0714285714285714,1.625,0.8571428571428571,0.9523809523809523,2.0588235294117645,0.8181818181818182,1.7857142857142858
10738,4.4,0.9375,1.4,1.0714285714285714,1.625,0.8571428571428571,0.9523809523809523,2.0588235294117645,0.8181818181818182,1.7857142857142858,2.1739130434782608
10739,0.9375,1.4,1.0714285714285714,1.625,0.8571428571428571,0.9523809523809523,2.0588235294117645,0.8181818181818182,1.7857142857142858,2.1739130434782608,1.4285714285714286
10740,1.4,1.0714285714285714,1.625,0.8571428571428571,0.9523809523809523,2.0588235294117645,0.8181818181818182,1.7857142857142858,2.1739130434782608,1.4285714285714286,2.142857142857143
10741,1.0714285714285714,1.625,0.8571428571428571,0.9523809523809523,2.0588235294117645,0.8181818181818182,1.7857142857142858,2.1739130434782608,1.4285714285714286,2.142857142857143,2.7
10742,1.625,0.8571428571428571,0.9523809523809523,2.0588235294117645,0.8181818181818182,1.7857142857142858,2.1739130434782608,1.4285714285714286,2.142857142857143,2.7,0.14285714285714285
10743,0.8571428571428571,0.9523809523809523,2.0588235294117645,0.8181818181818182,1.7857142857142858,2.1739130434782608,1.4285714285714286,2.142857142857143,2.7,0.14285714285714285,1.2142857142857142
10744,0.9523809523809523,2.0588235294117645,0.8181818181818182,1.7857142857142858,2.1739130434782608,1.4285714285714286,2.142857142857143,2.7,0.14285714285714285,1.2142857142857142,1.8333333333333333
10745,2.0588235294117645,0.8181818181818182,1.7857142857142858,2.1739130434782608,1.4285714285714286,2.142857142857143,2.7,0.14285714285714285,1.2142857142857142,1.8333333333333333,1.7142857142857142
10746,0.8181818181818182,1.7857142857142858,2.1739130434782608,1.4285714285714286,2.142857142857143,2.7,0.14285714285714285,1.2142857142857142,1.8333333333333333,1.7142857142857142,0.25
10747,1.7857142857142858,2.1739130434782608,1.4285714285714286,2.142857142857143,2.7,0.14285714285714285,1.2142857142857142,1.8333333333333333,1.7142857142857142,0.25,1.588235294117647
10748,2.1739130434782608,1.4285714285714286,2.142857142857143,2.7,0.14285714285714285,1.2142857142857142,1.8333333333333333,1.7142857142857142,0.25,1.588235294117647,1.0
10749,1.4285714285714286,2.142857142857143,2.7,0.14285714285714285,1.2142857142857142,1.8333333333333333,1.7142857142857142,0.25,1.588235294117647,1.0,0.7
10750,2.142857142857143,2.7,0.14285714285714285,1.2142857142857142,1.8333333333333333,1.7142857142857142,0.25,1.588235294117647,1.0,0.7,2.3333333333333335
10751,2.7,0.14285714285714285,1.2142857142857142,1.8333333333333333,1.7142857142857142,0.25,1.588235294117647,1.0,0.7,2.3333333333333335,1.05
10752,0.14285714285714285,1.2142857142857142,1.8333333333333333,1.7142857142857142,0.25,1.588235294117647,1.0,0.7,2.3333333333333335,1.05,0.5
10753,1.2142857142857142,1.8333333333333333,1.7142857142857142,0.25,1.588235294117647,1.0,0.7,2.3333333333333335,1.05,0.5,0.7857142857142857
10754,1.8333333333333333,1.7142857142857142,0.25,1.588235294117647,1.0,0.7,2.3333333333333335,1.05,0.5,0.7857142857142857,0.0
10755,1.7142857142857142,0.25,1.588235294117647,1.0,0.7,2.3333333333333335,1.05,0.5,0.7857142857142857,0.0,2.25
10756,0.25,1.588235294117647,1.0,0.7,2.3333333333333335,1.05,0.5,0.7857142857142857,0.0,2.25,0.8333333333333334
10757,1.588235294117647,1.0,0.7,2.3333333333333335,1.05,0.5,0.7857142857142857,0.0,2.25,0.8333333333333334,1.105263157894737
10758,1.0,0.7,2.3333333333333335,1.05,0.5,0.7857142857142857,0.0,2.25,0.8333333333333334,1.105263157894737,1.5
10759,0.7,2.3333333333333335,1.05,0.5,0.7857142857142857,0.0,2.25,0.8333333333333334,1.105263157894737,1.5,1.875
10760,2.3333333333333335,1.05,0.5,0.7857142857142857,0.0,2.25,0.8333333333333334,1.105263157894737,1.5,1.875,0.75
10761,1.05,0.5,0.7857142857142857,0.0,2.25,0.8333333333333334,1.105263157894737,1.5,1.875,0.75,1.0909090909090908
10762,0.5,0.7857142857142857,0.0,2.25,0.8333333333333334,1.105263157894737,1.5,1.875,0.75,1.0909090909090908,1.1
10763,0.7857142857142857,0.0,2.25,0.8333333333333334,1.105263157894737,1.5,1.875,0.75,1.0909090909090908,1.1,2.3333333333333335
10764,0.0,2.25,0.8333333333333334,1.105263157894737,1.5,1.875,0.75,1.0909090909090908,1.1,2.3333333333333335,0.0
10765,2.25,0.8333333333333334,1.105263157894737,1.5,1.875,0.75,1.0909090909090908,1.1,2.3333333333333335,0.0,0.9090909090909091
10766,0.8333333333333334,1.105263157894737,1.5,1.875,0.75,1.0909090909090908,1.1,2.3333333333333335,0.0,0.9090909090909091,1.375
10767,1.105263157894737,1.5,1.875,0.75,1.0909090909090908,1.1,2.3333333333333335,0.0,0.9090909090909091,1.375,2.3333333333333335
10768,1.5,1.875,0.75,1.0909090909090908,1.1,2.3333333333333335,0.0,0.9090909090909091,1.375,2.3333333333333335,1.75
10769,1.875,0.75,1.0909090909090908,1.1,2.3333333333333335,0.0,0.9090909090909091,1.375,2.3333333333333335,1.75,0.896551724137931
10770,0.75,1.0909090909090908,1.1,2.3333333333333335,0.0,0.9090909090909091,1.375,2.3333333333333335,1.75,0.896551724137931,1.3333333333333333
10771,1.0909090909090908,1.1,2.3333333333333335,0.0,0.9090909090909091,1.375,2.3333333333333335,1.75,0.896551724137931,1.3333333333333333,1.0
10772,1.1,2.3333333333333335,0.0,0.9090909090909091,1.375,2.3333333333333335,1.75,0.896551724137931,1.3333333333333333,1.0,1.1111111111111112
10773,2.3333333333333335,0.0,0.9090909090909091,1.375,2.3333333333333335,1.75,0.896551724137931,1.3333333333333333,1.0,1.1111111111111112,2.0833333333333335
10774,0.0,0.9090909090909091,1.375,2.3333333333333335,1.75,0.896551724137931,1.3333333333333333,1.0,1.1111111111111112,2.0833333333333335,1.6153846153846154
10775,0.9090909090909091,1.375,2.3333333333333335,1.75,0.896551724137931,1.3333333333333333,1.0,1.1111111111111112,2.0833333333333335,1.6153846153846154,0.6666666666666666
10776,1.375,2.3333333333333335,1.75,0.896551724137931,1.3333333333333333,1.0,1.1111111111111112,2.0833333333333335,1.6153846153846154,0.6666666666666666,0.5
10777,2.3333333333333335,1.75,0.896551724137931,1.3333333333333333,1.0,1.1111111111111112,2.0833333333333335,1.6153846153846154,0.6666666666666666,0.5,2.7666666666666666
10778,1.75,0.896551724137931,1.3333333333333333,1.0,1.1111111111111112,2.0833333333333335,1.6153846153846154,0.6666666666666666,0.5,2.7666666666666666,1.5
10779,0.896551724137931,1.3333333333333333,1.0,1.1111111111111112,2.0833333333333335,1.6153846153846154,0.6666666666666666,0.5,2.7666666666666666,1.5,1.2857142857142858
10780,1.3333333333333333,1.0,1.1111111111111112,2.0833333333333335,1.6153846153846154,0.6666666666666666,0.5,2.7666666666666666,1.5,1.2857142857142858,1.5384615384615385
10781,1.0,1.1111111111111112,2.0833333333333335,1.6153846153846154,0.6666666666666666,0.5,2.7666666666666666,1.5,1.2857142857142858,1.5384615384615385,1.1111111111111112
10782,1.1111111111111112,2.0833333333333335,1.6153846153846154,0.6666666666666666,0.5,2.7666666666666666,1.5,1.2857142857142858,1.5384615384615385,1.1111111111111112,0.8181818181818182
10783,2.0833333333333335,1.6153846153846154,0.6666666666666666,0.5,2.7666666666666666,1.5,1.2857142857142858,1.5384615384615385,1.1111111111111112,0.8181818181818182,0.7272727272727273
10784,1.6153846153846154,0.6666666666666666,0.5,2.7666666666666666,1.5,1.2857142857142858,1.5384615384615385,1.1111111111111112,0.8181818181818182,0.7272727272727273,0.3333333333333333
10785,0.6666666666666666,0.5,2.7666666666666666,1.5,1.2857142857142858,1.5384615384615385,1.1111111111111112,0.8181818181818182,0.7272727272727273,0.3333333333333333,0.7
10786,0.5,2.7666666666666666,1.5,1.2857142857142858,1.5384615384615385,1.1111111111111112,0.8181818181818182,0.7272727272727273,0.3333333333333333,0.7,0.5
10787,2.7666666666666666,1.5,1.2857142857142858,1.5384615384615385,1.1111111111111112,0.8181818181818182,0.7272727272727273,0.3333333333333333,0.7,0.5,1.6153846153846154
10788,1.5,1.2857142857142858,1.5384615384615385,1.1111111111111112,0.8181818181818182,0.7272727272727273,0.3333333333333333,0.7,0.5,1.6153846153846154,1.6
10789,1.2857142857142858,1.5384615384615385,1.1111111111111112,0.8181818181818182,0.7272727272727273,0.3333333333333333,0.7,0.5,1.6153846153846154,1.6,0.8421052631578947
10790,1.5384615384615385,1.1111111111111112,0.8181818181818182,0.7272727272727273,0.3333333333333333,0.7,0.5,1.6153846153846154,1.6,0.8421052631578947,2.5
10791,1.1111111111111112,0.8181818181818182,0.7272727272727273,0.3333333333333333,0.7,0.5,1.6153846153846154,1.6,0.8421052631578947,2.5,1.9
10792,0.8181818181818182,0.7272727272727273,0.3333333333333333,0.7,0.5,1.6153846153846154,1.6,0.8421052631578947,2.5,1.9,1.375
10793,0.7272727272727273,0.3333333333333333,0.7,0.5,1.6153846153846154,1.6,0.8421052631578947,2.5,1.9,1.375,0.7368421052631579
10794,0.3333333333333333,0.7,0.5,1.6153846153846154,1.6,0.8421052631578947,2.5,1.9,1.375,0.7368421052631579,0.3333333333333333
10795,0.7,0.5,1.6153846153846154,1.6,0.8421052631578947,2.5,1.9,1.375,0.7368421052631579,0.3333333333333333,2.4444444444444446
10796,0.5,1.6153846153846154,1.6,0.8421052631578947,2.5,1.9,1.375,0.7368421052631579,0.3333333333333333,2.4444444444444446,2.1333333333333333
10797,1.6153846153846154,1.6,0.8421052631578947,2.5,1.9,1.375,0.7368421052631579,0.3333333333333333,2.4444444444444446,2.1333333333333333,1.375
10798,1.6,0.8421052631578947,2.5,1.9,1.375,0.7368421052631579,0.3333333333333333,2.4444444444444446,2.1333333333333333,1.375,0.25
10799,0.8421052631578947,2.5,1.9,1.375,0.7368421052631579,0.3333333333333333,2.4444444444444446,2.1333333333333333,1.375,0.25,2.0
10800,2.5,1.9,1.375,0.7368421052631579,0.3333333333333333,2.4444444444444446,2.1333333333333333,1.375,0.25,2.0,1.0555555555555556
10801,1.9,1.375,0.7368421052631579,0.3333333333333333,2.4444444444444446,2.1333333333333333,1.375,0.25,2.0,1.0555555555555556,0.8461538461538461
10802,1.375,0.7368421052631579,0.3333333333333333,2.4444444444444446,2.1333333333333333,1.375,0.25,2.0,1.0555555555555556,0.8461538461538461,1.35
10803,0.7368421052631579,0.3333333333333333,2.4444444444444446,2.1333333333333333,1.375,0.25,2.0,1.0555555555555556,0.8461538461538461,1.35,1.1818181818181819
10804,0.3333333333333333,2.4444444444444446,2.1333333333333333,1.375,0.25,2.0,1.0555555555555556,0.8461538461538461,1.35,1.1818181818181819,2.4285714285714284
10805,2.4444444444444446,2.1333333333333333,1.375,0.25,2.0,1.0555555555555556,0.8461538461538461,1.35,1.1818181818181819,2.4285714285714284,1.0833333333333333
10806,2.1333333333333333,1.375,0.25,2.0,1.0555555555555556,0.8461538461538461,1.35,1.1818181818181819,2.4285714285714284,1.0833333333333333,1.64
10807,1.375,0.25,2.0,1.0555555555555556,0.8461538461538461,1.35,1.1818181818181819,2.4285714285714284,1.0833333333333333,1.64,1.2857142857142858
10808,0.25,2.0,1.0555555555555556,0.8461538461538461,1.35,1.1818181818181819,2.4285714285714284,1.0833333333333333,1.64,1.2857142857142858,2.5588235294117645
10809,2.0,1.0555555555555556,0.8461538461538461,1.35,1.1818181818181819,2.4285714285714284,1.0833333333333333,1.64,1.2857142857142858,2.5588235294117645,1.5555555555555556
10810,1.0555555555555556,0.8461538461538461,1.35,1.1818181818181819,2.4285714285714284,1.0833333333333333,1.64,1.2857142857142858,2.5588235294117645,1.5555555555555556,1.9230769230769231
10811,0.8461538461538461,1.35,1.1818181818181819,2.4285714285714284,1.0833333333333333,1.64,1.2857142857142858,2.5588235294117645,1.5555555555555556,1.9230769230769231,1.5909090909090908
10812,1.35,1.1818181818181819,2.4285714285714284,1.0833333333333333,1.64,1.2857142857142858,2.5588235294117645,1.5555555555555556,1.9230769230769231,1.5909090909090908,1.625
10813,1.1818181818181819,2.4285714285714284,1.0833333333333333,1.64,1.2857142857142858,2.5588235294117645,1.5555555555555556,1.9230769230769231,1.5909090909090908,1.625,1.0
10814,2.4285714285714284,1.0833333333333333,1.64,1.2857142857142858,2.5588235294117645,1.5555555555555556,1.9230769230769231,1.5909090909090908,1.625,1.0,1.2
10815,1.0833333333333333,1.64,1.2857142857142858,2.5588235294117645,1.5555555555555556,1.9230769230769231,1.5909090909090908,1.625,1.0,1.2,1.1666666666666667
10816,1.64,1.2857142857142858,2.5588235294117645,1.5555555555555556,1.9230769230769231,1.5909090909090908,1.625,1.0,1.2,1.1666666666666667,0.9166666666666666
10817,1.2857142857142858,2.5588235294117645,1.5555555555555556,1.9230769230769231,1.5909090909090908,1.625,1.0,1.2,1.1666666666666667,0.9166666666666666,0.0
10818,2.5588235294117645,1.5555555555555556,1.9230769230769231,1.5909090909090908,1.625,1.0,1.2,1.1666666666666667,0.9166666666666666,0.0,0.9523809523809523
10819,1.5555555555555556,1.9230769230769231,1.5909090909090908,1.625,1.0,1.2,1.1666666666666667,0.9166666666666666,0.0,0.9523809523809523,1.0
10820,1.9230769230769231,1.5909090909090908,1.625,1.0,1.2,1.1666666666666667,0.9166666666666666,0.0,0.9523809523809523,1.0,1.7692307692307692
10821,1.5909090909090908,1.625,1.0,1.2,1.1666666666666667,0.9166666666666666,0.0,0.9523809523809523,1.0,1.7692307692307692,0.2857142857142857
10822,1.625,1.0,1.2,1.1666666666666667,0.9166666666666666,0.0,0.9523809523809523,1.0,1.7692307692307692,0.2857142857142857,1.2173913043478262
10823,1.0,1.2,1.1666666666666667,0.9166666666666666,0.0,0.9523809523809523,1.0,1.7692307692307692,0.2857142857142857,1.2173913043478262,1.5
10824,1.2,1.1666666666666667,0.9166666666666666,0.0,0.9523809523809523,1.0,1.7692307692307692,0.2857142857142857,1.2173913043478262,1.5,1.6956521739130435
10825,1.1666666666666667,0.9166666666666666,0.0,0.9523809523809523,1.0,1.7692307692307692,0.2857142857142857,1.2173913043478262,1.5,1.6956521739130435,1.0
10826,0.9166666666666666,0.0,0.9523809523809523,1.0,1.7692307692307692,0.2857142857142857,1.2173913043478262,1.5,1.6956521739130435,1.0,1.5
10827,0.0,0.9523809523809523,1.0,1.7692307692307692,0.2857142857142857,1.2173913043478262,1.5,1.6956521739130435,1.0,1.5,1.0
10828,0.9523809523809523,1.0,1.7692307692307692,0.2857142857142857,1.2173913043478262,1.5,1.6956521739130435,1.0,1.5,1.0,0.7777777777777778
10829,1.0,1.7692307692307692,0.2857142857142857,1.2173913043478262,1.5,1.6956521739130435,1.0,1.5,1.0,0.7777777777777778,2.4705882352941178
10830,1.7692307692307692,0.2857142857142857,1.2173913043478262,1.5,1.6956521739130435,1.0,1.5,1.0,0.7777777777777778,2.4705882352941178,1.3333333333333333
10831,0.2857142857142857,1.2173913043478262,1.5,1.6956521739130435,1.0,1.5,1.0,0.7777777777777778,2.4705882352941178,1.3333333333333333,0.9090909090909091
10832,1.2173913043478262,1.5,1.6956521739130435,1.0,1.5,1.0,0.7777777777777778,2.4705882352941178,1.3333333333333333,0.9090909090909091,1.7857142857142858
10833,1.5,1.6956521739130435,1.0,1.5,1.0,0.7777777777777778,2.4705882352941178,1.3333333333333333,0.9090909090909091,1.7857142857142858,0.7142857142857143
10834,1.6956521739130435,1.0,1.5,1.0,0.7777777777777778,2.4705882352941178,1.3333333333333333,0.9090909090909091,1.7857142857142858,0.7142857142857143,2.0
10835,1.0,1.5,1.0,0.7777777777777778,2.4705882352941178,1.3333333333333333,0.9090909090909091,1.7857142857142858,0.7142857142857143,2.0,0.625
10836,1.5,1.0,0.7777777777777778,2.4705882352941178,1.3333333333333333,0.9090909090909091,1.7857142857142858,0.7142857142857143,2.0,0.625,1.64
10837,1.0,0.7777777777777778,2.4705882352941178,1.3333333333333333,0.9090909090909091,1.7857142857142858,0.7142857142857143,2.0,0.625,1.64,1.0
10838,0.7777777777777778,2.4705882352941178,1.3333333333333333,0.9090909090909091,1.7857142857142858,0.7142857142857143,2.0,0.625,1.64,1.0,2.2222222222222223
10839,2.4705882352941178,1.3333333333333333,0.9090909090909091,1.7857142857142858,0.7142857142857143,2.0,0.625,1.64,1.0,2.2222222222222223,2.35
10840,1.3333333333333333,0.9090909090909091,1.7857142857142858,0.7142857142857143,2.0,0.625,1.64,1.0,2.2222222222222223,2.35,0.4
10841,0.7647058823529411,0.9090909090909091,0.9117647058823529,0.0,1.7777777777777777,1.0,0.75,1.170731707317073,1.4444444444444444,1.9411764705882353,0.5
10842,0.9090909090909091,0.9117647058823529,0.0,1.7777777777777777,1.0,0.75,1.170731707317073,1.4444444444444444,1.9411764705882353,0.5,1.0588235294117647
10843,0.9117647058823529,0.0,1.7777777777777777,1.0,0.75,1.170731707317073,1.4444444444444444,1.9411764705882353,0.5,1.0588235294117647,0.3333333333333333
10844,0.0,1.7777777777777777,1.0,0.75,1.170731707317073,1.4444444444444444,1.9411764705882353,0.5,1.0588235294117647,0.3333333333333333,0.3333333333333333
10845,1.7777777777777777,1.0,0.75,1.170731707317073,1.4444444444444444,1.9411764705882353,0.5,1.0588235294117647,0.3333333333333333,0.3333333333333333,0.7142857142857143
10846,1.0,0.75,1.170731707317073,1.4444444444444444,1.9411764705882353,0.5,1.0588235294117647,0.3333333333333333,0.3333333333333333,0.7142857142857143,1.1333333333333333
10847,0.75,1.170731707317073,1.4444444444444444,1.9411764705882353,0.5,1.0588235294117647,0.3333333333333333,0.3333333333333333,0.7142857142857143,1.1333333333333333,0.0
10848,1.170731707317073,1.4444444444444444,1.9411764705882353,0.5,1.0588235294117647,0.3333333333333333,0.3333333333333333,0.7142857142857143,1.1333333333333333,0.0,1.0909090909090908
10849,1.4444444444444444,1.9411764705882353,0.5,1.0588235294117647,0.3333333333333333,0.3333333333333333,0.7142857142857143,1.1333333333333333,0.0,1.0909090909090908,1.588235294117647
10850,1.9411764705882353,0.5,1.0588235294117647,0.3333333333333333,0.3333333333333333,0.7142857142857143,1.1333333333333333,0.0,1.0909090909090908,1.588235294117647,0.5
10851,0.5,1.0588235294117647,0.3333333333333333,0.3333333333333333,0.7142857142857143,1.1333333333333333,0.0,1.0909090909090908,1.588235294117647,0.5,1.25
10852,1.0588235294117647,0.3333333333333333,0.3333333333333333,0.7142857142857143,1.1333333333333333,0.0,1.0909090909090908,1.588235294117647,0.5,1.25,0.6666666666666666
10853,0.3333333333333333,0.3333333333333333,0.7142857142857143,1.1333333333333333,0.0,1.0909090909090908,1.588235294117647,0.5,1.25,0.6666666666666666,1.3125
10854,0.3333333333333333,0.7142857142857143,1.1333333333333333,0.0,1.0909090909090908,1.588235294117647,0.5,1.25,0.6666666666666666,1.3125,0.9375
10855,0.7142857142857143,1.1333333333333333,0.0,1.0909090909090908,1.588235294117647,0.5,1.25,0.6666666666666666,1.3125,0.9375,0.0
10856,1.1333333333333333,0.0,1.0909090909090908,1.588235294117647,0.5,1.25,0.6666666666666666,1.3125,0.9375,0.0,1.2222222222222223
10857,0.0,1.0909090909090908,1.588235294117647,0.5,1.25,0.6666666666666666,1.3125,0.9375,0.0,1.2222222222222223,0.8
10858,1.0909090909090908,1.588235294117647,0.5,1.25,0.6666666666666666,1.3125,0.9375,0.0,1.2222222222222223,0.8,0.7142857142857143
10859,1.588235294117647,0.5,1.25,0.6666666666666666,1.3125,0.9375,0.0,1.2222222222222223,0.8,0.7142857142857143,0.125
10860,0.5,1.25,0.6666666666666666,1.3125,0.9375,0.0,1.2222222222222223,0.8,0.7142857142857143,0.125,1.5172413793103448
10861,1.25,0.6666666666666666,1.3125,0.9375,0.0,1.2222222222222223,0.8,0.7142857142857143,0.125,1.5172413793103448,1.3333333333333333
10862,0.6666666666666666,1.3125,0.9375,0.0,1.2222222222222223,0.8,0.7142857142857143,0.125,1.5172413793103448,1.3333333333333333,2.2857142857142856
10863,1.3125,0.9375,0.0,1.2222222222222223,0.8,0.7142857142857143,0.125,1.5172413793103448,1.3333333333333333,2.2857142857142856,0.6
10864,0.9375,0.0,1.2222222222222223,0.8,0.7142857142857143,0.125,1.5172413793103448,1.3333333333333333,2.2857142857142856,0.6,1.565217391304348
10865,0.0,1.2222222222222223,0.8,0.7142857142857143,0.125,1.5172413793103448,1.3333333333333333,2.2857142857142856,0.6,1.565217391304348,1.1785714285714286
10866,1.2222222222222223,0.8,0.7142857142857143,0.125,1.5172413793103448,1.3333333333333333,2.2857142857142856,0.6,1.565217391304348,1.1785714285714286,1.2166666666666666
10867,0.8,0.7142857142857143,0.125,1.5172413793103448,1.3333333333333333,2.2857142857142856,0.6,1.565217391304348,1.1785714285714286,1.2166666666666666,1.2222222222222223
10868,0.7142857142857143,0.125,1.5172413793103448,1.3333333333333333,2.2857142857142856,0.6,1.565217391304348,1.1785714285714286,1.2166666666666666,1.2222222222222223,1.4838709677419355
10869,0.125,1.5172413793103448,1.3333333333333333,2.2857142857142856,0.6,1.565217391304348,1.1785714285714286,1.2166666666666666,1.2222222222222223,1.4838709677419355,1.8
10870,1.5172413793103448,1.3333333333333333,2.2857142857142856,0.6,1.565217391304348,1.1785714285714286,1.2166666666666666,1.2222222222222223,1.4838709677419355,1.8,1.5
10871,1.3333333333333333,2.2857142857142856,0.6,1.565217391304348,1.1785714285714286,1.2166666666666666,1.2222222222222223,1.4838709677419355,1.8,1.5,0.0
10872,2.2857142857142856,0.6,1.565217391304348,1.1785714285714286,1.2166666666666666,1.2222222222222223,1.4838709677419355,1.8,1.5,0.0,1.4444444444444444
10873,0.6,1.565217391304348,1.1785714285714286,1.2166666666666666,1.2222222222222223,1.4838709677419355,1.8,1.5,0.0,1.4444444444444444,1.1428571428571428
10874,1.565217391304348,1.1785714285714286,1.2166666666666666,1.2222222222222223,1.4838709677419355,1.8,1.5,0.0,1.4444444444444444,1.1428571428571428,2.0
10875,1.1785714285714286,1.2166666666666666,1.2222222222222223,1.4838709677419355,1.8,1.5,0.0,1.4444444444444444,1.1428571428571428,2.0,1.1875
10876,1.2166666666666666,1.2222222222222223,1.4838709677419355,1.8,1.5,0.0,1.4444444444444444,1.1428571428571428,2.0,1.1875,1.7222222222222223
10877,1.2222222222222223,1.4838709677419355,1.8,1.5,0.0,1.4444444444444444,1.1428571428571428,2.0,1.1875,1.7222222222222223,1.8125
10878,1.4838709677419355,1.8,1.5,0.0,1.4444444444444444,1.1428571428571428,2.0,1.1875,1.7222222222222223,1.8125,1.5714285714285714
10879,1.8,1.5,0.0,1.4444444444444444,1.1428571428571428,2.0,1.1875,1.7222222222222223,1.8125,1.5714285714285714,1.3333333333333333
10880,1.5,0.0,1.4444444444444444,1.1428571428571428,2.0,1.1875,1.7222222222222223,1.8125,1.5714285714285714,1.3333333333333333,1.08
10881,0.0,1.4444444444444444,1.1428571428571428,2.0,1.1875,1.7222222222222223,1.8125,1.5714285714285714,1.3333333333333333,1.08,0.25
10882,1.4444444444444444,1.1428571428571428,2.0,1.1875,1.7222222222222223,1.8125,1.5714285714285714,1.3333333333333333,1.08,0.25,1.8421052631578947
10883,1.1428571428571428,2.0,1.1875,1.7222222222222223,1.8125,1.5714285714285714,1.3333333333333333,1.08,0.25,1.8421052631578947,0.7142857142857143
10884,2.0,1.1875,1.7222222222222223,1.8125,1.5714285714285714,1.3333333333333333,1.08,0.25,1.8421052631578947,0.7142857142857143,1.6666666666666667
10885,1.1875,1.7222222222222223,1.8125,1.5714285714285714,1.3333333333333333,1.08,0.25,1.8421052631578947,0.7142857142857143,1.6666666666666667,0.5263157894736842
10886,1.7222222222222223,1.8125,1.5714285714285714,1.3333333333333333,1.08,0.25,1.8421052631578947,0.7142857142857143,1.6666666666666667,0.5263157894736842,1.6136363636363635
10887,1.8125,1.5714285714285714,1.3333333333333333,1.08,0.25,1.8421052631578947,0.7142857142857143,1.6666666666666667,0.5263157894736842,1.6136363636363635,1.0833333333333333
10888,1.5714285714285714,1.3333333333333333,1.08,0.25,1.8421052631578947,0.7142857142857143,1.6666666666666667,0.5263157894736842,1.6136363636363635,1.0833333333333333,1.3571428571428572
10889,1.3333333333333333,1.08,0.25,1.8421052631578947,0.7142857142857143,1.6666666666666667,0.5263157894736842,1.6136363636363635,1.0833333333333333,1.3571428571428572,1.8461538461538463
10890,1.08,0.25,1.8421052631578947,0.7142857142857143,1.6666666666666667,0.5263157894736842,1.6136363636363635,1.0833333333333333,1.3571428571428572,1.8461538461538463,0.4166666666666667
10891,0.25,1.8421052631578947,0.7142857142857143,1.6666666666666667,0.5263157894736842,1.6136363636363635,1.0833333333333333,1.3571428571428572,1.8461538461538463,0.4166666666666667,1.2142857142857142
10892,1.8421052631578947,0.7142857142857143,1.6666666666666667,0.5263157894736842,1.6136363636363635,1.0833333333333333,1.3571428571428572,1.8461538461538463,0.4166666666666667,1.2142857142857142,1.1111111111111112
10893,0.7142857142857143,1.6666666666666667,0.5263157894736842,1.6136363636363635,1.0833333333333333,1.3571428571428572,1.8461538461538463,0.4166666666666667,1.2142857142857142,1.1111111111111112,0.5714285714285714
10894,1.0555555555555556,0.2,1.3076923076923077,2.0,0.7619047619047619,1.0555555555555556,0.5,1.0,0.8709677419354839,1.3333333333333333,0.7777777777777778
10895,0.2,1.3076923076923077,2.0,0.7619047619047619,1.0555555555555556,0.5,1.0,0.8709677419354839,1.3333333333333333,0.7777777777777778,1.0526315789473684
10896,1.3076923076923077,2.0,0.7619047619047619,1.0555555555555556,0.5,1.0,0.8709677419354839,1.3333333333333333,0.7777777777777778,1.0526315789473684,1.3783783783783783
10897,2.0,0.7619047619047619,1.0555555555555556,0.5,1.0,0.8709677419354839,1.3333333333333333,0.7777777777777778,1.0526315789473684,1.3783783783783783,0.0
10898,0.7619047619047619,1.0555555555555556,0.5,1.0,0.8709677419354839,1.3333333333333333,0.7777777777777778,1.0526315789473684,1.3783783783783783,0.0,1.1538461538461537
10899,1.0555555555555556,0.5,1.0,0.8709677419354839,1.3333333333333333,0.7777777777777778,1.0526315789473684,1.3783783783783783,0.0,1.1538461538461537,1.0666666666666667
10900,0.5,1.0,0.8709677419354839,1.3333333333333333,0.7777777777777778,1.0526315789473684,1.3783783783783783,0.0,1.1538461538461537,1.0666666666666667,0.96
10901,1.0,0.8709677419354839,1.3333333333333333,0.7777777777777778,1.0526315789473684,1.3783783783783783,0.0,1.1538461538461537,1.0666666666666667,0.96,1.0
10902,0.8709677419354839,1.3333333333333333,0.7777777777777778,1.0526315789473684,1.3783783783783783,0.0,1.1538461538461537,1.0666666666666667,0.96,1.0,0.0
10903,1.3333333333333333,0.7777777777777778,1.0526315789473684,1.3783783783783783,0.0,1.1538461538461537,1.0666666666666667,0.96,1.0,0.0,0.2
10904,0.7777777777777778,1.0526315789473684,1.3783783783783783,0.0,1.1538461538461537,1.0666666666666667,0.96,1.0,0.0,0.2,1.6666666666666667
10905,1.0526315789473684,1.3783783783783783,0.0,1.1538461538461537,1.0666666666666667,0.96,1.0,0.0,0.2,1.6666666666666667,1.2105263157894737
10906,1.3783783783783783,0.0,1.1538461538461537,1.0666666666666667,0.96,1.0,0.0,0.2,1.6666666666666667,1.2105263157894737,1.4666666666666666
10907,0.0,1.1538461538461537,1.0666666666666667,0.96,1.0,0.0,0.2,1.6666666666666667,1.2105263157894737,1.4666666666666666,1.1363636363636365
10908,1.1538461538461537,1.0666666666666667,0.96,1.0,0.0,0.2,1.6666666666666667,1.2105263157894737,1.4666666666666666,1.1363636363636365,1.35
10909,1.0666666666666667,0.96,1.0,0.0,0.2,1.6666666666666667,1.2105263157894737,1.4666666666666666,1.1363636363636365,1.35,1.2727272727272727
10910,0.96,1.0,0.0,0.2,1.6666666666666667,1.2105263157894737,1.4666666666666666,1.1363636363636365,1.35,1.2727272727272727,1.4
10911,1.0,0.0,0.2,1.6666666666666667,1.2105263157894737,1.4666666666666666,1.1363636363636365,1.35,1.2727272727272727,1.4,0.0
10912,0.0,0.2,1.6666666666666667,1.2105263157894737,1.4666666666666666,1.1363636363636365,1.35,1.2727272727272727,1.4,0.0,1.5
10913,0.2,1.6666666666666667,1.2105263157894737,1.4666666666666666,1.1363636363636365,1.35,1.2727272727272727,1.4,0.0,1.5,0.9130434782608695
10914,1.6666666666666667,1.2105263157894737,1.4666666666666666,1.1363636363636365,1.35,1.2727272727272727,1.4,0.0,1.5,0.9130434782608695,1.0
10915,1.2105263157894737,1.4666666666666666,1.1363636363636365,1.35,1.2727272727272727,1.4,0.0,1.5,0.9130434782608695,1.0,0.2857142857142857
10916,1.4666666666666666,1.1363636363636365,1.35,1.2727272727272727,1.4,0.0,1.5,0.9130434782608695,1.0,0.2857142857142857,1.368421052631579
10917,1.1363636363636365,1.35,1.2727272727272727,1.4,0.0,1.5,0.9130434782608695,1.0,0.2857142857142857,1.368421052631579,1.105263157894737
10918,1.35,1.2727272727272727,1.4,0.0,1.5,0.9130434782608695,1.0,0.2857142857142857,1.368421052631579,1.105263157894737,0.25
10919,1.2727272727272727,1.4,0.0,1.5,0.9130434782608695,1.0,0.2857142857142857,1.368421052631579,1.105263157894737,0.25,1.2666666666666666
10920,1.4,0.0,1.5,0.9130434782608695,1.0,0.2857142857142857,1.368421052631579,1.105263157894737,0.25,1.2666666666666666,1.105263157894737
10921,0.0,1.5,0.9130434782608695,1.0,0.2857142857142857,1.368421052631579,1.105263157894737,0.25,1.2666666666666666,1.105263157894737,0.6
10922,1.5,0.9130434782608695,1.0,0.2857142857142857,1.368421052631579,1.105263157894737,0.25,1.2666666666666666,1.105263157894737,0.6,0.9285714285714286
10923,0.9130434782608695,1.0,0.2857142857142857,1.368421052631579,1.105263157894737,0.25,1.2666666666666666,1.105263157894737,0.6,0.9285714285714286,2.0
10924,1.0,0.2857142857142857,1.368421052631579,1.105263157894737,0.25,1.2666666666666666,1.105263157894737,0.6,0.9285714285714286,2.0,1.0357142857142858
10925,0.2857142857142857,1.368421052631579,1.105263157894737,0.25,1.2666666666666666,1.105263157894737,0.6,0.9285714285714286,2.0,1.0357142857142858,0.7142857142857143
10926,1.368421052631579,1.105263157894737,0.25,1.2666666666666666,1.105263157894737,0.6,0.9285714285714286,2.0,1.0357142857142858,0.7142857142857143,1.0
10927,1.105263157894737,0.25,1.2666666666666666,1.105263157894737,0.6,0.9285714285714286,2.0,1.0357142857142858,0.7142857142857143,1.0,1.3333333333333333
10928,0.25,1.2666666666666666,1.105263157894737,0.6,0.9285714285714286,2.0,1.0357142857142858,0.7142857142857143,1.0,1.3333333333333333,1.7272727272727273
10929,1.2666666666666666,1.105263157894737,0.6,0.9285714285714286,2.0,1.0357142857142858,0.7142857142857143,1.0,1.3333333333333333,1.7272727272727273,0.8333333333333334
10930,1.105263157894737,0.6,0.9285714285714286,2.0,1.0357142857142858,0.7142857142857143,1.0,1.3333333333333333,1.7272727272727273,0.8333333333333334,0.5
10931,0.6,0.9285714285714286,2.0,1.0357142857142858,0.7142857142857143,1.0,1.3333333333333333,1.7272727272727273,0.8333333333333334,0.5,0.42857142857142855
10932,0.9285714285714286,2.0,1.0357142857142858,0.7142857142857143,1.0,1.3333333333333333,1.7272727272727273,0.8333333333333334,0.5,0.42857142857142855,0.0
10933,2.0,1.0357142857142858,0.7142857142857143,1.0,1.3333333333333333,1.7272727272727273,0.8333333333333334,0.5,0.42857142857142855,0.0,1.2926829268292683
10934,1.0357142857142858,0.7142857142857143,1.0,1.3333333333333333,1.7272727272727273,0.8333333333333334,0.5,0.42857142857142855,0.0,1.2926829268292683,1.5384615384615385
10935,0.7142857142857143,1.0,1.3333333333333333,1.7272727272727273,0.8333333333333334,0.5,0.42857142857142855,0.0,1.2926829268292683,1.5384615384615385,0.75
10936,1.0,1.3333333333333333,1.7272727272727273,0.8333333333333334,0.5,0.42857142857142855,0.0,1.2926829268292683,1.5384615384615385,0.75,0.25
10937,1.3333333333333333,1.7272727272727273,0.8333333333333334,0.5,0.42857142857142855,0.0,1.2926829268292683,1.5384615384615385,0.75,0.25,1.5714285714285714
10938,1.7272727272727273,0.8333333333333334,0.5,0.42857142857142855,0.0,1.2926829268292683,1.5384615384615385,0.75,0.25,1.5714285714285714,0.8285714285714286
10939,0.8333333333333334,0.5,0.42857142857142855,0.0,1.2926829268292683,1.5384615384615385,0.75,0.25,1.5714285714285714,0.8285714285714286,1.4090909090909092
10940,0.5,0.42857142857142855,0.0,1.2926829268292683,1.5384615384615385,0.75,0.25,1.5714285714285714,0.8285714285714286,1.4090909090909092,1.375
10941,0.42857142857142855,0.0,1.2926829268292683,1.5384615384615385,0.75,0.25,1.5714285714285714,0.8285714285714286,1.4090909090909092,1.375,1.6341463414634145
10942,0.0,1.2926829268292683,1.5384615384615385,0.75,0.25,1.5714285714285714,0.8285714285714286,1.4090909090909092,1.375,1.6341463414634145,1.0416666666666667
10943,1.2926829268292683,1.5384615384615385,0.75,0.25,1.5714285714285714,0.8285714285714286,1.4090909090909092,1.375,1.6341463414634145,1.0416666666666667,1.0
10944,1.5384615384615385,0.75,0.25,1.5714285714285714,0.8285714285714286,1.4090909090909092,1.375,1.6341463414634145,1.0416666666666667,1.0,2.111111111111111
10945,0.75,0.25,1.5714285714285714,0.8285714285714286,1.4090909090909092,1.375,1.6341463414634145,1.0416666666666667,1.0,2.111111111111111,1.4
10946,0.25,1.5714285714285714,0.8285714285714286,1.4090909090909092,1.375,1.6341463414634145,1.0416666666666667,1.0,2.111111111111111,1.4,1.4324324324324325
10947,1.5714285714285714,0.8285714285714286,1.4090909090909092,1.375,1.6341463414634145,1.0416666666666667,1.0,2.111111111111111,1.4,1.4324324324324325,1.7916666666666667
10948,0.8285714285714286,1.4090909090909092,1.375,1.6341463414634145,1.0416666666666667,1.0,2.111111111111111,1.4,1.4324324324324325,1.7916666666666667,1.95
10949,1.4090909090909092,1.375,1.6341463414634145,1.0416666666666667,1.0,2.111111111111111,1.4,1.4324324324324325,1.7916666666666667,1.95,1.6
10950,1.375,1.6341463414634145,1.0416666666666667,1.0,2.111111111111111,1.4,1.4324324324324325,1.7916666666666667,1.95,1.6,0.0
10951,1.6341463414634145,1.0416666666666667,1.0,2.111111111111111,1.4,1.4324324324324325,1.7916666666666667,1.95,1.6,0.0,0.6666666666666666
10952,1.0416666666666667,1.0,2.111111111111111,1.4,1.4324324324324325,1.7916666666666667,1.95,1.6,0.0,0.6666666666666666,0.7407407407407407
10953,1.0,2.111111111111111,1.4,1.4324324324324325,1.7916666666666667,1.95,1.6,0.0,0.6666666666666666,0.7407407407407407,0.0
10954,2.111111111111111,1.4,1.4324324324324325,1.7916666666666667,1.95,1.6,0.0,0.6666666666666666,0.7407407407407407,0.0,1.297872340425532
10955,1.4,1.4324324324324325,1.7916666666666667,1.95,1.6,0.0,0.6666666666666666,0.7407407407407407,0.0,1.297872340425532,1.3333333333333333
10956,1.4324324324324325,1.7916666666666667,1.95,1.6,0.0,0.6666666666666666,0.7407407407407407,0.0,1.297872340425532,1.3333333333333333,0.2727272727272727
10957,1.7916666666666667,1.95,1.6,0.0,0.6666666666666666,0.7407407407407407,0.0,1.297872340425532,1.3333333333333333,0.2727272727272727,1.4736842105263157
10958,1.95,1.6,0.0,0.6666666666666666,0.7407407407407407,0.0,1.297872340425532,1.3333333333333333,0.2727272727272727,1.4736842105263157,1.0
10959,1.6,0.0,0.6666666666666666,0.7407407407407407,0.0,1.297872340425532,1.3333333333333333,0.2727272727272727,1.4736842105263157,1.0,1.1724137931034482
10960,0.0,0.6666666666666666,0.7407407407407407,0.0,1.297872340425532,1.3333333333333333,0.2727272727272727,1.4736842105263157,1.0,1.1724137931034482,1.0
10961,0.6666666666666666,0.7407407407407407,0.0,1.297872340425532,1.3333333333333333,0.2727272727272727,1.4736842105263157,1.0,1.1724137931034482,1.0,1.5
10962,0.7407407407407407,0.0,1.297872340425532,1.3333333333333333,0.2727272727272727,1.4736842105263157,1.0,1.1724137931034482,1.0,1.5,1.15
10963,0.0,1.297872340425532,1.3333333333333333,0.2727272727272727,1.4736842105263157,1.0,1.1724137931034482,1.0,1.5,1.15,0.5
10964,1.297872340425532,1.3333333333333333,0.2727272727272727,1.4736842105263157,1.0,1.1724137931034482,1.0,1.5,1.15,0.5,1.4545454545454546
10965,1.3333333333333333,0.2727272727272727,1.4736842105263157,1.0,1.1724137931034482,1.0,1.5,1.15,0.5,1.4545454545454546,1.5909090909090908
10966,0.2727272727272727,1.4736842105263157,1.0,1.1724137931034482,1.0,1.5,1.15,0.5,1.4545454545454546,1.5909090909090908,1.8181818181818181
10967,1.4736842105263157,1.0,1.1724137931034482,1.0,1.5,1.15,0.5,1.4545454545454546,1.5909090909090908,1.8181818181818181,0.0
10968,1.0,1.1724137931034482,1.0,1.5,1.15,0.5,1.4545454545454546,1.5909090909090908,1.8181818181818181,0.0,0.3333333333333333
10969,1.1724137931034482,1.0,1.5,1.15,0.5,1.4545454545454546,1.5909090909090908,1.8181818181818181,0.0,0.3333333333333333,0.3333333333333333
10970,1.0,1.5,1.15,0.5,1.4545454545454546,1.5909090909090908,1.8181818181818181,0.0,0.3333333333333333,0.3333333333333333,1.6428571428571428
10971,1.5,1.15,0.5,1.4545454545454546,1.5909090909090908,1.8181818181818181,0.0,0.3333333333333333,0.3333333333333333,1.6428571428571428,1.4
10972,1.15,0.5,1.4545454545454546,1.5909090909090908,1.8181818181818181,0.0,0.3333333333333333,0.3333333333333333,1.6428571428571428,1.4,1.3571428571428572
10973,0.5,1.4545454545454546,1.5909090909090908,1.8181818181818181,0.0,0.3333333333333333,0.3333333333333333,1.6428571428571428,1.4,1.3571428571428572,1.2222222222222223
10974,1.4545454545454546,1.5909090909090908,1.8181818181818181,0.0,0.3333333333333333,0.3333333333333333,1.6428571428571428,1.4,1.3571428571428572,1.2222222222222223,1.3
10975,1.5909090909090908,1.8181818181818181,0.0,0.3333333333333333,0.3333333333333333,1.6428571428571428,1.4,1.3571428571428572,1.2222222222222223,1.3,0.6666666666666666
10976,1.8181818181818181,0.0,0.3333333333333333,0.3333333333333333,1.6428571428571428,1.4,1.3571428571428572,1.2222222222222223,1.3,0.6666666666666666,0.7272727272727273
10977,0.0,0.3333333333333333,0.3333333333333333,1.6428571428571428,1.4,1.3571428571428572,1.2222222222222223,1.3,0.6666666666666666,0.7272727272727273,1.6388888888888888
10978,0.3333333333333333,0.3333333333333333,1.6428571428571428,1.4,1.3571428571428572,1.2222222222222223,1.3,0.6666666666666666,0.7272727272727273,1.6388888888888888,1.396551724137931
10979,0.3333333333333333,1.6428571428571428,1.4,1.3571428571428572,1.2222222222222223,1.3,0.6666666666666666,0.7272727272727273,1.6388888888888888,1.396551724137931,2.0555555555555554
10980,1.6428571428571428,1.4,1.3571428571428572,1.2222222222222223,1.3,0.6666666666666666,0.7272727272727273,1.6388888888888888,1.396551724137931,2.0555555555555554,1.6521739130434783
10981,1.4,1.3571428571428572,1.2222222222222223,1.3,0.6666666666666666,0.7272727272727273,1.6388888888888888,1.396551724137931,2.0555555555555554,1.6521739130434783,1.5555555555555556
10982,1.3571428571428572,1.2222222222222223,1.3,0.6666666666666666,0.7272727272727273,1.6388888888888888,1.396551724137931,2.0555555555555554,1.6521739130434783,1.5555555555555556,1.8571428571428572
10983,1.2222222222222223,1.3,0.6666666666666666,0.7272727272727273,1.6388888888888888,1.396551724137931,2.0555555555555554,1.6521739130434783,1.5555555555555556,1.8571428571428572,0.0
10984,1.3,0.6666666666666666,0.7272727272727273,1.6388888888888888,1.396551724137931,2.0555555555555554,1.6521739130434783,1.5555555555555556,1.8571428571428572,0.0,1.0
10985,0.6666666666666666,0.7272727272727273,1.6388888888888888,1.396551724137931,2.0555555555555554,1.6521739130434783,1.5555555555555556,1.8571428571428572,0.0,1.0,1.40625
10986,0.7272727272727273,1.6388888888888888,1.396551724137931,2.0555555555555554,1.6521739130434783,1.5555555555555556,1.8571428571428572,0.0,1.0,1.40625,0.0
10987,1.6388888888888888,1.396551724137931,2.0555555555555554,1.6521739130434783,1.5555555555555556,1.8571428571428572,0.0,1.0,1.40625,0.0,0.8333333333333334
10988,1.396551724137931,2.0555555555555554,1.6521739130434783,1.5555555555555556,1.8571428571428572,0.0,1.0,1.40625,0.0,0.8333333333333334,0.25
10989,2.0555555555555554,1.6521739130434783,1.5555555555555556,1.8571428571428572,0.0,1.0,1.40625,0.0,0.8333333333333334,0.25,0.0
10990,1.6521739130434783,1.5555555555555556,1.8571428571428572,0.0,1.0,1.40625,0.0,0.8333333333333334,0.25,0.0,1.1764705882352942
10991,1.5555555555555556,1.8571428571428572,0.0,1.0,1.40625,0.0,0.8333333333333334,0.25,0.0,1.1764705882352942,1.125
10992,1.8571428571428572,0.0,1.0,1.40625,0.0,0.8333333333333334,0.25,0.0,1.1764705882352942,1.125,1.2352941176470589
10993,0.0,1.0,1.40625,0.0,0.8333333333333334,0.25,0.0,1.1764705882352942,1.125,1.2352941176470589,0.3333333333333333
10994,1.0,1.40625,0.0,0.8333333333333334,0.25,0.0,1.1764705882352942,1.125,1.2352941176470589,0.3333333333333333,1.625
10995,1.40625,0.0,0.8333333333333334,0.25,0.0,1.1764705882352942,1.125,1.2352941176470589,0.3333333333333333,1.625,1.391304347826087
10996,0.0,0.8333333333333334,0.25,0.0,1.1764705882352942,1.125,1.2352941176470589,0.3333333333333333,1.625,1.391304347826087,0.8181818181818182
10997,0.8333333333333334,0.25,0.0,1.1764705882352942,1.125,1.2352941176470589,0.3333333333333333,1.625,1.391304347826087,0.8181818181818182,1.3125
10998,0.25,0.0,1.1764705882352942,1.125,1.2352941176470589,0.3333333333333333,1.625,1.391304347826087,0.8181818181818182,1.3125,1.3157894736842106
10999,0.0,1.1764705882352942,1.125,1.2352941176470589,0.3333333333333333,1.625,1.391304347826087,0.8181818181818182,1.3125,1.3157894736842106,1.105263157894737
11000,1.1764705882352942,1.125,1.2352941176470589,0.3333333333333333,1.625,1.391304347826087,0.8181818181818182,1.3125,1.3157894736842106,1.105263157894737,1.3076923076923077
11001,1.125,1.2352941176470589,0.3333333333333333,1.625,1.391304347826087,0.8181818181818182,1.3125,1.3157894736842106,1.105263157894737,1.3076923076923077,1.1935483870967742
11002,1.2352941176470589,0.3333333333333333,1.625,1.391304347826087,0.8181818181818182,1.3125,1.3157894736842106,1.105263157894737,1.3076923076923077,1.1935483870967742,1.3571428571428572
11003,0.3333333333333333,1.625,1.391304347826087,0.8181818181818182,1.3125,1.3157894736842106,1.105263157894737,1.3076923076923077,1.1935483870967742,1.3571428571428572,0.8571428571428571
11004,1.625,1.391304347826087,0.8181818181818182,1.3125,1.3157894736842106,1.105263157894737,1.3076923076923077,1.1935483870967742,1.3571428571428572,0.8571428571428571,0.0
11005,1.391304347826087,0.8181818181818182,1.3125,1.3157894736842106,1.105263157894737,1.3076923076923077,1.1935483870967742,1.3571428571428572,0.8571428571428571,0.0,0.0
11006,0.8181818181818182,1.3125,1.3157894736842106,1.105263157894737,1.3076923076923077,1.1935483870967742,1.3571428571428572,0.8571428571428571,0.0,0.0,1.2702702702702702
11007,1.3125,1.3157894736842106,1.105263157894737,1.3076923076923077,1.1935483870967742,1.3571428571428572,0.8571428571428571,0.0,0.0,1.2702702702702702,0.9411764705882353
11008,1.3157894736842106,1.105263157894737,1.3076923076923077,1.1935483870967742,1.3571428571428572,0.8571428571428571,0.0,0.0,1.2702702702702702,0.9411764705882353,1.1111111111111112
11009,1.105263157894737,1.3076923076923077,1.1935483870967742,1.3571428571428572,0.8571428571428571,0.0,0.0,1.2702702702702702,0.9411764705882353,1.1111111111111112,1.1515151515151516
11010,1.3076923076923077,1.1935483870967742,1.3571428571428572,0.8571428571428571,0.0,0.0,1.2702702702702702,0.9411764705882353,1.1111111111111112,1.1515151515151516,1.3529411764705883
11011,1.1935483870967742,1.3571428571428572,0.8571428571428571,0.0,0.0,1.2702702702702702,0.9411764705882353,1.1111111111111112,1.1515151515151516,1.3529411764705883,0.6785714285714286
11012,1.3571428571428572,0.8571428571428571,0.0,0.0,1.2702702702702702,0.9411764705882353,1.1111111111111112,1.1515151515151516,1.3529411764705883,0.6785714285714286,0.6666666666666666
11013,0.8571428571428571,0.0,0.0,1.2702702702702702,0.9411764705882353,1.1111111111111112,1.1515151515151516,1.3529411764705883,0.6785714285714286,0.6666666666666666,1.0625
11014,0.0,0.0,1.2702702702702702,0.9411764705882353,1.1111111111111112,1.1515151515151516,1.3529411764705883,0.6785714285714286,0.6666666666666666,1.0625,0.9827586206896551
11015,0.0,1.2702702702702702,0.9411764705882353,1.1111111111111112,1.1515151515151516,1.3529411764705883,0.6785714285714286,0.6666666666666666,1.0625,0.9827586206896551,0.3333333333333333
11016,1.2702702702702702,0.9411764705882353,1.1111111111111112,1.1515151515151516,1.3529411764705883,0.6785714285714286,0.6666666666666666,1.0625,0.9827586206896551,0.3333333333333333,0.0
11017,0.9411764705882353,1.1111111111111112,1.1515151515151516,1.3529411764705883,0.6785714285714286,0.6666666666666666,1.0625,0.9827586206896551,0.3333333333333333,0.0,1.5
11018,1.1111111111111112,1.1515151515151516,1.3529411764705883,0.6785714285714286,0.6666666666666666,1.0625,0.9827586206896551,0.3333333333333333,0.0,1.5,1.3333333333333333
11019,1.1515151515151516,1.3529411764705883,0.6785714285714286,0.6666666666666666,1.0625,0.9827586206896551,0.3333333333333333,0.0,1.5,1.3333333333333333,1.3214285714285714
11020,0.0,1.8,2.6666666666666665,0.6666666666666666,1.125,0.14285714285714285,2.2666666666666666,2.2666666666666666,2.5,0.6666666666666666,2.1333333333333333
11021,0.75,1.1428571428571428,1.2413793103448276,1.0666666666666667,1.3478260869565217,0.9444444444444444,0.0,0.8,0.9090909090909091,1.1842105263157894,1.0
11022,1.2727272727272727,0.45454545454545453,1.2702702702702702,1.8837209302325582,1.7,0.8333333333333334,0.16666666666666666,0.8666666666666667,0.84,0.6111111111111112,1.0
11023,0.45454545454545453,1.2702702702702702,1.8837209302325582,1.7,0.8333333333333334,0.16666666666666666,0.8666666666666667,0.84,0.6111111111111112,1.0,1.7894736842105263
11024,1.2702702702702702,1.8837209302325582,1.7,0.8333333333333334,0.16666666666666666,0.8666666666666667,0.84,0.6111111111111112,1.0,1.7894736842105263,1.0
11025,1.8837209302325582,1.7,0.8333333333333334,0.16666666666666666,0.8666666666666667,0.84,0.6111111111111112,1.0,1.7894736842105263,1.0,1.3333333333333333
11026,1.7,0.8333333333333334,0.16666666666666666,0.8666666666666667,0.84,0.6111111111111112,1.0,1.7894736842105263,1.0,1.3333333333333333,0.5714285714285714
11027,0.8333333333333334,0.16666666666666666,0.8666666666666667,0.84,0.6111111111111112,1.0,1.7894736842105263,1.0,1.3333333333333333,0.5714285714285714,0.0
11028,0.16666666666666666,0.8666666666666667,0.84,0.6111111111111112,1.0,1.7894736842105263,1.0,1.3333333333333333,0.5714285714285714,0.0,0.4
11029,0.8666666666666667,0.84,0.6111111111111112,1.0,1.7894736842105263,1.0,1.3333333333333333,0.5714285714285714,0.0,0.4,0.8888888888888888
11030,0.84,0.6111111111111112,1.0,1.7894736842105263,1.0,1.3333333333333333,0.5714285714285714,0.0,0.4,0.8888888888888888,1.9333333333333333
11031,0.6111111111111112,1.0,1.7894736842105263,1.0,1.3333333333333333,0.5714285714285714,0.0,0.4,0.8888888888888888,1.9333333333333333,2.0
11032,1.0,1.7894736842105263,1.0,1.3333333333333333,0.5714285714285714,0.0,0.4,0.8888888888888888,1.9333333333333333,2.0,0.5882352941176471
11033,1.7894736842105263,1.0,1.3333333333333333,0.5714285714285714,0.0,0.4,0.8888888888888888,1.9333333333333333,2.0,0.5882352941176471,2.3333333333333335
11034,1.0,1.3333333333333333,0.5714285714285714,0.0,0.4,0.8888888888888888,1.9333333333333333,2.0,0.5882352941176471,2.3333333333333335,2.5
11035,1.3333333333333333,0.5714285714285714,0.0,0.4,0.8888888888888888,1.9333333333333333,2.0,0.5882352941176471,2.3333333333333335,2.5,1.2058823529411764
11036,0.5714285714285714,0.0,0.4,0.8888888888888888,1.9333333333333333,2.0,0.5882352941176471,2.3333333333333335,2.5,1.2058823529411764,0.5
11037,0.0,0.4,0.8888888888888888,1.9333333333333333,2.0,0.5882352941176471,2.3333333333333335,2.5,1.2058823529411764,0.5,1.6875
11038,0.4,0.8888888888888888,1.9333333333333333,2.0,0.5882352941176471,2.3333333333333335,2.5,1.2058823529411764,0.5,1.6875,0.5
11039,0.8888888888888888,1.9333333333333333,2.0,0.5882352941176471,2.3333333333333335,2.5,1.2058823529411764,0.5,1.6875,0.5,1.84375
11040,1.9333333333333333,2.0,0.5882352941176471,2.3333333333333335,2.5,1.2058823529411764,0.5,1.6875,0.5,1.84375,1.8333333333333333
11041,2.0,0.5882352941176471,2.3333333333333335,2.5,1.2058823529411764,0.5,1.6875,0.5,1.84375,1.8333333333333333,1.5
11042,0.5882352941176471,2.3333333333333335,2.5,1.2058823529411764,0.5,1.6875,0.5,1.84375,1.8333333333333333,1.5,0.0
11043,2.3333333333333335,2.5,1.2058823529411764,0.5,1.6875,0.5,1.84375,1.8333333333333333,1.5,0.0,1.1764705882352942
11044,2.5,1.2058823529411764,0.5,1.6875,0.5,1.84375,1.8333333333333333,1.5,0.0,1.1764705882352942,0.8666666666666667
11045,1.2058823529411764,0.5,1.6875,0.5,1.84375,1.8333333333333333,1.5,0.0,1.1764705882352942,0.8666666666666667,0.5
11046,0.5,1.6875,0.5,1.84375,1.8333333333333333,1.5,0.0,1.1764705882352942,0.8666666666666667,0.5,0.8666666666666667
11047,1.6875,0.5,1.84375,1.8333333333333333,1.5,0.0,1.1764705882352942,0.8666666666666667,0.5,0.8666666666666667,0.3333333333333333
11048,0.5,1.84375,1.8333333333333333,1.5,0.0,1.1764705882352942,0.8666666666666667,0.5,0.8666666666666667,0.3333333333333333,0.7333333333333333
11049,1.84375,1.8333333333333333,1.5,0.0,1.1764705882352942,0.8666666666666667,0.5,0.8666666666666667,0.3333333333333333,0.7333333333333333,1.0
11050,1.8333333333333333,1.5,0.0,1.1764705882352942,0.8666666666666667,0.5,0.8666666666666667,0.3333333333333333,0.7333333333333333,1.0,1.1818181818181819
11051,1.5,0.0,1.1764705882352942,0.8666666666666667,0.5,0.8666666666666667,0.3333333333333333,0.7333333333333333,1.0,1.1818181818181819,2.5833333333333335
11052,0.0,1.1764705882352942,0.8666666666666667,0.5,0.8666666666666667,0.3333333333333333,0.7333333333333333,1.0,1.1818181818181819,2.5833333333333335,1.2307692307692308
11053,1.1764705882352942,0.8666666666666667,0.5,0.8666666666666667,0.3333333333333333,0.7333333333333333,1.0,1.1818181818181819,2.5833333333333335,1.2307692307692308,2.4
11054,0.8666666666666667,0.5,0.8666666666666667,0.3333333333333333,0.7333333333333333,1.0,1.1818181818181819,2.5833333333333335,1.2307692307692308,2.4,1.6
11055,0.5,0.8666666666666667,0.3333333333333333,0.7333333333333333,1.0,1.1818181818181819,2.5833333333333335,1.2307692307692308,2.4,1.6,1.8181818181818181
11056,0.8666666666666667,0.3333333333333333,0.7333333333333333,1.0,1.1818181818181819,2.5833333333333335,1.2307692307692308,2.4,1.6,1.8181818181818181,1.21875
11057,0.3333333333333333,0.7333333333333333,1.0,1.1818181818181819,2.5833333333333335,1.2307692307692308,2.4,1.6,1.8181818181818181,1.21875,0.1111111111111111
11058,0.7333333333333333,1.0,1.1818181818181819,2.5833333333333335,1.2307692307692308,2.4,1.6,1.8181818181818181,1.21875,0.1111111111111111,1.25
11059,1.0,1.1818181818181819,2.5833333333333335,1.2307692307692308,2.4,1.6,1.8181818181818181,1.21875,0.1111111111111111,1.25,1.5714285714285714
11060,1.1818181818181819,2.5833333333333335,1.2307692307692308,2.4,1.6,1.8181818181818181,1.21875,0.1111111111111111,1.25,1.5714285714285714,2.0
11061,2.5833333333333335,1.2307692307692308,2.4,1.6,1.8181818181818181,1.21875,0.1111111111111111,1.25,1.5714285714285714,2.0,1.6923076923076923
11062,1.2307692307692308,2.4,1.6,1.8181818181818181,1.21875,0.1111111111111111,1.25,1.5714285714285714,2.0,1.6923076923076923,1.3928571428571428
11063,2.4,1.6,1.8181818181818181,1.21875,0.1111111111111111,1.25,1.5714285714285714,2.0,1.6923076923076923,1.3928571428571428,2.0
11064,1.6,1.8181818181818181,1.21875,0.1111111111111111,1.25,1.5714285714285714,2.0,1.6923076923076923,1.3928571428571428,2.0,1.3636363636363635
11065,1.8181818181818181,1.21875,0.1111111111111111,1.25,1.5714285714285714,2.0,1.6923076923076923,1.3928571428571428,2.0,1.3636363636363635,1.375
11066,1.21875,0.1111111111111111,1.25,1.5714285714285714,2.0,1.6923076923076923,1.3928571428571428,2.0,1.3636363636363635,1.375,1.2
11067,0.1111111111111111,1.25,1.5714285714285714,2.0,1.6923076923076923,1.3928571428571428,2.0,1.3636363636363635,1.375,1.2,1.6
11068,1.25,1.5714285714285714,2.0,1.6923076923076923,1.3928571428571428,2.0,1.3636363636363635,1.375,1.2,1.6,1.2962962962962963
11069,1.5714285714285714,2.0,1.6923076923076923,1.3928571428571428,2.0,1.3636363636363635,1.375,1.2,1.6,1.2962962962962963,1.1666666666666667
11070,2.0,1.6923076923076923,1.3928571428571428,2.0,1.3636363636363635,1.375,1.2,1.6,1.2962962962962963,1.1666666666666667,1.0
11071,1.6923076923076923,1.3928571428571428,2.0,1.3636363636363635,1.375,1.2,1.6,1.2962962962962963,1.1666666666666667,1.0,2.076923076923077
11072,1.3928571428571428,2.0,1.3636363636363635,1.375,1.2,1.6,1.2962962962962963,1.1666666666666667,1.0,2.076923076923077,0.8
11073,2.0,1.3636363636363635,1.375,1.2,1.6,1.2962962962962963,1.1666666666666667,1.0,2.076923076923077,0.8,0.8571428571428571
11074,1.3636363636363635,1.375,1.2,1.6,1.2962962962962963,1.1666666666666667,1.0,2.076923076923077,0.8,0.8571428571428571,0.6666666666666666
11075,1.375,1.2,1.6,1.2962962962962963,1.1666666666666667,1.0,2.076923076923077,0.8,0.8571428571428571,0.6666666666666666,1.0
11076,1.2,1.6,1.2962962962962963,1.1666666666666667,1.0,2.076923076923077,0.8,0.8571428571428571,0.6666666666666666,1.0,0.8611111111111112
11077,1.6,1.2962962962962963,1.1666666666666667,1.0,2.076923076923077,0.8,0.8571428571428571,0.6666666666666666,1.0,0.8611111111111112,0.0
11078,1.2962962962962963,1.1666666666666667,1.0,2.076923076923077,0.8,0.8571428571428571,0.6666666666666666,1.0,0.8611111111111112,0.0,2.0
11079,1.1666666666666667,1.0,2.076923076923077,0.8,0.8571428571428571,0.6666666666666666,1.0,0.8611111111111112,0.0,2.0,0.6666666666666666
11080,1.0,2.076923076923077,0.8,0.8571428571428571,0.6666666666666666,1.0,0.8611111111111112,0.0,2.0,0.6666666666666666,1.35
11081,2.076923076923077,0.8,0.8571428571428571,0.6666666666666666,1.0,0.8611111111111112,0.0,2.0,0.6666666666666666,1.35,1.75
11082,0.8,0.8571428571428571,0.6666666666666666,1.0,0.8611111111111112,0.0,2.0,0.6666666666666666,1.35,1.75,2.375
11083,0.8571428571428571,0.6666666666666666,1.0,0.8611111111111112,0.0,2.0,0.6666666666666666,1.35,1.75,2.375,1.0
11084,0.6666666666666666,1.0,0.8611111111111112,0.0,2.0,0.6666666666666666,1.35,1.75,2.375,1.0,0.75
11085,1.0,0.8611111111111112,0.0,2.0,0.6666666666666666,1.35,1.75,2.375,1.0,0.75,1.5555555555555556
11086,0.8611111111111112,0.0,2.0,0.6666666666666666,1.35,1.75,2.375,1.0,0.75,1.5555555555555556,0.7647058823529411
11087,0.0,2.0,0.6666666666666666,1.35,1.75,2.375,1.0,0.75,1.5555555555555556,0.7647058823529411,1.0
11088,2.0,0.6666666666666666,1.35,1.75,2.375,1.0,0.75,1.5555555555555556,0.7647058823529411,1.0,1.0909090909090908
11089,0.6666666666666666,1.35,1.75,2.375,1.0,0.75,1.5555555555555556,0.7647058823529411,1.0,1.0909090909090908,1.3846153846153846
11090,1.35,1.75,2.375,1.0,0.75,1.5555555555555556,0.7647058823529411,1.0,1.0909090909090908,1.3846153846153846,1.2553191489361701
11091,1.75,2.375,1.0,0.75,1.5555555555555556,0.7647058823529411,1.0,1.0909090909090908,1.3846153846153846,1.2553191489361701,1.4
11092,2.375,1.0,0.75,1.5555555555555556,0.7647058823529411,1.0,1.0909090909090908,1.3846153846153846,1.2553191489361701,1.4,1.6666666666666667
11093,1.0,0.75,1.5555555555555556,0.7647058823529411,1.0,1.0909090909090908,1.3846153846153846,1.2553191489361701,1.4,1.6666666666666667,1.0
11094,0.75,1.5555555555555556,0.7647058823529411,1.0,1.0909090909090908,1.3846153846153846,1.2553191489361701,1.4,1.6666666666666667,1.0,0.375
11095,1.5555555555555556,0.7647058823529411,1.0,1.0909090909090908,1.3846153846153846,1.2553191489361701,1.4,1.6666666666666667,1.0,0.375,1.1290322580645162
11096,0.7647058823529411,1.0,1.0909090909090908,1.3846153846153846,1.2553191489361701,1.4,1.6666666666666667,1.0,0.375,1.1290322580645162,0.6521739130434783
11097,1.0,1.0909090909090908,1.3846153846153846,1.2553191489361701,1.4,1.6666666666666667,1.0,0.375,1.1290322580645162,0.6521739130434783,0.375
11098,1.0909090909090908,1.3846153846153846,1.2553191489361701,1.4,1.6666666666666667,1.0,0.375,1.1290322580645162,0.6521739130434783,0.375,1.0
11099,1.3846153846153846,1.2553191489361701,1.4,1.6666666666666667,1.0,0.375,1.1290322580645162,0.6521739130434783,0.375,1.0,0.5
11100,1.2553191489361701,1.4,1.6666666666666667,1.0,0.375,1.1290322580645162,0.6521739130434783,0.375,1.0,0.5,1.25
11101,1.4,1.6666666666666667,1.0,0.375,1.1290322580645162,0.6521739130434783,0.375,1.0,0.5,1.25,0.42857142857142855
11102,1.6666666666666667,1.0,0.375,1.1290322580645162,0.6521739130434783,0.375,1.0,0.5,1.25,0.42857142857142855,0.5714285714285714
11103,1.0,0.375,1.1290322580645162,0.6521739130434783,0.375,1.0,0.5,1.25,0.42857142857142855,0.5714285714285714,1.736842105263158
11104,0.375,1.1290322580645162,0.6521739130434783,0.375,1.0,0.5,1.25,0.42857142857142855,0.5714285714285714,1.736842105263158,1.5757575757575757
11105,1.1290322580645162,0.6521739130434783,0.375,1.0,0.5,1.25,0.42857142857142855,0.5714285714285714,1.736842105263158,1.5757575757575757,1.4705882352941178
11106,0.6521739130434783,0.375,1.0,0.5,1.25,0.42857142857142855,0.5714285714285714,1.736842105263158,1.5757575757575757,1.4705882352941178,1.4
11107,0.375,1.0,0.5,1.25,0.42857142857142855,0.5714285714285714,1.736842105263158,1.5757575757575757,1.4705882352941178,1.4,0.0
11108,1.0,0.5,1.25,0.42857142857142855,0.5714285714285714,1.736842105263158,1.5757575757575757,1.4705882352941178,1.4,0.0,0.7333333333333333
11109,0.5,1.25,0.42857142857142855,0.5714285714285714,1.736842105263158,1.5757575757575757,1.4705882352941178,1.4,0.0,0.7333333333333333,0.5
11110,1.25,0.42857142857142855,0.5714285714285714,1.736842105263158,1.5757575757575757,1.4705882352941178,1.4,0.0,0.7333333333333333,0.5,1.1515151515151516
11111,0.42857142857142855,0.5714285714285714,1.736842105263158,1.5757575757575757,1.4705882352941178,1.4,0.0,0.7333333333333333,0.5,1.1515151515151516,1.690909090909091
11112,0.5714285714285714,1.736842105263158,1.5757575757575757,1.4705882352941178,1.4,0.0,0.7333333333333333,0.5,1.1515151515151516,1.690909090909091,1.2352941176470589
11113,1.736842105263158,1.5757575757575757,1.4705882352941178,1.4,0.0,0.7333333333333333,0.5,1.1515151515151516,1.690909090909091,1.2352941176470589,1.4
11114,1.5757575757575757,1.4705882352941178,1.4,0.0,0.7333333333333333,0.5,1.1515151515151516,1.690909090909091,1.2352941176470589,1.4,1.0
11115,1.4705882352941178,1.4,0.0,0.7333333333333333,0.5,1.1515151515151516,1.690909090909091,1.2352941176470589,1.4,1.0,0.9565217391304348
11116,1.4,0.0,0.7333333333333333,0.5,1.1515151515151516,1.690909090909091,1.2352941176470589,1.4,1.0,0.9565217391304348,1.5625
11117,0.0,0.7333333333333333,0.5,1.1515151515151516,1.690909090909091,1.2352941176470589,1.4,1.0,0.9565217391304348,1.5625,0.4
11118,0.7333333333333333,0.5,1.1515151515151516,1.690909090909091,1.2352941176470589,1.4,1.0,0.9565217391304348,1.5625,0.4,1.0588235294117647
11119,0.5,1.1515151515151516,1.690909090909091,1.2352941176470589,1.4,1.0,0.9565217391304348,1.5625,0.4,1.0588235294117647,0.0
11120,1.1515151515151516,1.690909090909091,1.2352941176470589,1.4,1.0,0.9565217391304348,1.5625,0.4,1.0588235294117647,0.0,2.1538461538461537
11121,1.690909090909091,1.2352941176470589,1.4,1.0,0.9565217391304348,1.5625,0.4,1.0588235294117647,0.0,2.1538461538461537,1.6666666666666667
11122,1.2352941176470589,1.4,1.0,0.9565217391304348,1.5625,0.4,1.0588235294117647,0.0,2.1538461538461537,1.6666666666666667,0.967741935483871
11123,1.4,1.0,0.9565217391304348,1.5625,0.4,1.0588235294117647,0.0,2.1538461538461537,1.6666666666666667,0.967741935483871,1.6363636363636365
11124,1.0,0.9565217391304348,1.5625,0.4,1.0588235294117647,0.0,2.1538461538461537,1.6666666666666667,0.967741935483871,1.6363636363636365,0.8571428571428571
11125,0.9565217391304348,1.5625,0.4,1.0588235294117647,0.0,2.1538461538461537,1.6666666666666667,0.967741935483871,1.6363636363636365,0.8571428571428571,0.42857142857142855
11126,1.5625,0.4,1.0588235294117647,0.0,2.1538461538461537,1.6666666666666667,0.967741935483871,1.6363636363636365,0.8571428571428571,0.42857142857142855,1.3181818181818181
11127,0.4,1.0588235294117647,0.0,2.1538461538461537,1.6666666666666667,0.967741935483871,1.6363636363636365,0.8571428571428571,0.42857142857142855,1.3181818181818181,1.375
11128,1.0588235294117647,0.0,2.1538461538461537,1.6666666666666667,0.967741935483871,1.6363636363636365,0.8571428571428571,0.42857142857142855,1.3181818181818181,1.375,1.5789473684210527
11129,0.0,2.1538461538461537,1.6666666666666667,0.967741935483871,1.6363636363636365,0.8571428571428571,0.42857142857142855,1.3181818181818181,1.375,1.5789473684210527,1.125
11130,2.1538461538461537,1.6666666666666667,0.967741935483871,1.6363636363636365,0.8571428571428571,0.42857142857142855,1.3181818181818181,1.375,1.5789473684210527,1.125,1.1
11131,1.6666666666666667,0.967741935483871,1.6363636363636365,0.8571428571428571,0.42857142857142855,1.3181818181818181,1.375,1.5789473684210527,1.125,1.1,1.0
11132,0.967741935483871,1.6363636363636365,0.8571428571428571,0.42857142857142855,1.3181818181818181,1.375,1.5789473684210527,1.125,1.1,1.0,1.9230769230769231
11133,1.6363636363636365,0.8571428571428571,0.42857142857142855,1.3181818181818181,1.375,1.5789473684210527,1.125,1.1,1.0,1.9230769230769231,1.393939393939394
11134,0.8571428571428571,0.42857142857142855,1.3181818181818181,1.375,1.5789473684210527,1.125,1.1,1.0,1.9230769230769231,1.393939393939394,1.6956521739130435
11135,0.42857142857142855,1.3181818181818181,1.375,1.5789473684210527,1.125,1.1,1.0,1.9230769230769231,1.393939393939394,1.6956521739130435,1.5
11136,1.3181818181818181,1.375,1.5789473684210527,1.125,1.1,1.0,1.9230769230769231,1.393939393939394,1.6956521739130435,1.5,1.173913043478261
11137,1.375,1.5789473684210527,1.125,1.1,1.0,1.9230769230769231,1.393939393939394,1.6956521739130435,1.5,1.173913043478261,0.0
11138,1.5789473684210527,1.125,1.1,1.0,1.9230769230769231,1.393939393939394,1.6956521739130435,1.5,1.173913043478261,0.0,0.0
11139,1.125,1.1,1.0,1.9230769230769231,1.393939393939394,1.6956521739130435,1.5,1.173913043478261,0.0,0.0,0.7142857142857143
11140,1.1,1.0,1.9230769230769231,1.393939393939394,1.6956521739130435,1.5,1.173913043478261,0.0,0.0,0.7142857142857143,1.0
11141,1.0,1.9230769230769231,1.393939393939394,1.6956521739130435,1.5,1.173913043478261,0.0,0.0,0.7142857142857143,1.0,2.169811320754717
11142,1.9230769230769231,1.393939393939394,1.6956521739130435,1.5,1.173913043478261,0.0,0.0,0.7142857142857143,1.0,2.169811320754717,1.1754385964912282
11143,1.393939393939394,1.6956521739130435,1.5,1.173913043478261,0.0,0.0,0.7142857142857143,1.0,2.169811320754717,1.1754385964912282,1.4090909090909092
11144,1.6956521739130435,1.5,1.173913043478261,0.0,0.0,0.7142857142857143,1.0,2.169811320754717,1.1754385964912282,1.4090909090909092,1.288888888888889
11145,1.5,1.173913043478261,0.0,0.0,0.7142857142857143,1.0,2.169811320754717,1.1754385964912282,1.4090909090909092,1.288888888888889,1.6666666666666667
11146,1.25,0.42857142857142855,1.1111111111111112,1.5,1.0,0.4,3.0,1.4285714285714286,2.0,1.4545454545454546,1.4166666666666667
11147,0.42857142857142855,1.1111111111111112,1.5,1.0,0.4,3.0,1.4285714285714286,2.0,1.4545454545454546,1.4166666666666667,0.875
11148,1.1111111111111112,1.5,1.0,0.4,3.0,1.4285714285714286,2.0,1.4545454545454546,1.4166666666666667,0.875,1.6666666666666667
11149,1.5,1.0,0.4,3.0,1.4285714285714286,2.0,1.4545454545454546,1.4166666666666667,0.875,1.6666666666666667,0.7142857142857143
11150,1.0,0.4,3.0,1.4285714285714286,2.0,1.4545454545454546,1.4166666666666667,0.875,1.6666666666666667,0.7142857142857143,0.0
11151,0.4,3.0,1.4285714285714286,2.0,1.4545454545454546,1.4166666666666667,0.875,1.6666666666666667,0.7142857142857143,0.0,1.8235294117647058
11152,3.0,1.4285714285714286,2.0,1.4545454545454546,1.4166666666666667,0.875,1.6666666666666667,0.7142857142857143,0.0,1.8235294117647058,0.6666666666666666
